Tweet_ID,Sentiment_Label,Probability_pos
1402656734028632067,negative,0.001539586799110219
1402656734435553286,negative,0.00016003918427145072
1402656734460755975,negative,0.0005646203463424606
1402656734464839688,neutral,0.6415720835242591
1402656734473228296,negative,0.2233618117495107
1402656734490116097,negative,0.01657852312272216
1402656734540402693,negative,0.006605716171718235
1402656734771023875,negative,0.01774547114476604
1402656734884233221,positive,0.7188190555709756
1402656734947151872,negative,2.7403433016022153e-05
1402656735802822658,negative,0.0014821215910683515
1402656735874064390,negative,0.00020085167025737626
1402656736281088002,negative,0.08587991134659725
1402656736364818435,negative,0.0011548208407915752
1402656736381603841,negative,0.012144679733665826
1402656736524206087,negative,0.13320495340068214
1402656736557797380,negative,0.004912954358507565
1402656736729698307,negative,0.1378866883315872
1402656736771817473,negative,0.004427552959598251
1402656736801038336,negative,0.005087089462406101
1402656737090584578,positive,0.8122869640975685
1402656740085170177,negative,0.04871350524565638
1402656740328427522,negative,0.0010118001518363028
1402656740571684865,negative,0.03903211990704547
1402656740651409411,negative,7.2184793752874676e-06
1402656740722757635,neutral,0.4237618238998813
1402656740815015939,negative,0.0013825007406023106
1402656741062438924,negative,1.1327957973976785e-05
1402656741154754560,negative,0.08400202186791535
1402656741255487488,negative,4.933772158346968e-05
1402656744522665988,negative,3.13241386559155e-08
1402656744631795718,negative,0.23568651887278078
1402656744648495108,negative,0.027660547962411408
1402656744711536640,neutral,0.5832635849843021
1402656744753479684,negative,0.0006032500182648815
1402656744786980867,positive,0.7941091956430226
1402656744908615682,negative,0.00033674554777682054
1402656745084702729,positive,0.6700635308860724
1402656745109917704,positive,0.9030358698336007
1402656745579716611,negative,0.000291005580593573
1402656748603850759,negative,0.2277701732767644
1402656748679352321,negative,0.06085789804853742
1402656748817686534,negative,0.00048321243877174
1402656749300207621,negative,0.019893518750664762
1402656749384044553,negative,3.438709087578497e-05
1402656750008999936,negative,0.00019899615345773472
1402656750319321090,negative,0.00022158512840436952
1402656750688428035,negative,0.2984178008942282
1402656750764007427,negative,0.010981584179397725
1402656751384674307,negative,6.052416497808841e-11
1402656751552536578,negative,0.07410266566307742
1402656752982802433,negative,0.1765349760797645
1402656754484363266,negative,0.1791256613821472
1402656755432275974,negative,0.002354310849354029
1402656755784552448,neutral,0.5298631573776782
1402656755893641216,negative,0.013116520786631572
1402656756346597377,negative,0.0680835571045405
1402656758636630020,negative,0.002943828468135052
1402656759806926850,negative,0.018785680214339323
1402656759823618049,neutral,0.6450906080214386
1402656762629480460,negative,0.06305009610400324
1402656763833356291,negative,0.043427981168024356
1402656763896381441,negative,0.018901704344843742
1402656764185698315,negative,0.054754454741963395
1402656764403884038,negative,0.09697376689479932
1402656764433244162,negative,0.03584041049017004
1402656764571574272,negative,5.0243950431496524e-08
1402656765515272192,negative,0.02434276765215391
1402656767155265543,negative,0.011761046093249485
1402656767578980355,negative,0.05077761273775463
1402656767809622020,negative,0.25713377043441715
1402656768317083648,negative,0.02540365867735426
1402656769155891203,negative,0.00012838608874010142
1402656769575358471,neutral,0.5130605840822943
1402656772326932486,negative,0.0009422936294427413
1402656773312585730,negative,1.715181741330721e-09
1402656776059715597,negative,0.012723002037431924
1402656776164724736,negative,1.76327100722043e-12
1402656777188032522,negative,0.25713377043441715
1402656778064646153,neutral,0.37613281431482276
1402656778458968064,negative,0.0003210870568693688
1402656779172036622,neutral,0.3527989440176207
1402656781365616640,negative,0.00015248088686033515
1402656781956964357,negative,0.00046156971735515764
1402656784159027203,negative,0.000316682794847643
1402656784230359051,negative,1.2450139509251578e-05
1402656784796557312,negative,0.19716825112645642
1402656785295609861,negative,0.2229786922553493
1402656785958375425,negative,0.0003248079815632689
1402656786109378570,neutral,0.33402218903110614
1402656786474225664,negative,0.01021544763081085
1402656786914680835,negative,0.06085789804853742
1402656787321458694,negative,0.08141273912907665
1402656788156227589,negative,0.0038450451296255343
1402656788349132801,negative,1.044721142571693e-09
1402656789175455758,neutral,0.5997913536938321
1402656791016755200,negative,0.016773563954142343
1402656791712968712,negative,0.0039529982928059116
1402656792191066119,negative,0.18276026940418977
1402656794321825797,negative,2.732206285577361e-06
1402656794602844163,negative,1.715181741330721e-09
1402656795101958145,negative,0.0536254764674253
1402656795932475395,negative,0.0009049182743350077
1402656797199110146,neutral,0.42552877022284125
1402656797320781835,neutral,0.6450906080214386
1402656798046314496,negative,6.685573462465845e-11
1402656798960726022,negative,5.755394650153462e-05
1402656799556263941,negative,0.0009466437795502501
1402656801519190019,negative,0.07692305733799704
1402656803243057164,negative,0.07647643406049638
1402656803347968002,negative,0.02545445313493427
1402656804321087491,negative,0.0005752378952485624
1402656805306646538,negative,0.019069234147858133
1402656805621309445,negative,4.6259140783713025e-06
1402656807613566976,negative,1.5625714471207383e-05
1402656807831707654,negative,3.678627853696464e-09
1402656808217550858,positive,0.9255481950387161
1402656809647738882,negative,0.0023607884620746645
1402656809987592199,negative,0.028357826888845077
1402656810360791042,negative,0.018087118226875042
1402656812546076679,negative,0.19311067094070053
1402656813837869063,negative,0.034471840239761097
1402656813930225669,negative,0.11877904571064983
1402656815909855239,negative,0.0014524534482215903
1402656816757084162,negative,0.0023771061188909855
1402656817113538560,negative,0.001875745196006649
1402656818481016841,negative,0.31251327812974533
1402656818778738691,negative,0.013767034408337927
1402656819311480834,positive,0.99998676122136
1402656820947308547,negative,0.000469458907657667
1402656821295386625,negative,0.046177314466715864
1402656821727404035,neutral,0.33968790282220235
1402656825238077442,negative,0.00041902147601373895
1402656825351315460,negative,0.005380281772344414
1402656825699454979,negative,0.2532764644244443
1402656826676678659,negative,0.006683188805047508
1402656826731253760,negative,0.0012718617097049988
1402656826831912963,negative,0.04005590844156912
1402656827444273156,negative,0.05912331902078133
1402656828446724099,negative,0.08761915455448172
1402656829201657859,negative,0.2539580519796672
1402656829470035982,negative,0.0001276587221845306
1402656829834993665,negative,0.00011364139470307084
1402656830115962880,negative,0.023273224491192894
1402656830787104770,negative,0.003029218062106838
1402656831219109892,negative,0.00015248088686033515
1402656831286173698,negative,6.0246006261078535e-05
1402656832905269255,negative,0.015210808073960917
1402656833001738247,negative,0.017443764434759527
1402656835979595786,negative,0.27239048562015555
1402656835983773697,neutral,0.46127768308170247
1402656837074305031,negative,5.5460148343358816e-12
1402656839536349194,positive,0.8276188485909708
1402656839725158401,negative,0.00012035089661467329
1402656840865943553,negative,5.755394650153462e-05
1402656842916974593,neutral,0.5432612801915924
1402656843613102086,negative,0.05128388920630159
1402656844074598415,negative,0.015369146985407476
1402656844951265285,negative,0.0029967809050229213
1402656846666739720,negative,2.8009625320046366e-06
1402656846821871624,neutral,0.4392838202975367
1402656848520564745,negative,5.22858144370336e-07
1402656848549978114,negative,0.2594632594324211
1402656849640443904,positive,0.9161244451393431
1402656851309760519,negative,0.01762261932201017
1402656853201461248,negative,0.027423665592793158
1402656858410729476,negative,0.027295318088104346
1402656863552872449,negative,0.06085789804853742
1402656864203120642,negative,0.0031897289175183024
1402656864257576964,negative,0.00017941002379476525
1402656866480558084,negative,0.14472704531951489
1402656866539294723,negative,0.07169341567141325
1402656869269790723,neutral,0.3403391890910929
1402656869643173888,negative,0.1789835702755439
1402656869722824712,negative,0.008933999713587767
1402656873547960323,negative,0.10659998454991694
1402656873808109573,negative,0.0028235571390562053
1402656876068753418,negative,0.0648904979268345
1402656876270133254,negative,0.011018434443540809
1402656876291047427,negative,0.3076768809080369
1402656877234823176,negative,1.9723698341785997e-05
1402656878375624704,negative,0.10881103042868093
1402656878837088257,negative,0.06085789804853742
1402656879264870401,negative,9.290609379547144e-05
1402656880984477704,neutral,0.505992156293523
1402656881911513089,negative,0.007175593403626744
1402656881991163905,neutral,0.505992156293523
1402656883572457472,negative,5.573663087343217e-06
1402656883970822153,negative,6.871304733850637e-15
1402656884436439045,negative,0.22848119836738204
1402656886541926402,negative,0.24617001669634506
1402656887506718727,neutral,0.4012348264375637
1402656887871524866,negative,0.00015248088686033515
1402656889704370176,negative,0.008790224225296468
1402656890400686080,negative,0.3121694972847223
1402656890681794564,negative,0.02816074361171266
1402656892074315776,negative,6.771208022056964e-05
1402656893982609409,negative,0.11251948525914124
1402656895048077314,negative,0.004503006993703149
1402656896146886667,neutral,0.4674843577628381
1402656897426198530,negative,0.0007617261025850532
1402656903944146953,negative,0.0022271989287520814
1402656904027983872,negative,0.03924276866404476
1402656904476758019,neutral,0.41073701580429056
1402656906490134534,negative,4.0530788740258016e-05
1402656908163616768,negative,0.11710678805502496
1402656909702881281,negative,0.004000945207039403
1402656910814466058,neutral,0.6256471601767044
1402656911380684807,negative,0.0009466437795502501
1402656913687560195,negative,0.09089739463017658
1402656915189112832,negative,0.0009466437795502501
1402656916787040262,negative,0.026726474842767915
1402656916975894528,negative,0.0007866886963829529
1402656918452248580,negative,0.21711018991749798
1402656918456393738,negative,0.0013050264392895357
1402656919454633996,negative,0.32629394730455663
1402656920759046149,negative,0.2022116893880138
1402656921161715713,negative,0.2022116893880138
1402656921446924291,negative,9.41502200859422e-06
1402656921778364418,negative,0.09432897687466439
1402656923426734086,negative,1.5134501558151107e-06
1402656923602784260,negative,0.32629394730455663
1402656924408205325,negative,0.23070106196726872
1402656925523877907,neutral,0.4147342023902695
1402656927189016577,negative,0.09377763259991106
1402656928493453313,negative,0.006014408157578684
1402656932914139137,negative,2.596302652336512e-09
1402656934088560649,negative,2.7018595772276752e-05
1402656934499700748,negative,0.31507469212259176
1402656934872879104,neutral,0.655450136834394
1402656934898065421,negative,0.0004910550935045356
1402656936848470016,negative,0.04184039648161478
1402656936852606986,negative,4.6259140783713025e-06
1402656937200783367,negative,0.0001713277581890737
1402656940170358786,negative,6.781528869904338e-06
1402656940262572033,negative,2.1449042302717276e-06
1402656940497453060,negative,0.001774636389381076
1402656942628220938,negative,0.08238496171133237
1402656943706193928,negative,1.8680517263380284e-06
1402656944742150151,negative,0.2411171381745548
1402656946176548864,negative,0.0007261130686517568
1402656947174838273,negative,2.9327111607344983e-07
1402656948600836099,negative,3.781235637054854e-07
1402656949045497860,negative,0.005305908211397978
1402656950584815629,negative,0.00015248088686033515
1402656952430194696,negative,0.2692963416579097
1402656952933662721,negative,0.10470891443198739
1402656953000660992,negative,2.2096140318134173e-06
1402656953281699846,negative,0.029114281870743535
1402656953483026436,negative,2.1009803857411633e-06
1402656953634103302,negative,0.07379963277091922
1402656954766565378,negative,0.17602321596630138
1402656954896486404,negative,1.6056473366064882e-05
1402656955731165187,negative,0.09499809338374483
1402656956045840386,neutral,0.35862011860056875
1402656956804866050,neutral,0.49789225920557484
1402656956842754055,negative,1.9130901701073645e-05
1402656957757104129,negative,1.031641079037495e-06
1402656957903814657,negative,0.2812124665127172
1402656958289747969,negative,0.04278662643021916
1402656960638500873,negative,0.0039529982928059116
1402656961838059527,negative,0.01120047375397618
1402656962224009216,negative,2.1556145505220686e-06
1402656963452932106,negative,4.670084278607864e-10
1402656965411618819,negative,0.015653821454989753
1402656965785010176,negative,1.9677462627082933e-10
1402656966552530946,negative,0.06098369733192535
1402656967840223237,negative,0.04496977802988854
1402656969270378501,negative,0.06085789804853742
1402656969794727942,negative,0.15060517671467383
1402656971237515264,negative,5.6178561149954374e-05
1402656971585736705,negative,7.583089917967197e-15
1402656972521066505,neutral,0.577913557387514
1402656975972929538,negative,2.722764794090638e-07
1402656976039972870,negative,0.09063579499909426
1402656977969422337,negative,0.3029968537174699
1402656978124607491,negative,2.732206285577361e-06
1402656979441569792,negative,0.036018053067549405
1402656980301459458,negative,0.007008275262967404
1402656980456587270,negative,3.924779115090518e-08
1402656980980932610,negative,0.027827477904012368
1402656981735940100,negative,0.016345330864434522
1402656983803650060,negative,0.016867301834429874
1402656984466440201,neutral,0.46127768308170247
1402656984650878978,negative,0.21433552074450707
1402656986106376194,negative,0.0007848476458267356
1402656986219663369,negative,4.019510457792859e-06
1402656986454441991,negative,0.10989455301564326
1402656986718736392,negative,0.0005082470714279558
1402656986743939074,positive,0.7027454221873815
1402656987238785030,negative,0.09089739463017658
1402656987368902663,negative,0.09063579499909426
1402656988325154819,positive,0.8125129052313472
1402656988408975360,negative,0.07738545947661163
1402656988681625611,neutral,0.568440926224993
1402656988870414343,negative,6.932390577271214e-06
1402656989839253505,negative,0.00022474385158632174
1402656991131181059,negative,0.19311067094070053
1402656991340908545,negative,0.011375431947962407
1402656991630311430,negative,0.041541310691785155
1402656993932886017,negative,0.03768944880100064
1402656994050330630,negative,0.00014980108987003388
1402656995132514311,negative,0.08154071556995883
1402656995342274564,neutral,0.577913557387514
1402656996923486216,negative,0.002244874623491347
1402656998282440710,negative,0.0345679522218315
1402657000320872458,negative,0.000352801644723791
1402657000689999878,positive,0.6877996462992827
1402657001847590913,negative,0.002244874623491347
1402657002157903874,neutral,0.3569334510025532
1402657003063894024,negative,0.002932643993099518
1402657003592458240,negative,1.1236735921209878e-05
1402657003902808067,negative,0.0036707903454162695
1402657004900950016,negative,0.06085789804853742
1402657005198884865,negative,0.0009038890221231026
1402657007165919237,negative,0.09063579499909426
1402657008042582021,negative,0.025101731299804055
1402657009162506242,negative,0.00015248088686033515
1402657009686753281,negative,0.0016346420675831604
1402657009867145216,negative,1.0211166313964493e-06
1402657009942532101,negative,0.19311067094070053
1402657010429186049,negative,0.3079211287249981
1402657012350132229,negative,0.01764344455145782
1402657012928946183,neutral,0.5630410866502906
1402657013084176387,negative,0.00042148818179055865
1402657014090764296,negative,0.032443757335781045
1402657015441334273,negative,0.29653026351758854
1402657015852421131,negative,0.1328454504017054
1402657016074678274,negative,0.2824757535306346
1402657016649289728,negative,2.732206285577361e-06
1402657017777565699,negative,0.021347880299376613
1402657018721280002,negative,0.0003930691160318671
1402657020470304774,negative,0.2782434749562126
1402657020717715464,negative,0.013912555892123256
1402657020923293700,negative,0.05581963626547473
1402657024823992327,negative,0.034818523621319174
1402657025687961600,negative,0.0001708335969481792
1402657026426146816,negative,5.89076572604806e-05
1402657027004973067,negative,0.0037473903664601202
1402657027873255432,negative,1.715181741330721e-09
1402657028053549056,negative,2.0781034797734407e-06
1402657030687576065,negative,0.20168870812496728
1402657031513849856,negative,0.0008074754604902396
1402657031832707077,neutral,0.4507454498615163
1402657034122706950,negative,0.022482443393720904
1402657035091591171,negative,0.06098369733192535
1402657035167088641,negative,4.229418783506657e-08
1402657036307943428,negative,5.929009339148789e-07
1402657040082903041,negative,0.0009771318876360604
1402657040468697092,negative,0.19311067094070053
1402657042729426947,negative,0.005635049691666576
1402657044969181188,negative,0.07259394147788527
1402657045137002496,negative,0.000875766500992276
1402657046638563330,negative,0.2603125709300031
1402657046969913349,negative,0.08104912684708733
1402657047490052097,negative,0.0024969851727082754
1402657047523516418,negative,2.1556145505220686e-06
1402657048014245891,negative,1.715181741330721e-09
1402657048194596864,negative,0.06085789804853742
1402657051382267907,negative,0.03865664213662935
1402657051407495170,negative,3.167671172775253e-07
1402657051654959108,negative,0.20986667574712015
1402657051680124940,negative,0.1745756049855849
1402657051847933955,negative,1.2423524202800227e-06
1402657052699381765,negative,5.481552785238964e-07
1402657055337549827,negative,0.004364300605866152
1402657055811555337,negative,0.09089739463017658
1402657056142893061,negative,0.00015248088686033515
1402657057719861250,negative,0.0001903545094297403
1402657058290290690,negative,0.008025792379028892
1402657058562977793,negative,3.00351244514523e-06
1402657061310238724,negative,0.3013915059049734
1402657061326950403,negative,0.1728645106778271
1402657061373202433,neutral,0.3697178874513354
1402657061733867522,negative,0.10957433895179954
1402657062082035713,negative,0.1325906566470842
1402657063197622276,negative,0.022180365814976226
1402657063386370051,negative,0.1802878091317216
1402657065231921157,negative,0.01114776665676775
1402657069380030470,negative,0.03750926654861979
1402657069757521921,negative,4.741470845526375e-06
1402657072567697409,negative,0.27559690975127804
1402657072806830087,negative,0.316469533656467
1402657074174103552,negative,0.0001708335969481792
1402657074258059264,negative,0.01777998618974411
1402657075453431817,negative,0.0018301321136546696
1402657080281120774,negative,0.004044139451561761
1402657081061253129,negative,0.29486709986724435
1402657082126524418,negative,0.0006520826058635642
1402657083019964416,negative,0.013767034408337927
1402657089256894467,negative,0.0003409957844981406
1402657089424666626,negative,0.016121626890380346
1402657090154401799,negative,1.715181741330721e-09
1402657090267762690,negative,0.12322374059022631
1402657090468974599,negative,0.005629741426136483
1402657091714699265,negative,0.020521875049479867
1402657094235570182,negative,5.0243950431496524e-08
1402657095300833289,negative,0.06085789804853742
1402657096286539780,negative,0.15752928841916458
1402657096810876933,negative,2.732206285577361e-06
1402657096995311619,negative,0.005629741426136483
1402657097570004996,negative,1.317579675721708e-07
1402657097658126347,neutral,0.6597768253658766
1402657101776834564,positive,0.901594611732498
1402657101927882757,negative,0.00015248088686033515
1402657102250786820,negative,0.06085789804853742
1402657102783467523,positive,0.999976644747793
1402657102821269504,negative,0.008025792379028892
1402657103261671430,negative,0.00011758321614664431
1402657103567896576,negative,0.07981438509542091
1402657104058593286,negative,0.3053664125773578
1402657105618870275,negative,0.07986341211196848
1402657106990448645,negative,0.16046572960581473
1402657108231962628,negative,0.0011163046236513227
1402657111289520135,negative,1.9198569044113423e-05
1402657111952265223,negative,2.1556145505220686e-06
1402657112451424256,negative,0.02987639784926889
1402657112455618563,positive,0.6630618649109398
1402657113151770625,negative,0.07137271670010126
1402657113176936458,negative,0.3079211287249981
1402657113873260544,neutral,0.4215531227116738
1402657114024288261,neutral,0.4349717936225199
1402657114649137161,neutral,0.4215531227116738
1402657116175929345,negative,0.020521875049479867
1402657117761376258,negative,0.0051086285235827115
1402657117815910412,negative,1.4155767989618051e-08
1402657119544000512,negative,0.12839193225720527
1402657119636234241,negative,0.04005590844156912
1402657121770950656,negative,4.244810916353527e-07
1402657121783750659,negative,3.9926690661718835e-06
1402657127869583361,negative,0.06088639896411688
1402657128662421505,negative,0.02091856525501336
1402657129811611654,negative,0.22771963958029243
1402657131556446210,positive,0.7324849872959731
1402657131745140740,negative,0.011488778375649
1402657132302983175,negative,0.009228853868149856
1402657133641056256,negative,0.028357826888845077
1402657136111460360,negative,0.1764936759768385
1402657136631549954,negative,0.0007617261025850532
1402657137134817284,negative,0.00015248088686033515
1402657141270405134,negative,0.11251948525914124
1402657142054821894,neutral,0.5988357902630073
1402657144323907588,negative,0.016975705785521777
1402657144382672915,negative,0.00012921957363980455
1402657144609153030,negative,0.03750926654861979
1402657144646815745,negative,0.007744662712245358
1402657146106527752,negative,0.25713377043441715
1402657146832031750,negative,0.10659998454991694
1402657147679391756,negative,0.011488307187773262
1402657148354666499,negative,0.010649825571330783
1402657149440888839,negative,0.00019946621077683533
1402657149579317256,negative,0.12313716015267681
1402657150015524876,negative,0.0038450451296255343
1402657151269494787,negative,0.031103642014342587
1402657152829902866,negative,0.0005478139747264868
1402657154499231750,negative,3.375777991388753e-06
1402657154679590917,negative,0.2695775039626057
1402657155921104901,negative,0.20093958443233456
1402657156277620742,negative,1.2962106583997622e-05
1402657158005768192,negative,0.012148487194727667
1402657158072877059,neutral,0.539526285423146
1402657158190272521,negative,0.08154071556995883
1402657158215438345,negative,0.00026496906643535206
1402657159905689603,negative,0.0017633497268493168
1402657159947735051,negative,0.21433552074450707
1402657160807473159,negative,0.0055783204663704036
1402657161025556488,negative,0.07590295032710602
1402657162283917312,negative,0.09181462585094367
1402657162451689478,negative,0.002943828468135052
1402657162543960067,negative,0.2692963416579097
1402657163319906308,negative,0.0026212084426717143
1402657163705782276,negative,0.046457522448170675
1402657164053946386,negative,0.0073005626322702475
1402657165328912385,neutral,0.46127768308170247
1402657165807173633,negative,0.00301934809781257
1402657167891697668,negative,0.010193535883091106
1402657169325977600,negative,0.2013240848353585
1402657170483785728,negative,0.0007034848413396969
1402657170634723331,negative,0.010647397962214252
1402657171750408197,negative,0.08114572107086233
1402657173650432002,negative,0.09486947518294644
1402657175214997513,negative,1.7366749832966544e-05
1402657177450463233,negative,0.10450817423840816
1402657177916035074,negative,0.0051058685911027175
1402657179874775045,negative,0.21921412548362115
1402657180311076868,negative,0.0020218488760230537
1402657180810088452,negative,5.788003666841491e-05
1402657182928285700,negative,0.039429156760341665
1402657183490211843,negative,4.555836235117185e-05
1402657185180569604,negative,0.0024969851727082754
1402657185310679044,negative,0.06940005012755635
1402657188926078976,negative,0.0008454826639747889
1402657189152575490,negative,8.247076116645049e-11
1402657192499679232,negative,1.5575249803048024e-05
1402657193518944257,negative,0.22784872495107647
1402657193925742595,negative,0.0007034848413396969
1402657194592686083,positive,0.9954249256715689
1402657194932412422,negative,0.0049573332060130594
1402657196375085058,negative,0.19311067094070053
1402657197071405057,positive,0.7005433893967722
1402657197436379141,negative,0.09063579499909426
1402657197826490371,negative,0.0012152908865881908
1402657198090620933,negative,0.19093281446871252
1402657198094925825,neutral,0.3838964845985813
1402657199575519232,negative,0.0038560062383391843
1402657200162619395,negative,4.418134699420948e-06
1402657200687005701,negative,0.1889731943884357
1402657201383215107,negative,3.8165366414512967e-05
1402657202209443847,negative,9.914762609259531e-07
1402657202603757571,negative,0.047019318086341105
1402657203362975756,negative,0.0006495855701212691
1402657204642238469,negative,2.6257120300379444e-12
1402657207171305476,negative,0.0018538497906761572
1402657207666286595,negative,0.2963439692128397
1402657207771074560,negative,0.037775391969590046
1402657208727490568,negative,0.07214744452977725
1402657212204527619,negative,0.19311067094070053
1402657215371264011,negative,0.000980914164592184
1402657216067420160,neutral,0.5809671984793341
1402657216210030602,negative,4.746663495558187e-06
1402657216692424709,negative,0.07707403770577731
1402657218584059909,negative,0.12814742982380453
1402657218722516996,negative,0.0016150880069538158
1402657219234041856,negative,0.06085789804853742
1402657219645263876,neutral,0.5370065039519608
1402657219833962496,negative,0.002126796321760968
1402657220374847493,negative,0.00018571012123139893
1402657225005481987,negative,0.0007034848413396969
1402657225223593987,negative,0.0018538497906761572
1402657226117033991,negative,0.0026732958404922995
1402657227127808000,negative,0.02137857275159344
1402657227610202119,negative,0.04651048634735285
1402657228633657347,negative,0.0001298705217298816
1402657229371854852,negative,0.0022085806004017525
1402657231791919104,negative,0.01846871993994397
1402657234736365568,negative,0.00023862307841865656
1402657236867063816,negative,0.29497317882897783
1402657238192431112,negative,0.006080430212196056
1402657239056453637,negative,0.009962591318793363
1402657239467450370,negative,9.30036426364754e-05
1402657241468186628,negative,0.0007034848413396969
1402657241665265666,negative,0.07981438509542091
1402657243011690497,neutral,0.6302736398171706
1402657243645067279,negative,1.715181741330721e-09
1402657244307771403,negative,0.0015661972801984656
1402657244622303239,negative,0.3233005258293515
1402657245645660171,negative,0.013042200677764059
1402657246732038147,neutral,0.4287145623836318
1402657246895562761,negative,0.02540365867735426
1402657247164080138,negative,0.22821616684985674
1402657248128679942,negative,0.06085789804853742
1402657248497766400,positive,0.6791018421610853
1402657249080844296,negative,0.0025934598658748417
1402657249252757508,negative,6.445800659738544e-05
1402657249554751488,negative,0.001029327967710768
1402657249856733185,neutral,0.38023852971786887
1402657250121072644,negative,0.13154210696864937
1402657251089956866,neutral,0.5779019758542997
1402657251459014661,negative,0.07960991979591593
1402657252419452934,negative,0.13656221522950338
1402657252440412167,negative,0.057956442696201725
1402657252566261766,negative,0.0009466437795502501
1402657252998324227,negative,0.0007617261025850532
1402657253396824064,negative,0.0030297368454360336
1402657253535010821,negative,0.27623661642175246
1402657253849800710,neutral,0.4761803438569974
1402657254814461956,negative,0.0030297368454360336
1402657255074455555,negative,0.0018582142026466444
1402657255166824448,neutral,0.6040493912950413
1402657255376441353,negative,0.011789927903641532
1402657256341114883,negative,0.006888338038724595
1402657256727011330,negative,0.15652390437436803
1402657257524019208,negative,0.0015059370852596235
1402657258824081412,negative,0.0009163409177622702
1402657262175408133,negative,0.03203403692532335
1402657262636838918,negative,0.011438121548709927
1402657263177904134,negative,0.00016982186604004137
1402657264738222091,negative,0.0919888251949659
1402657265417654272,negative,0.011488307187773262
1402657266394861572,negative,0.0001621684211267827
1402657268399853573,negative,9.052581746607454e-06
1402657268861177860,negative,0.005380281772344414
1402657269104496642,negative,0.0009466437795502501
1402657269242810375,negative,4.698208193321619e-06
1402657269725204483,negative,0.14084918364227353
1402657269762953216,negative,2.1009803857411633e-06
1402657269813239811,negative,0.0016346420675831604
1402657271281246215,negative,0.012237119139658652
1402657273151885313,negative,0.020190772170251402
1402657273156149259,negative,0.05407358628608519
1402657274494132226,negative,0.18185354940778564
1402657277077819396,negative,0.01829308711525661
1402657277237252103,negative,6.833087642027128e-05
1402657277321089025,neutral,0.5533970533999424
1402657278239686658,negative,0.0004793521435685782
1402657278264762371,negative,4.869184213911506e-12
1402657278956695554,negative,0.0045754325852615935
1402657280475156489,negative,0.0013612163485028906
1402657281452515330,negative,0.00011831382376686688
1402657282010275841,negative,0.01441831927999481
1402657282375262214,negative,0.0007701636558096141
1402657283486715906,negative,0.002192610920594118
1402657283927019521,negative,0.2460299843742513
1402657286842204163,negative,0.0005334472829145928
1402657286863081472,negative,4.741470845526375e-06
1402657287064457216,negative,0.0018538497906761572
1402657287760756739,negative,0.0736261790325214
1402657290608680974,negative,0.0005095757316197424
1402657293125124101,negative,0.10958434961125288
1402657293574053895,negative,0.10470891443198739
1402657293641175040,negative,6.833087642027128e-05
1402657294404440066,negative,0.06788459032949214
1402657295641743367,negative,0.07548317718315004
1402657295855673345,negative,0.0030297368454360336
1402657296241643521,positive,0.6680374168684379
1402657298007441410,positive,0.9962735920757743
1402657298221256709,negative,0.006683188805047508
1402657299508961292,negative,1.7906898745794864e-10
1402657301308313603,negative,6.833087642027128e-05
1402657302855917572,neutral,0.3794434373490297
1402657303229255683,negative,0.06446761730078081
1402657303824896005,negative,0.011488307187773262
1402657304319651842,negative,0.0007197847378646633
1402657304630157313,negative,0.051403459391691636
1402657307427753987,negative,0.05308938670886328
1402657307952046080,negative,2.732206285577361e-06
1402657310921658378,negative,0.07259394147788527
1402657313815736322,negative,4.741470845526375e-06
1402657314872741892,negative,0.10218766382841137
1402657315766116352,neutral,0.5118676324292408
1402657316730716170,negative,0.25713377043441715
1402657316953067528,negative,0.22784872495107647
1402657317972217862,negative,4.741470845526375e-06
1402657318257496071,negative,0.12814742982380453
1402657318299484164,negative,0.0009466437795502501
1402657319427715083,negative,0.046457522448170675
1402657319461208071,negative,0.01688338478472374
1402657320895647753,negative,9.586894106698057e-05
1402657321122254852,positive,0.6646152147566017
1402657321281523712,negative,0.13265359421390388
1402657321701068800,negative,0.006713463184382846
1402657324238573581,negative,0.00015248088686033515
1402657324460879878,negative,1.715181741330721e-09
1402657329468805120,neutral,0.5199882515903922
1402657329737306119,negative,0.008473395173227989
1402657330068705288,negative,0.00407926509311509
1402657330228084736,negative,0.00812704576662646
1402657333298274313,negative,2.1556145505220686e-06
1402657333973598214,negative,0.0035757859731305
1402657335659614212,negative,0.21163882994794048
1402657336393711616,positive,0.9996348763427346
1402657338390155265,negative,0.11166677805211124
1402657342014038022,neutral,0.46127768308170247
1402657343632990208,negative,0.002244874623491347
1402657344434155528,negative,0.03782622810610809
1402657348565540866,negative,0.1764936759768385
1402657357654528005,negative,0.08903777361943603
1402657364164157440,neutral,0.6208043289892111
1402657364357140490,negative,0.029248458087871014
1402657365300846596,negative,3.970707858667902e-05
1402657366642995207,negative,0.0028102288548324797
1402657366991159309,negative,0.009131174859843052
1402657368236867590,negative,2.35897711074528e-09
1402657369600008200,negative,0.001785168907817274
1402657378894585858,negative,0.16633441606225835
1402657379385237507,neutral,0.49789225920557484
1402657379657912328,negative,0.04861625539639616
1402657379959848963,neutral,0.49789225920557484
1402657384783360000,negative,0.002644872486627084
1402657387551629314,negative,0.29041808248975326
1402657389057392647,negative,0.003980022524461106
1402657391133532161,negative,0.22771963958029243
1402657395503943682,negative,0.10862683704731754
1402657396758126592,neutral,0.49789225920557484
1402657404324618246,negative,0.012723002037431924
1402657408669917193,negative,1.1551072065958414e-06
1402657410146308102,negative,0.009357144057792446
1402657413703127047,neutral,0.4047214283799102
1402657414147629056,negative,0.00577599160462018
1402657414625832961,positive,0.9771680198685248
1402657416102256642,negative,0.10659998454991694
1402657417817624582,negative,0.21110132054383446
1402657418375483404,positive,0.9962735920757743
1402657418639601671,negative,0.15762059919457883
1402657418954280969,negative,1.7571551420206386e-07
1402657421659627527,negative,0.1948410199639604
1402657422867668993,negative,0.0008831024496277283
1402657427137384450,negative,0.09089739463017658
1402657428232192000,negative,0.0008831024496277283
1402657428492230666,negative,0.1210123057505147
1402657430778036229,neutral,0.48576662766066314
1402657432443162628,negative,8.7524262074723e-05
1402657433667899404,negative,4.564265913663683e-05
1402657449287507975,negative,0.0013599299873540784
1402657450222833710,negative,0.001029327967710768
1402657450692591617,negative,2.1229355882346755e-06
1402657450952691716,negative,1.8576891492358384e-12
1402657456388517895,negative,0.004177968515596673
1402657456812085251,negative,6.204106324375245e-05
1402657457973964801,negative,0.13339317767866538
1402657458829598720,negative,0.07552112364657178
1402657459685187587,negative,0.015409279535516377
1402657459970494466,negative,0.00015248088686033515
1402657462470205444,positive,0.985209966824661
1402657464550625285,positive,0.6668966059714642
1402657469885779977,negative,5.462209904398972e-08
1402657472842588166,negative,0.0006934945785756647
1402657473127981060,neutral,0.37269762817218505
1402657473224445954,negative,0.13734664592475027
1402657477175382021,negative,0.00407926509311509
1402657478479859714,negative,0.02511399165473964
1402657485475962888,negative,0.04531491646821888
1402657489867345923,negative,0.01616326593638654
1402657490228088836,negative,0.08393524380268777
1402657496691531786,negative,0.0007617261025850532
1402657499111645189,negative,0.12745017928656305
1402657505302482947,negative,0.002943828468135052
1402657506049073157,negative,0.02383675164162132
1402657506879578112,negative,0.00023862307841865656
1402657509685575683,negative,0.037757091841187716
1402657510469865476,neutral,0.3697178874513354
1402657512336379909,negative,0.31980897773501327
1402657514433482752,neutral,0.37613281431482276
1402657519365939211,negative,2.732206285577361e-06
1402657519676366854,negative,0.00407926509311509
1402657520699592705,negative,0.0001865829010168899
1402657520989216769,positive,0.8762693994739659
1402657523635793926,negative,0.21879952739180128
1402657524764004352,negative,0.041622513626795116
1402657525653291009,negative,0.1637186164793682
1402657528484438023,negative,0.00041738818406523656
1402657529558151171,negative,0.00465648670641215
1402657533769228292,negative,0.00015248088686033515
1402657533790199811,neutral,0.49789225920557484
1402657536348676100,negative,0.07379963277091922
1402657536784875520,negative,0.0003200643190882924
1402657537401397255,positive,0.9412845754583877
1402657537971851269,negative,0.008473395173227989
1402657542803689473,negative,0.08339979008261068
1402657544007475201,negative,0.012116016862095326
1402657551339171843,negative,0.03104518002689589
1402657553771859976,negative,0.10659998454991694
1402657554128424960,negative,0.03399253880583752
1402657561246056451,negative,0.13656221522950338
1402657567403282435,negative,0.02952468532597767
1402657569517277191,negative,0.08903777361943603
1402657570683342849,positive,0.9962735920757743
1402657578581168128,negative,0.32359009059143207
1402657580615405571,negative,0.000875766500992276
1402657582267998218,negative,0.004168289537983552
1402657582720839684,neutral,0.5395785286239229
1402657583643639811,negative,0.014615531607811084
1402657585489137667,negative,0.0010689763184363306
1402657585715679232,negative,0.0024969851727082754
1402657587657576455,negative,4.741470845526375e-06
1402657587678564362,negative,3.6444934531672796e-05
1402657590912376835,neutral,0.4327245072249844
1402657591369555972,negative,0.07296212253600601
1402657591482855428,negative,0.06085789804853742
1402657592011366412,positive,0.6984062217065632
1402657592111992832,negative,1.9949731737698783e-05
1402657592803999746,negative,0.013767034408337927
1402657593265471488,negative,0.07552112364657178
1402657594066472963,negative,0.021587500847177768
1402657594125213699,negative,8.475119904022019e-11
1402657594691440646,negative,0.09749915278724053
1402657595308052488,neutral,0.4631384837881595
1402657596046254087,negative,0.2022116893880138
1402657597795225600,negative,0.10659998454991694
1402657602086047744,negative,2.1229355882346755e-06
1402657602782310409,negative,0.2928676736142457
1402657603377930244,negative,0.014696297823578383
1402657607458988039,positive,0.9771680198685248
1402657608159346693,negative,0.005629741426136483
1402657608306200584,negative,2.732206285577361e-06
1402657619580534788,negative,0.007332555059167603
1402657621996453892,negative,0.0008831024496277283
1402657623841857538,negative,0.07793419665101206
1402657624521334786,positive,0.9204450221865719
1402657625003659264,negative,0.1637186164793682
1402657625867751428,positive,0.9771680198685248
1402657627885215751,positive,0.9771680198685248
1402657629332250629,negative,0.011488778375649
1402657631693525000,neutral,0.49789225920557484
1402657635296555012,negative,0.17562650737145225
1402657638161264648,negative,0.10103574933323094
1402657639209705475,negative,0.0017935384349600225
1402657641122390021,negative,0.003324524585228633
1402657643227979789,negative,0.002943828468135052
1402657645056741379,negative,0.0016150880069538158
1402657652329615361,negative,0.007283650701857557
1402657654632235013,negative,0.10218766382841137
1402657658520457221,negative,0.0001310972730156176
1402657659073990666,negative,5.0243950431496524e-08
1402657661066358788,neutral,0.6450906080214386
1402657663381540867,negative,0.0038265899024583446
1402657664069476355,negative,0.0038265899024583446
1402657668565811207,negative,0.0016856066009950318
1402657675284996099,negative,5.962435473155946e-06
1402657676006461450,negative,0.10659998454991694
1402657677340286980,negative,0.008758060172471126
1402657681949724678,negative,0.010502763482437671
1402657682566287367,negative,0.0017633497268493168
1402657687318499331,neutral,0.49789225920557484
1402657694926970880,positive,0.9771680198685248
1402657695056998403,negative,0.0008831024496277283
1402657699549097984,negative,5.3226410095958726e-05
1402657711054102530,negative,0.039656571762138465
1402657715252563970,negative,0.00407926509311509
1402657720252108800,positive,0.8887435440497995
1402657722714181636,negative,0.030740040238969223
1402657728925888517,negative,2.4998284986787594e-05
1402657730305871878,negative,0.0011548208407915752
1402657735884345346,negative,0.06755547875208351
1402657736391806987,neutral,0.5224608282804026
1402657738082205697,negative,0.00022115575875049484
1402657738912636939,negative,0.010502763482437671
1402657740032462852,negative,0.22040482760760946
1402657741554995203,negative,0.29377661730612775
1402657743073427462,negative,0.0011548208407915752
1402657745824669700,negative,0.024832755457890567
1402657745929707525,negative,0.0007134170798406834
1402657746013544451,negative,0.004446249923948204
1402657746470813710,negative,0.29209570300421833
1402657747146002433,negative,0.007864156572731578
1402657748915920898,negative,0.03374096626328464
1402657749515788295,negative,0.2674808870691756
1402657750136598529,neutral,0.49789225920557484
1402657750568554498,negative,0.00016236186553588035
1402657750602207233,negative,5.07581886487344e-07
1402657752732872715,neutral,0.48061219287488127
1402657752774762498,negative,0.00892402365943448
1402657753890492419,negative,4.087165249029226e-07
1402657754846842889,negative,0.000518612031230072
1402657755928821763,negative,0.07410266566307742
1402657756084150281,negative,0.00407926509311509
1402657756293877761,negative,0.3000372730813175
1402657756671250435,negative,0.2517679918579502
1402657757375963139,negative,0.11911517667387825
1402657758743347203,negative,0.15120812397388372
1402657759640817664,negative,1.4994657204543906e-06
1402657760051859460,neutral,0.4156017684514421
1402657760936878081,negative,0.06098369733192535
1402657764300709894,negative,0.015995491981497575
1402657765521252356,neutral,0.6040493912950413
1402657767299629061,negative,0.032820540497756054
1402657769153433600,positive,0.9718819181893474
1402657771099549697,negative,0.00016490284581454067
1402657772177608709,negative,0.21433552074450707
1402657772181798914,negative,0.21433552074450707
1402657772693508098,negative,0.07348529179348764
1402657774878609410,negative,4.229418783506657e-08
1402657776078397442,negative,5.745820939717914e-08
1402657776560652288,negative,0.2812124665127172
1402657777416380422,negative,1.715181741330721e-09
1402657777596653575,negative,0.00015248088686033515
1402657778817286150,negative,2.0848923215030756e-07
1402657780104843265,negative,0.07777671428698234
1402657781266718720,negative,2.1095332907428154e-06
1402657782097190912,neutral,0.40855046400141204
1402657783170875397,negative,0.0011548208407915752
1402657790800404481,negative,1.76978890755939e-05
1402657794277445636,negative,0.013767034408337927
1402657795166588931,negative,0.18290459928155547
1402657796559147016,negative,0.021347880299376613
1402657799201492996,negative,0.0017755625287686927
1402657808118697998,negative,0.17562650737145225
1402657808303153156,positive,0.985209966824661
1402657811461464064,negative,0.2793155705301419
1402657813789384711,negative,0.10659998454991694
1402657813973942276,negative,0.07552112364657178
1402657814737211395,negative,0.03465088448686816
1402657819283841028,negative,0.011134929715748003
1402657821557153792,negative,0.0015843925406908816
1402657822941253633,negative,0.0007617261025850532
1402657828393914370,negative,0.20437618350748074
1402657829614403585,negative,0.0925928539506085
1402657839525543938,negative,0.0017935384349600225
1402657841299738630,negative,0.005441046289981225
1402657843673800706,negative,2.933869397118093e-09
1402657846018379781,negative,0.19771476058185203
1402657846634950661,negative,0.005629741426136483
1402657846756528131,negative,0.1210123057505147
1402657847628943364,negative,4.610291370878252e-05
1402657853400289283,negative,0.2637213825236421
1402657855338160136,positive,0.9893186474960723
1402657855774380032,negative,0.023636402689287756
1402657858983022597,neutral,0.586185145703511
1402657864125198340,negative,0.013767034408337927
1402657870966099970,negative,2.1556145505220686e-06
1402657871553236998,neutral,0.45068963193287265
1402657876573933570,negative,0.00407926509311509
1402657877949616133,negative,0.11787188728794086
1402657879765786629,negative,0.002354310849354029
1402657880193466368,negative,7.180738614992098e-10
1402657881305104397,negative,0.0006582163702867265
1402657884702392326,negative,0.14427219265400335
1402657885159632896,negative,0.22784872495107647
1402657896773652480,negative,0.24700550839384075
1402657897616707590,negative,0.20168870812496728
1402657901991374852,negative,0.032272145616377285
1402657911067877383,negative,0.0009466437795502501
1402657913307602947,negative,0.10659998454991694
1402657914305851392,negative,0.00014645529661032545
1402657915832524806,negative,2.139828526240917e-05
1402657916457414656,negative,0.00023862307841865656
1402657917715759104,negative,0.07115154167733566
1402657920286928903,neutral,0.3697178874513354
1402657920437952524,negative,0.0030554026394162704
1402657921629052929,negative,0.043362825358225054
1402657921675235329,negative,0.001982388270933586
1402657925412306957,negative,0.030773713197375943
1402657926175760384,negative,0.07724514202951188
1402657926347636738,negative,0.00407926509311509
1402657928834859012,neutral,0.5734576952979002
1402657929162076162,neutral,0.6031659309639666
1402657931326377987,negative,0.00407926509311509
1402657936451817472,negative,0.19311067094070053
1402657936594321422,negative,0.010458702233505833
1402657936661483523,negative,0.12745017928656305
1402657936737030151,negative,0.24485845908272338
1402657937382850565,neutral,0.6450906080214386
1402657938536284161,negative,0.15348993243577438
1402657939010293769,negative,3.5837963984929463e-10
1402657939752505346,negative,0.07724514202951188
1402657940247662595,negative,0.004321577084433572
1402657940612452358,neutral,0.3373919588998191
1402657941505839107,negative,0.14121894318452238
1402657941912801286,neutral,0.418727602947479
1402657943363932165,negative,0.11428583130183421
1402657943963594754,negative,0.01557828881856611
1402657945536634884,negative,0.10659998454991694
1402657947419918341,negative,0.20119539412131177
1402657959793074177,negative,0.003084648714198053
1402657961709801476,negative,0.15795937800198306
1402657972279463941,negative,0.11199210629266595
1402657973139218433,negative,2.732206285577361e-06
1402657976851238913,negative,0.0014667093990658323
1402657977459298305,negative,0.09862418788743404
1402657979665629185,negative,0.14278373290122653
1402657982110896141,negative,0.0017935384349600225
1402657982488449029,negative,0.005729675024935373
1402657986212945926,positive,0.9809171494168655
1402657988188557312,negative,0.0071465741515285295
1402657989627101192,negative,0.011488778375649
1402657994794541063,negative,0.01021954118002405
1402657994865786888,negative,0.019156354314983897
1402657996195389440,negative,1.1437401453467196e-07
1402657996707143682,negative,0.26335168975129714
1402657998280040456,neutral,0.37613281431482276
1402657998854578180,negative,0.00010764769114251951
1402657998988886017,negative,0.00041738818406523656
1402658007180365829,negative,0.00013618590600140252
1402658009654824962,negative,0.005629741426136483
1402658011303366656,negative,0.01828716477309444
1402658018119110663,neutral,0.3697178874513354
1402658019985481730,negative,0.0004706798815099286
1402658021684154369,negative,0.25713377043441715
1402658023340904452,negative,0.011567104861699607
1402658028407697412,negative,0.008937071370953306
1402658028810379268,negative,9.860410886851827e-10
1402658034011226116,negative,0.06580520238045943
1402658037039566848,negative,0.0010487049385426907
1402658041712029697,negative,0.0001865829010168899
1402658045902016517,negative,0.0007613244411075209
1402658046673928195,negative,0.04897441751313658
1402658051098923015,negative,0.1637186164793682
1402658052818587650,negative,0.07259394147788527
1402658054580097026,negative,0.21760466093969125
1402658056706707457,negative,0.025266542250866733
1402658056886968322,negative,1.2450139509251578e-05
1402658057142800389,negative,0.0910459128636985
1402658057985867788,negative,0.00040583031768769135
1402658058174599168,negative,0.2459866575739014
1402658058187251713,negative,0.08635219759838078
1402658060313767944,negative,0.20076720378156443
1402658068484087813,neutral,0.45518891832261976
1402658070577258500,negative,1.3905988750215512e-05
1402658076499525640,negative,7.329801322532699e-09
1402658080396124163,negative,2.732206285577361e-06
1402658082585464832,negative,0.0011548208407915752
1402658083428519937,negative,0.000845646614544819
1402658089065762816,negative,0.012650524336200552
1402658094161727498,neutral,0.3697178874513354
1402658096506343424,negative,0.07727478505807213
1402658096783282185,negative,0.09447483745627105
1402658098138038274,negative,0.021505743193429603
1402658104404287488,negative,0.05077761273775463
1402658105956179971,negative,0.21433552074450707
1402658111639465987,negative,0.03146501164396068
1402658119273041927,negative,0.04326749920868208
1402658119382147080,negative,2.732206285577361e-06
1402658124922765317,positive,0.935416992057846
1402658126248267782,negative,0.00407926509311509
1402658127271579650,negative,0.02511399165473964
1402658129641283585,negative,0.11151761924140365
1402658139284160514,negative,8.308969784429649e-07
1402658142199164931,neutral,0.6040493912950413
1402658145034551299,negative,0.09763744811665773
1402658147995693056,neutral,0.49789225920557484
1402658148251545601,negative,1.072296965059424e-05
1402658148662579203,negative,2.1556145505220686e-06
1402658149841133576,negative,0.08012325267543423
1402658151934070794,negative,0.014348451473292062
1402658155583225864,negative,0.0027989222833863384
1402658156166193152,negative,0.08635219759838078
1402658159483920385,negative,0.01829308711525661
1402658160956084224,neutral,0.4663917579447527
1402658163548168195,negative,0.0013108296370787247
1402658166983335937,negative,0.004798081111992795
1402658167612379142,negative,0.014048099166578263
1402658167708848128,negative,0.06940005012755635
1402658169072107521,negative,0.005629741426136483
1402658169868926981,negative,0.0018549169652132217
1402658170301030402,positive,0.725155447165073
1402658173123764230,negative,0.001029327967710768
1402658175963348995,negative,0.0001865829010168899
1402658176042942469,negative,0.061615465810211115
1402658182456123393,negative,0.12060135705368474
1402658183190134789,positive,0.9738462357315726
1402658185895235587,neutral,0.49789225920557484
1402658187879366658,negative,0.0023771061188909855
1402658188311379976,negative,0.0030710304874746004
1402658189372502020,negative,0.0006545985169332638
1402658192614645766,negative,0.01115045231474041
1402658193675853834,negative,0.021531811373299285
1402658194359566339,neutral,0.41255628797487864
1402658199795273730,negative,0.00038657895656822686
1402658203217838083,negative,2.732206285577361e-06
1402658206325878784,negative,0.005027863179855113
1402658206455939072,negative,5.070696785329105e-06
1402658207097626625,neutral,0.5432612801915924
1402658207697457156,negative,3.408667706176777e-05
1402658211338113026,negative,1.1283171946619183e-06
1402658211874983949,positive,0.8524431911323641
1402658213322018821,negative,0.009308138336333802
1402658213581901832,negative,0.019280146493599888
1402658213892345859,neutral,0.36371433002765663
1402658221114871810,negative,0.0007701636558096141
1402658221463064577,negative,7.506518470054367e-09
1402658225028308995,positive,0.9962735920757743
1402658230552125444,negative,0.12229986103517357
1402658231776911364,negative,7.036900070545172e-05
1402658234482237448,negative,0.00023862307841865656
1402658234599620610,neutral,0.49789225920557484
1402658235400790021,negative,0.04531491646821888
1402658237208350724,negative,2.732206285577361e-06
1402658239205027840,negative,0.03134698264614915
1402658239225999362,negative,0.0031931289218091238
1402658241981652998,negative,0.0056620416800854095
1402658241985892356,negative,0.2672664341579466
1402658242828853260,negative,0.0016150880069538158
1402658242996678658,positive,0.7733783720759749
1402658245488087040,neutral,0.5432612801915924
1402658247799197696,negative,2.732206285577361e-06
1402658248012881927,negative,0.014438392440127061
1402658249804062724,positive,0.9893186474960723
1402658255734808579,negative,0.29646387467810614
1402658267248144393,neutral,0.49789225920557484
1402658267793432582,negative,0.0029297547197744056
1402658270364508162,neutral,0.49789225920557484
1402658271018864653,negative,0.005629741426136483
1402658276412637189,neutral,0.41417174278766206
1402658276911759362,negative,0.015942443798594517
1402658287930195969,negative,0.005629741426136483
1402658294393671682,negative,0.0008475548117858662
1402658300148207616,negative,0.06755258427310384
1402658304141234178,negative,0.3079211287249981
1402658306137673731,negative,0.10659998454991694
1402658308213903365,negative,9.011529479639763e-06
1402658312311685124,negative,0.016097840764619457
1402658315197423620,negative,0.0009246539267945967
1402658318271852546,negative,0.023636402689287756
1402658319286820872,negative,0.17364321236716618
1402658322180886532,negative,0.0011548208407915752
1402658323384709123,negative,0.03380927004061558
1402658329470582786,neutral,0.49789225920557484
1402658330250784771,negative,0.21765979305939034
1402658332612104205,negative,0.0005621065366174341
1402658334440935427,negative,0.0008831024496277283
1402658335837589508,negative,0.0018549169652132217
1402658338001899521,negative,0.22864906974311708
1402658349439668232,negative,0.00013618590600140252
1402658352119812096,neutral,0.33578759158135824
1402658353042628610,negative,0.00131849925149206
1402658354321838083,negative,0.0005621065366174341
1402658356871917571,negative,0.25149332066804553
1402658360009363456,negative,0.07964059849761573
1402658365122256903,neutral,0.6302736398171706
1402658365361303553,negative,0.0007197847378646633
1402658369681383425,negative,0.06276023796246936
1402658370310619148,negative,0.0008831024496277283
1402658372537700364,negative,3.948817905019905e-08
1402658372890116099,neutral,0.5306398704057798
1402658373309501440,negative,0.23047644126278344
1402658377298235399,negative,0.00131849925149206
1402658379869327361,negative,0.0001331031968665817
1402658380070674442,negative,0.0017755625287686927
1402658380326526979,negative,0.00131849925149206
1402658381488340994,negative,0.003786130267831199
1402658384827006981,negative,0.00012597067781902423
1402658385342963720,negative,0.17820579819252375
1402658386248974340,negative,0.0009466437795502501
1402658387326820360,negative,0.010649825571330783
1402658389268873217,negative,0.0925928539506085
1402658389386272770,negative,0.008491144329752773
1402658391164702721,neutral,0.36742492523419246
1402658391353344005,positive,0.9565298655173099
1402658397129003016,neutral,0.46790029342103856
1402658397707776002,negative,0.015029204265209407
1402658398122950658,negative,0.00131849925149206
1402658398567600134,neutral,0.49789225920557484
1402658399490355200,negative,0.0008831024496277283
1402658406310219777,negative,0.148425211534393
1402658408805900291,negative,0.21765979305939034
1402658408839487493,negative,0.003792407934864152
1402658414229082115,neutral,0.5894419248444087
1402658415831392263,negative,0.11831702967886974
1402658416284389377,negative,0.015280873926411247
1402658421325828098,negative,0.04038810103520741
1402658421971865607,positive,0.985209966824661
1402658423636910083,neutral,0.3655837990794711
1402658427743178752,positive,0.985209966824661
1402658434764480512,negative,0.004217125476118494
1402658436576382984,negative,0.009308138336333802
1402658443064922119,negative,0.2866679761426698
1402658443920564224,negative,0.11086637667546756
1402658444197470214,negative,0.0007288274370574661
1402658445166202885,negative,0.0011548208407915752
1402658445984157696,neutral,0.49789225920557484
1402658446395203586,neutral,0.49789225920557484
1402658448068825098,negative,0.005053900022343053
1402658448169385986,negative,0.0023771061188909855
1402658450241425416,negative,0.06573677159276542
1402658452384722951,neutral,0.33578759158135824
1402658452934103042,negative,1.8706406602817598e-06
1402658459015958532,neutral,0.49789225920557484
1402658462090379265,negative,8.925714178485105e-06
1402658462534885377,negative,0.05309616732132747
1402658463562543105,negative,2.1556145505220686e-06
1402658472550973444,negative,0.11497833168597191
1402658472756453379,negative,0.00131849925149206
1402658474861989893,neutral,0.4349717936225199
1402658475021410304,negative,0.004997707467149816
1402658476392955909,negative,0.005629741426136483
1402658481778397190,neutral,0.5522845307256441
1402658482852147206,negative,0.11907478214876598
1402658483439292418,negative,0.008003893980187365
1402658483615453195,negative,0.00042616684424918766
1402658484785721349,negative,0.10659998454991694
1402658486908067842,negative,0.0007701636558096141
1402658490263429120,negative,0.00131849925149206
1402658493396627458,negative,0.002943828468135052
1402658495690911748,negative,0.19943273285630103
1402658496739524619,neutral,0.3440181575607844
1402658498656231432,negative,0.004823931917364346
1402658506604482562,negative,0.00013618590600140252
1402658508290547722,negative,0.00016384539904735397
1402658508479270925,negative,0.008334340912781417
1402658509007769605,negative,0.0008831024496277283
1402658512417742854,negative,4.229418783506657e-08
1402658517702557699,negative,1.7938390353279248e-08
1402658519086665736,negative,0.0397928952988544
1402658523390091265,negative,0.11357477024235652
1402658524199632897,negative,0.11370305620939626
1402658525449494529,negative,1.628957834498893e-14
1402658526703538182,negative,0.20291271741349373
1402658527076880385,negative,0.16708691811943835
1402658527827615749,negative,0.24495626844009566
1402658527932473345,negative,0.0036707903454162695
1402658529610190849,negative,0.20986667574712015
1402658530948173827,negative,0.0023771061188909855
1402658531262750723,negative,0.278743671251825
1402658532479094786,positive,0.8627246819456361
1402658533716463622,negative,0.2754104732179606
1402658535176118278,neutral,0.49789225920557484
1402658536224694277,negative,2.3955155500338903e-12
1402658536816054273,negative,0.016732129672214997
1402658537906577415,negative,0.0011100800011546589
1402658538787381249,negative,4.6892823802458955e-06
1402658539089321987,negative,6.70921030549358e-13
1402658539282239490,negative,0.00131849925149206
1402658540163153926,negative,0.07724514202951188
1402658541492703238,neutral,0.5534133316493424
1402658543551991812,positive,0.7075696946643694
1402658543724007426,negative,0.3079211287249981
1402658544122568705,negative,0.3079211287249981
1402658544219045893,negative,1.4726619892897378e-10
1402658547180224518,negative,0.040643238136034265
1402658548102930432,negative,0.006796617225349921
1402658548438417416,negative,0.028619848077944116
1402658549830987780,negative,0.11086637667546756
1402658550158082051,negative,0.10659998454991694
1402658550548250631,negative,0.0025031793874665097
1402658551273824262,negative,0.008025792379028892
1402658551793864705,negative,0.0001097067422383313
1402658551961620480,negative,0.006469095206779438
1402658552716668929,negative,0.06768541281963869
1402658553811374080,negative,4.01459597403234e-05
1402658554796990470,negative,0.0006566657696889813
1402658555048628226,negative,0.023694586134430366
1402658556407685123,negative,0.06904187015378999
1402658556760006662,negative,0.041541310691785155
1402658557405892609,negative,0.31431858836719523
1402658557431107585,negative,0.280023096631762
1402658557573599244,negative,0.018765756463244982
1402658558777376769,neutral,0.4985928500860049
1402658559888928776,negative,0.002379368779819175
1402658560782315523,neutral,0.49789225920557484
1402658562673942537,negative,0.05120105898622826
1402658562942320640,negative,0.011488307187773262
1402658564024541185,negative,0.00131849925149206
1402658564116824067,negative,0.21921412548362115
1402658564209000458,neutral,0.5779019758542997
1402658564498468870,neutral,0.49789225920557484
1402658565005918209,negative,0.0006934945785756647
1402658567316983808,negative,0.013261170589263738
1402658567501590542,negative,7.901228358052136e-06
1402658568399212550,negative,0.005629741426136483
1402658568743047172,negative,0.011679870704460528
1402658569368084481,negative,4.888824110905749e-05
1402658570710179843,negative,2.966079725286135e-05
1402658571008065538,negative,0.240620195960747
1402658572320874503,neutral,0.3569643381022693
1402658573646245892,negative,0.24963082165934952
1402658575131070465,negative,0.0005111562472880351
1402658575432962048,positive,0.9893186474960723
1402658576653508610,negative,0.00131849925149206
1402658576674570240,negative,0.09845597525315798
1402658577806995463,negative,0.14278373290122653
1402658583356002310,negative,0.0013935843373479788
1402658584903798796,neutral,0.4674843577628381
1402658589425078275,negative,0.00706258327178855
1402658598396862464,negative,6.3593719220646155e-09
1402658600502366212,negative,0.0038046505676188887
1402658602536538113,negative,0.005629741426136483
1402658607997595648,negative,0.023636402689287756
1402658608349945860,negative,0.0011548208407915752
1402658610669404167,negative,0.00131849925149206
1402658614528118787,negative,0.10659998454991694
1402658615631155206,neutral,0.4349717936225199
1402658616184819716,negative,0.004997707467149816
1402658621087961089,negative,0.07059195982463844
1402658624724422663,negative,0.27286022323195247
1402658625307426821,negative,0.0018549169652132217
1402658626783911948,negative,0.0246825495558054
1402658631426904065,negative,0.0009590948138045702
1402658634803318784,negative,0.0030045175722167314
1402658641073819651,negative,0.00131849925149206
1402658644785831937,negative,0.0017633497268493168
1402658647159750657,negative,0.04990211232810844
1402658647629570051,negative,0.01829308711525661
1402658653526806535,negative,0.009540457307519687
1402658654227156995,negative,0.06542922137181013
1402658656064245762,negative,0.21765979305939034
1402658665094656002,negative,0.06826407186997632
1402658667149901839,negative,0.00131849925149206
1402658669318316037,negative,0.08570357989883162
1402658673684619264,neutral,0.4345948998908618
1402658674187849730,neutral,0.5318834537628724
1402658675752374273,negative,0.04918840963350907
1402658678189199364,negative,0.002644202683668623
1402658678554206208,neutral,0.5502858356280268
1402658679787245573,negative,0.00011190493040334167
1402658681225768962,negative,0.009173326375392914
1402658683415404547,negative,0.182157033064402
1402658684539445251,negative,0.08393524380268777
1402658685332115464,negative,0.013393904296837416
1402658688880553985,negative,8.7524262074723e-05
1402658689065099264,neutral,0.42507619662732005
1402658689098469377,negative,0.003884497307251434
1402658689371316225,negative,0.1588200070737075
1402658690017157131,negative,3.2666655872697795e-05
1402658693464870914,negative,0.09213370595733472
1402658694454824964,negative,0.0003575428378223141
1402658695016816647,negative,0.0017633497268493168
1402658696086396937,negative,0.0018490157278448745
1402658696820310017,negative,0.028515860645809382
1402658699706081286,negative,0.0013599299873540784
1402658701853536256,neutral,0.5481064789865945
1402658702662983681,negative,0.0024969851727082754
1402658703946485761,negative,4.105583086001163e-09
1402658704114302980,negative,0.0006934945785756647
1402658704139460610,negative,7.018099331246218e-08
1402658704961511429,neutral,0.6040493912950413
1402658706827972612,negative,6.932390577271214e-06
1402658707750670336,negative,0.024036638477662294
1402658709742960640,negative,0.005300379037598772
1402658710183362565,negative,0.03897193649913889
1402658710346997765,negative,0.2735426475376906
1402658711584350212,negative,0.05077761273775463
1402658713345875972,negative,4.527090870832796e-05
1402658713517887489,negative,0.09060425196202514
1402658713576611845,negative,6.030153898229667e-07
1402658714788716551,neutral,0.417820900624261
1402658714906251267,negative,0.23747363205563995
1402658716793643017,negative,0.20757629644846404
1402658717317926913,negative,4.604503114886038e-07
1402658717640888322,neutral,0.5136446707795853
1402658721344458754,negative,0.28385365540721924
1402658723575836675,negative,0.0016856066009950318
1402658724108509187,negative,0.08308470536041589
1402658725329002496,negative,0.08903777361943603
1402658725433913352,negative,0.004651407534207186
1402658725828169729,negative,0.1911905633166407
1402658726159519745,negative,0.003263722692564021
1402658726193008645,negative,0.07379963277091922
1402658727501746181,negative,0.07960991979591593
1402658727551983619,neutral,0.5118215327015088
1402658728244137984,neutral,0.46127768308170247
1402658734027988992,negative,1.0402062156888922e-11
1402658735911313408,negative,0.00020659013750710573
1402658736200617987,negative,1.6969748013843572e-12
1402658744236978178,negative,0.02807391084611545
1402658745868505101,positive,0.9771680198685248
1402658749454721029,neutral,0.3472618195175921
1402658749458833421,negative,0.00131849925149206
1402658753779011587,neutral,0.46127768308170247
1402658756006121479,neutral,0.6040493912950413
1402658757348368385,negative,0.016732129672214997
1402658758333976580,negative,0.005629741426136483
1402658759307141131,negative,4.7379288798692e-11
1402658760527646724,neutral,0.48576662766066314
1402658764902256647,neutral,0.47898643362242993
1402658767481757696,negative,1.8157202199441614e-05
1402658769725763590,negative,0.002354310849354029
1402658772410114060,negative,0.00880308020561366
1402658773664079874,negative,2.732206285577361e-06
1402658775849394176,neutral,0.49789225920557484
1402658776243707908,neutral,0.5432612801915924
1402658778626015235,positive,0.9994327628925225
1402658780316418051,negative,0.04531491646821888
1402658780635095050,negative,0.1971814810893419
1402658784116449285,negative,0.00131849925149206
1402658785999704068,negative,0.012148487194727667
1402658786909818888,negative,0.1248714733479727
1402658788939808770,negative,0.00011660898999944712
1402658793490632711,positive,0.8684588061690124
1402658793612361730,negative,0.00023862307841865656
1402658796468592641,negative,4.020725142919904e-05
1402658798800617476,negative,0.18237799517767606
1402658799379484674,negative,0.03850861060353331
1402658808594321420,neutral,0.37613281431482276
1402658815624032261,negative,0.28385365540721924
1402658816819437570,negative,0.1637186164793682
1402658818765508618,negative,0.04531491646821888
1402658819851927558,negative,0.0017755625287686927
1402658821688934401,negative,0.1307507008461938
1402658822796218379,negative,0.00131849925149206
1402658827376398344,negative,1.4610163788253804e-06
1402658827732930571,negative,0.15375165750311892
1402658828269854725,negative,0.24311737358260774
1402658832225030145,negative,0.10218766382841137
1402658837908312064,negative,0.12184578529927284
1402658839292485632,neutral,0.6542529266850116
1402658841704157186,negative,0.24963082165934952
1402658843566526469,negative,0.04291690907997964
1402658846519152645,negative,0.00131849925149206
1402658848134119433,negative,0.012899880254922775
1402658855478308865,neutral,0.5730552204236814
1402658860691828742,negative,0.08698193390033356
1402658862981914626,negative,0.00014510495414019235
1402658863862718467,positive,0.9618297540592411
1402658866165342210,neutral,0.6078495118646416
1402658866589020163,negative,0.1577080060606428
1402658867918651392,neutral,0.47219346026268355
1402658876328140814,negative,4.9504590545943376e-05
1402658877846396932,negative,0.0017755625287686927
1402658887883440134,negative,0.00131849925149206
1402658901678493704,positive,0.7034129911174342
1402658902236409862,negative,0.23108660748076523
1402658903750594564,positive,0.6696676185357523
1402658904186761220,negative,1.9269082949066255e-06
1402658904425877508,negative,0.09957701845858748
1402658905579208718,negative,0.0630543106486439
1402658907986743298,negative,0.31980897773501327
1402658911371599873,negative,0.011761046093249485
1402658912453619719,negative,0.01848219607563556
1402658913133248515,negative,1.1047737149951972e-10
1402658923681882115,negative,0.07545119408612183
1402658928291352577,negative,0.12745017928656305
1402658935610429453,neutral,0.3341375882806857
1402658942837301259,positive,0.9626475946178991
1402658942845661185,neutral,0.5318834537628724
1402658943202172932,negative,9.182810661910463e-08
1402658944225615872,positive,0.9856575190011204
1402658946096283649,neutral,0.568440926224993
1402658946381496321,negative,0.09060425196202514
1402658948260450305,negative,0.011585685934797793
1402658949724315649,negative,0.058553252288677915
1402658952505135107,negative,0.00131849925149206
1402658952723173379,negative,0.0011548208407915752
1402658954988212237,negative,0.2928676736142457
1402658958800740361,negative,0.029819503046396665
1402658959421493254,negative,0.17163973808206878
1402658962881794050,negative,0.21218310372903385
1402658966975418371,negative,0.004364300605866152
1402658969932419080,negative,0.01224567771749932
1402658973434662920,negative,0.00131849925149206
1402658973799624709,negative,0.11012112377330881
1402658979675873289,negative,0.06911100210766787
1402658981093466115,negative,0.004611771459349328
1402658981529722881,negative,0.05077761273775463
1402658982104383490,neutral,0.49789225920557484
1402658983538798595,negative,0.22251064811171403
1402658984746696704,negative,1.7208170226599815e-07
1402658984948113413,positive,0.9856323515444207
1402658987057762312,neutral,0.49789225920557484
1402658988186079233,neutral,0.49789225920557484
1402658990581063681,negative,0.005629741426136483
1402658992762064896,negative,0.060229975233889836
1402658997220610049,negative,1.630111599285399e-05
1402658999892381700,negative,0.0005111562472880351
1402659002929106949,negative,0.21711018991749798
1402659003184910357,negative,0.0018540680404051976
1402659006435450887,negative,0.0043765745462335985
1402659008343941120,negative,3.515403320081461e-06
1402659009119805441,negative,4.756363403663318e-06
1402659012869492742,negative,0.00131849925149206
1402659019320442895,negative,2.6904220143517924e-06
1402659019387555843,negative,7.142649167663474e-11
1402659024563281921,negative,0.0003200643190882924
1402659025494458369,positive,0.8999818614197855
1402659027574796295,neutral,0.5490231617988135
1402659028363321349,positive,0.9771680198685248
1402659028740808715,negative,1.7790346115956148e-06
1402659028786888705,positive,0.9771680198685248
1402659029869023234,negative,0.12184578529927284
1402659037695598592,negative,0.001832443502608151
1402659042229620743,negative,0.2714950789314301
1402659043240558593,negative,0.001351030956507479
1402659046067425282,negative,0.01224567771749932
1402659048626008069,negative,0.0008831024496277283
1402659049385205763,negative,0.014244245618399064
1402659052656771075,negative,0.241495198309993
1402659053856301059,negative,0.00131849925149206
1402659058834980864,negative,0.002943828468135052
1402659060269424647,positive,0.985209966824661
1402659066124685313,negative,0.0009863983626972274
1402659067072598016,negative,0.00407926509311509
1402659070474174464,negative,0.0009771318876360604
1402659070654431236,negative,0.2917985415262092
1402659072525099008,negative,0.00029796290509091295
1402659075746414598,negative,0.2735426475376906
1402659078346842113,negative,0.032820540497756054
1402659080569864196,negative,0.009308138336333802
1402659085124841477,negative,2.732206285577361e-06
1402659089742696454,negative,0.012210551863868378
1402659091252613125,negative,0.2288831687742195
1402659101285388288,negative,0.0007701636558096141
1402659103693025286,negative,0.04196649287212337
1402659104322199555,neutral,0.4737554465528978
1402659107140743169,negative,0.1453492767221179
1402659110580113413,negative,0.01829308711525661
1402659112752664579,negative,0.013042552234423343
1402659113172193285,negative,0.0005054838044322452
1402659118402478083,negative,0.00407926509311509
1402659119610335240,negative,0.01829308711525661
1402659125398495244,negative,0.0630543106486439
1402659128611323913,negative,0.0022612808583245907
1402659128611377153,negative,4.229418783506657e-08
1402659130440048646,neutral,0.4985928500860049
1402659131559923713,negative,0.0017935384349600225
1402659131648008196,negative,0.0008831024496277283
1402659140091142145,negative,0.3079211287249981
1402659141697650696,negative,4.229418783506657e-08
1402659144189067267,negative,0.1637186164793682
1402659144478474244,neutral,0.46127768308170247
1402659146420346889,negative,0.0006251525484260526
1402659147464810498,negative,0.2089618154560221
1402659149603815426,negative,0.005125358968385346
1402659149889089538,negative,0.006103093543231666
1402659150589538309,negative,0.04531491646821888
1402659154595037193,neutral,0.6450906080214386
1402659155740090369,negative,1.630111599285399e-05
1402659159254917125,negative,0.12985430244680102
1402659164913082377,negative,0.06902839401154238
1402659165206679557,negative,0.06994064107200587
1402659165710032905,negative,6.0246006261078535e-05
1402659166007791620,negative,0.005629741426136483
1402659166615900166,negative,0.0025793997671609194
1402659168692154377,negative,0.12315393727051778
1402659168830513153,negative,0.02361257824259763
1402659170894106626,negative,0.04916193750163472
1402659172295057408,positive,0.7586315901854868
1402659174488674308,neutral,0.47371072416927557
1402659175285526532,negative,0.10210688175957572
1402659175751163907,negative,0.09666281562051206
1402659175939911687,positive,0.8222255158431281
1402659176476782594,positive,0.7841004985549254
1402659177881817090,negative,0.005609303588718711
1402659179094069251,negative,0.09060425196202514
1402659180402679810,negative,0.20990164826042865
1402659180910100485,negative,0.013767034408337927
1402659182042562564,negative,3.913179739320976e-06
1402659182176788480,negative,0.06265860095016826
1402659183519014923,negative,0.14278373290122653
1402659184735309825,negative,0.00015248088686033515
1402659184978563074,positive,0.7921112701139466
1402659185997791233,negative,0.04531491646821888
1402659188136947720,negative,2.6904220143517924e-06
1402659188778622983,negative,5.1547418745393374e-08
1402659190242385924,negative,0.014723776646620668
1402659191202979844,negative,0.0009836885798162336
1402659191605583876,negative,0.0018538497906761572
1402659194633863172,positive,0.7627843246566761
1402659196689129476,negative,0.010957731010128544
1402659197217644553,negative,0.006753119558778217
1402659198073196545,negative,0.18289050837627369
1402659198710784001,negative,0.228459572937578
1402659199876730881,negative,0.17951031470468679
1402659200266911746,negative,0.0004269071608512073
1402659201218928640,negative,0.0003218113018520469
1402659201239896065,negative,0.12745017928656305
1402659203391623171,negative,0.008937071370953306
1402659203509014529,negative,0.14278373290122653
1402659206700883970,negative,0.011821199330089746
1402659206784860166,negative,0.0039529982928059116
1402659207099338756,negative,0.055143144354749735
1402659208517009414,negative,0.007807999956969645
1402659209670496259,negative,0.016178860050851576
1402659209972432900,neutral,0.49789225920557484
1402659210245070856,negative,0.019061037392859997
1402659210265956352,negative,0.0009129499422868651
1402659211851579397,negative,9.30036426364754e-05
1402659212585545738,negative,0.04132078605062314
1402659213843873802,negative,0.17713122144932913
1402659215651524617,negative,5.0243950431496524e-08
1402659216872067079,negative,0.15879210602472643
1402659219661365249,negative,0.15831297252053048
1402659220047249412,neutral,0.4238246116801351
1402659221016035332,positive,0.8093319821862597
1402659222328913939,negative,0.0004574291209256215
1402659223096467461,positive,0.9997435592868792
1402659225323646985,negative,0.00023862307841865656
1402659226497990658,negative,9.607372046733103e-07
1402659227773116424,negative,2.732206285577361e-06
1402659230369435648,negative,0.02862610985995258
1402659231967453185,negative,0.2850785490431879
1402659232596570113,negative,0.22784872495107647
1402659234534264842,positive,0.9990908704894425
1402659234890891266,neutral,0.39005721012755035
1402659237810081792,negative,0.027264704448294954
1402659243069788160,negative,0.00131849925149206
1402659246202839042,negative,0.005629741426136483
1402659246634852354,negative,0.0044721682728509635
1402659249587695616,negative,0.22784872495107647
1402659250850127878,negative,7.901228358052136e-06
1402659250871148554,negative,0.0010583721218169263
1402659251126870017,negative,0.002259632163556522
1402659251202502662,negative,0.014309236222917644
1402659251323998208,negative,0.00259531199861574
1402659253152890881,negative,0.1666848523214648
1402659253823971335,neutral,0.5235113493101414
1402659254654357508,negative,0.060092539697308704
1402659257133289477,negative,0.008846084428780715
1402659257565302788,neutral,0.5318834537628724
1402659260874493953,negative,0.0011548208407915752
1402659262929768453,negative,6.896854707815984e-07
1402659266813743107,negative,0.2516571000925438
1402659274405339144,negative,0.013325077638795327
1402659278943567883,negative,0.002161641743740484
1402659283506978817,negative,0.10810892464812642
1402659286178742274,negative,4.539125859077568e-09
1402659287277752321,negative,0.1692461648199643
1402659287676116992,negative,0.24458027415078998
1402659289781747715,negative,0.02991989624735991
1402659291505381380,negative,0.014723776646620668
1402659294751887361,negative,0.004154255816638835
1402659295150419975,negative,0.020725725052506146
1402659296853307397,neutral,0.5136446707795853
1402659300305211401,negative,0.0002443193101294589
1402659301571940357,negative,0.04531491646821888
1402659301903241220,negative,0.03049451033644915
1402659310342225932,negative,0.20767124587531294
1402659312670027784,negative,0.04531491646821888
1402659319066370055,negative,0.2053662146986254
1402659319183720448,negative,0.1764936759768385
1402659320202940417,negative,5.0243950431496524e-08
1402659320953778178,negative,2.482041951829348e-07
1402659324116230153,negative,0.00131849925149206
1402659324200210442,negative,0.09089739463017658
1402659328541216776,neutral,0.4737554465528978
1402659328956547076,negative,2.1009803857411633e-06
1402659329468153858,negative,0.02016978607465005
1402659329547902977,negative,0.0006178646180255716
1402659330554482695,positive,0.9771680198685248
1402659330772643841,negative,0.036177765581212835
1402659331011747843,negative,0.00015248088686033515
1402659331338870788,neutral,0.6040493912950413
1402659333163438082,negative,0.19510946571462687
1402659333322723333,negative,0.019384971353053757
1402659333842866182,negative,1.4155767989618051e-08
1402659334396559364,negative,0.01114776665676775
1402659335214407683,negative,0.04021344515292397
1402659335432544263,negative,5.558063383493675e-06
1402659336565014528,negative,3.421873688400897e-05
1402659336862720001,negative,4.467483678145278e-06
1402659339060535298,negative,0.08339979008261068
1402659339333255173,negative,0.07190138442079817
1402659340151099394,negative,0.005745856700987572
1402659341019193349,negative,0.09192580858758893
1402659341686149126,negative,8.643653286902341e-05
1402659342076334084,negative,0.04531491646821888
1402659343397498887,negative,0.0003391886811910326
1402659345297547270,neutral,0.4737554465528978
1402659345670840327,positive,0.866275127940965
1402659346308272129,negative,1.849328900147132e-07
1402659346861879301,positive,0.7092297138808719
1402659347101106188,negative,0.0023963382348837414
1402659347260391425,negative,0.00013235312213282356
1402659350733332480,negative,1.2231008377631688e-08
1402659351035367425,negative,0.030159014350105283
1402659352293658625,negative,0.2824757535306346
1402659353082146817,negative,2.3389587805940838e-07
1402659353597984774,negative,0.00014980108987003388
1402659356240457737,negative,0.01737811102726519
1402659356454363139,negative,1.0086577719991844e-08
1402659356542484481,negative,0.20986667574712015
1402659357154816007,negative,0.03280709994240772
1402659357196701704,neutral,0.4651496474142663
1402659357460992003,negative,0.015280873926411247
1402659357943373826,negative,0.0010322644503587817
1402659359159640071,negative,0.0022489314775565265
1402659360883548161,negative,0.0421542928952038
1402659361047166981,negative,0.02540365867735426
1402659361214939136,neutral,0.49789225920557484
1402659361898520576,negative,0.08308470536041589
1402659362632577034,negative,0.0024969851727082754
1402659364016693258,positive,0.9255481950387161
1402659365295996935,negative,0.001123802730553338
1402659368101896193,negative,0.0024969851727082754
1402659369058287618,negative,0.00012891328953963023
1402659370282979332,neutral,0.33183487087398805
1402659370912129031,negative,0.10645826680638953
1402659371482558464,negative,0.0009466437795502501
1402659375337160704,negative,0.00131849925149206
1402659375479672832,negative,0.16767995868688712
1402659376276639751,negative,0.0005478139747264868
1402659377832673285,neutral,0.36288076649000006
1402659381758529539,negative,0.009228853868149856
1402659386770837505,negative,0.000825841890508752
1402659395859730433,negative,0.06085789804853742
1402659399966015489,negative,0.148425211534393
1402659401312395267,negative,0.01737811102726519
1402659401740210176,positive,0.7400615619753805
1402659402709192707,positive,0.9998898956786505
1402659403443101696,negative,0.00015837210618226328
1402659406286893057,negative,3.251944036518128e-05
1402659406286929925,negative,0.011256862155957371
1402659413912133633,negative,4.68694055293427e-05
1402659414038003721,negative,0.00131849925149206
1402659414553894915,negative,7.901228358052136e-06
1402659415262699525,neutral,0.49789225920557484
1402659416416083972,negative,3.844203868330891e-05
1402659417657589771,negative,0.23047644126278344
1402659419649892355,negative,0.22821616684985674
1402659420740390915,neutral,0.49789225920557484
1402659422418112514,negative,0.0001865829010168899
1402659429699493891,negative,0.021567841912954668
1402659433168216067,negative,0.001089364815802513
1402659435777085443,negative,1.8706406602817598e-06
1402659436460642305,negative,0.09033910252198331
1402659437232496643,neutral,0.4595860560943847
1402659442940858368,negative,0.09033910252198331
1402659444484460552,positive,0.6647211560139558
1402659447860834306,negative,0.0016150880069538158
1402659454403989510,negative,0.007721777600107849
1402659455746068486,negative,0.007679729796650318
1402659458967351297,negative,0.003259655965483518
1402659459806240775,negative,0.09134261547477321
1402659461576146944,negative,0.06911100210766787
1402659464482861058,neutral,0.3559094533033621
1402659464751337473,negative,0.22319036139661289
1402659465921548288,negative,0.19207529259377418
1402659466995191813,negative,0.004177968515596673
1402659471671836679,negative,0.005125358968385346
1402659472611450886,neutral,0.5751924191811049
1402659472846249986,negative,0.03119106136200889
1402659473576050689,neutral,0.49789225920557484
1402659474486222853,negative,0.022912506236846104
1402659475136331778,negative,0.0007701636558096141
1402659475358691328,negative,3.251944036518128e-05
1402659475601989644,negative,0.02593864259553668
1402659475639709697,negative,1.0417590240096211e-16
1402659477258653697,neutral,0.4737554465528978
1402659477506203653,negative,0.2362477076537153
1402659477720010760,negative,0.0063864693020849825
1402659477736804352,positive,0.8449812362690763
1402659478554779652,neutral,0.6509695142287316
1402659479691354114,negative,0.1789835702755439
1402659479775285255,negative,0.0007921699741566248
1402659481285238787,negative,0.04228171307561908
1402659481683648512,negative,3.719348024479043e-11
1402659481964756999,positive,0.7369121317011622
1402659482199527425,negative,1.9167189127370346e-09
1402659482879070209,negative,0.29653026351758854
1402659484124815361,positive,0.9397112481083332
1402659485089415179,negative,0.0018582142026466444
1402659485143945222,negative,0.29653026351758854
1402659485873852426,negative,6.019455330818351e-08
1402659487266357251,neutral,0.38702128141692416
1402659487463391236,negative,0.12823437409884614
1402659489208225797,negative,0.06158488026030587
1402659489346633729,negative,0.0015168187589987825
1402659489384443907,negative,0.02074895161880797
1402659490361712645,negative,1.8069524913419435e-05
1402659491125006338,negative,0.025895803882166883
1402659491645165571,negative,9.8650371715878e-08
1402659491691249668,negative,0.0012152908865881908
1402659491724812293,negative,0.06280232869169002
1402659492840476678,neutral,0.49789225920557484
1402659493025046545,positive,0.8093319821862597
1402659493490667521,negative,0.05077761273775463
1402659495055081473,neutral,0.49789225920557484
1402659495063531525,negative,1.715181741330721e-09
1402659498012053511,neutral,0.4407686014587586
1402659499744415751,negative,5.1547418745393374e-08
1402659500981637121,negative,0.0023868938709722073
1402659502223208453,negative,0.0001812488733201283
1402659502764220428,negative,0.01829308711525661
1402659503670185989,negative,1.9029102636773753e-09
1402659509068304392,negative,0.13973382191743858
1402659510041391104,neutral,0.49789225920557484
1402659510502805511,neutral,0.39005721012755035
1402659511878524930,negative,0.004241240495219495
1402659512398630915,negative,0.2644734452457248
1402659512528560130,negative,0.10470891443198739
1402659513535188993,negative,0.04531491646821888
1402659513849847809,negative,0.0002277803171722328
1402659516651642880,negative,0.0012344324074303845
1402659518258028544,negative,0.0002666922859213953
1402659518589423616,negative,0.07723974857920941
1402659518958522378,negative,0.004555126760673489
1402659519545683969,negative,0.019567598971730726
1402659520439070722,negative,0.02540365867735426
1402659520602640394,negative,0.0002277803171722328
1402659522980745222,negative,0.0008349535786793853
1402659525812011010,negative,0.00032377355075980817
1402659525891661826,negative,0.0008831024496277283
1402659526512349187,positive,0.9356425352498621
1402659528458616842,negative,0.08308470536041589
1402659530220179459,neutral,0.4990301113219762
1402659530253688833,negative,0.11907478214876598
1402659532527091715,negative,0.04531491646821888
1402659533344870401,negative,0.21433552074450707
1402659533793660929,negative,0.0008074754604902396
1402659534557089792,negative,0.2229523919676037
1402659536406728712,negative,0.02074895161880797
1402659539942584321,negative,0.08308470536041589
1402659541649612806,negative,0.04531491646821888
1402659542924730369,negative,0.004171489461763657
1402659543587373056,negative,0.07258104963667811
1402659544166277122,positive,0.7631927813365514
1402659544908582913,negative,0.0039529982928059116
1402659548507295753,negative,0.13339317767866538
1402659549140729865,negative,1.5507097478619556e-05
1402659551170678793,negative,0.1764936759768385
1402659551858642955,negative,0.0039529982928059116
1402659553045630982,negative,0.06788459032949214
1402659553246863372,negative,0.261693657738441
1402659553616056320,negative,3.9590439670168856e-05
1402659554425507841,negative,2.1849092297605238e-10
1402659556522614792,negative,0.02074895161880797
1402659557093085188,negative,3.0374521147597993e-09
1402659561727840261,negative,0.07983752777306279
1402659562302459907,negative,0.0018320310225224405
1402659562654679043,negative,3.69370964301703e-11
1402659563401269253,negative,0.15652390437436803
1402659563871084551,negative,0.218486402420383
1402659563904569345,negative,0.07259394147788527
1402659565305466880,negative,0.0049573332060130594
1402659565355814922,negative,5.1547418745393374e-08
1402659565452283907,negative,0.2966803027267906
1402659565561393156,negative,0.21154016891194585
1402659565787885569,negative,0.0038698268549129046
1402659566215733256,negative,0.0032223664823537086
1402659571219320832,negative,0.05128388920630159
1402659572045787140,negative,0.006678253490549658
1402659573526417409,positive,0.6668966059714642
1402659573811515393,negative,0.05582556349124552
1402659575539683337,negative,0.00618984363992816
1402659575933849612,negative,0.2812124665127172
1402659576399417346,negative,0.008937071370953306
1402659576806318083,negative,0.06695864543577425
1402659580266651651,positive,0.8222255158431281
1402659580493115395,negative,0.07332802076282284
1402659580509818880,positive,0.8122869640975685
1402659582158192647,negative,0.00015248088686033515
1402659583433318408,negative,0.10530772624601745
1402659585043927042,negative,0.00016236186553588035
1402659585106841602,negative,0.14568109879273128
1402659585966673926,negative,0.0009273328660985915
1402659587136888832,negative,0.12322374059022631
1402659587686383618,negative,0.0014667093990658323
1402659588361621512,negative,0.0049573332060130594
1402659590655909889,positive,0.9999012069027595
1402659592350441473,negative,0.000624764890780097
1402659592606261256,negative,0.1453492767221179
1402659593705209864,negative,0.2885759246831446
1402659593826734084,negative,0.0011329531721348699
1402659597484056580,negative,0.0002497077151671887
1402659598121713674,negative,0.13372530462629428
1402659599790923783,negative,0.0006282158722610278
1402659600055287809,negative,0.013767034408337927
1402659601011515397,negative,0.22493346794813412
1402659604845240324,negative,0.008486189898517734
1402659605377863682,negative,0.01114776665676775
1402659606304804864,negative,0.0004327989725885344
1402659607550517254,negative,0.2735426475376906
1402659614441758725,negative,0.06254915122727706
1402659614735441920,negative,0.21220868229492937
1402659616035639302,positive,0.9999625209608917
1402659616199266310,negative,0.17997488519278493
1402659618812305409,neutral,0.46127768308170247
1402659620477358083,negative,0.025751288647849157
1402659621098201092,negative,0.00015248088686033515
1402659622599729152,negative,0.06163758750336794
1402659623178489860,negative,0.03887650762915886
1402659623505739777,negative,3.499876410860963e-12
1402659627221803011,negative,0.10153473275352186
1402659627624538113,negative,1.3732331603057463e-06
1402659627934777345,negative,0.020984196997570044
1402659628157186055,negative,0.000875766500992276
1402659628358541312,negative,0.13320495340068214
1402659630258528266,negative,3.78817458945562e-05
1402659632666001418,negative,0.05077761273775463
1402659632791883778,negative,0.0530446936285379
1402659633387421696,negative,0.011806284555278818
1402659634050129925,negative,0.0036707903454162695
1402659634893185033,negative,0.05077761273775463
1402659634930987012,negative,0.1446041164482266
1402659635870507018,negative,3.78817458945562e-05
1402659636885561345,negative,5.1547418745393374e-08
1402659638441562112,negative,0.29858250404719916
1402659639469260801,negative,0.02074895161880797
1402659639829934080,negative,0.21223536507304275
1402659639909666819,negative,0.07503061985945292
1402659642040373255,positive,0.9435401758501419
1402659642568855556,negative,0.22771963958029243
1402659643592216579,neutral,0.6031659309639666
1402659644389183490,negative,5.1547418745393374e-08
1402659646406529024,negative,0.0030297368454360336
1402659647220334601,negative,0.0035757859731305
1402659648868524033,negative,0.00556946458682395
1402659649388752901,negative,0.08154071556995883
1402659650294648833,negative,0.1068049896217243
1402659650777010178,negative,3.910074703663005e-05
1402659651427176451,negative,0.0002761736039348055
1402659651553050629,negative,0.003792407934864152
1402659651968241664,positive,0.7741521231646545
1402659652194738178,negative,0.00395359420626047
1402659652807106560,neutral,0.5306398704057798
1402659652937076738,negative,0.03642942025312162
1402659653448835072,negative,0.0013599299873540784
1402659653784326144,negative,0.00016236186553588035
1402659654849675265,negative,0.0049573332060130594
1402659655327916036,negative,0.1307507008461938
1402659655768281093,negative,0.26220808473706064
1402659656384847875,negative,0.13858569004193308
1402659656460378113,negative,0.24458027415078998
1402659656586215425,negative,0.015726287255498073
1402659656888160264,negative,0.11370305620939626
1402659656900743170,negative,3.14802345587945e-05
1402659657131376643,negative,0.19943273285630103
1402659657609584645,negative,0.001110058851413393
1402659658062512130,negative,0.30207386672211656
1402659659778035721,negative,0.00015248088686033515
1402659660554031109,negative,0.0006458756500603007
1402659660558110724,negative,0.0010816202621244412
1402659661044662276,negative,0.0005111562472880351
1402659662256824323,negative,0.0016856066009950318
1402659662810525696,negative,7.743726933781478e-07
1402659663955509256,negative,0.16767995868688712
1402659664312012800,negative,2.1229355882346755e-06
1402659665574567936,negative,1.0356557854546636e-10
1402659670507114502,negative,0.01301280538663274
1402659671375294466,negative,0.06085789804853742
1402659672063098885,neutral,0.5199882515903922
1402659672096755713,negative,5.755394650153462e-05
1402659673954787328,negative,0.13454087585546887
1402659674357485577,negative,1.715181741330721e-09
1402659674567200776,negative,4.1469283220877434e-05
1402659676693663750,negative,0.0007692792529032948
1402659677104709632,negative,0.005027863179855113
1402659677515681813,negative,0.0004201560451228721
1402659677629042701,negative,0.041123366379527966
1402659677725470723,negative,0.005629741426136483
1402659678082023443,negative,0.025160553402822198
1402659680078413826,negative,0.3207136137982321
1402659680267247617,negative,0.023105063621770564
1402659681072566274,negative,0.21223536507304275
1402659681303207937,negative,0.21211795955919388
1402659682154684419,negative,5.003179439527025e-10
1402659682301403140,negative,0.002244874623491347
1402659683220008960,neutral,0.46127768308170247
1402659683358416896,negative,0.0024969851727082754
1402659683677224962,negative,0.049211065344152406
1402659684746727431,negative,0.17826711447173602
1402659684981612552,positive,0.9861518427785475
1402659688127344645,negative,0.015954747344518735
1402659688194453507,negative,0.0652839194002355
1402659688269979656,negative,0.011091402983997856
1402659688479666181,negative,0.2928676736142457
1402659688718667781,negative,0.04916193750163472
1402659689129730061,negative,0.27559690975127804
1402659689767264265,negative,0.007025614662432262
1402659690660696074,negative,0.009249863592363296
1402659690794950656,positive,0.8122869640975685
1402659691763834880,negative,1.693860599264281e-09
1402659691793108993,neutral,0.49789225920557484
1402659692439126023,negative,0.07459032600206694
1402659696360710150,negative,0.1353333088135986
1402659696666873856,negative,0.07379963277091922
1402659697216401413,negative,0.006796617225349921
1402659700676648962,negative,0.0016922641965132893
1402659702195032073,negative,0.1475548162193037
1402659702874513411,negative,0.04488753511531041
1402659703994257408,negative,0.03642942025312162
1402659704141234181,negative,0.11357477024235652
1402659704577351680,negative,0.054943944903196734
1402659706540265472,negative,0.00020268668104642557
1402659706729082887,positive,0.7217194908544518
1402659706980687881,negative,0.32573782325020034
1402659709082083328,neutral,0.4392838202975367
1402659715126116352,negative,0.00015248088686033515
1402659715641970692,negative,4.488463748823679e-05
1402659717168701442,negative,0.10504527266060999
1402659717562998794,negative,0.0024166680332652355
1402659719723032578,negative,0.17191069688563645
1402659719794380800,negative,0.2812124665127172
1402659720478048256,negative,0.09817661975693076
1402659720775745536,negative,0.027030514600196075
1402659723472621573,negative,0.03449416949959967
1402659724135383046,negative,0.003991451006001597
1402659725079089153,positive,0.7092297138808719
1402659727058866180,negative,4.3972945991682335e-09
1402659728208056340,negative,0.03489312911405267
1402659728791121927,negative,0.0004108780365218857
1402659731974524930,negative,0.06911100210766787
1402659732704350211,negative,0.09213370595733472
1402659734042390540,negative,0.11357477024235652
1402659734310711298,negative,0.044304423571561447
1402659734952493059,negative,0.00020268668104642557
1402659736420589575,neutral,0.42909323188051196
1402659736961662979,negative,0.09817661975693076
1402659738920366086,neutral,0.35441138857628485
1402659739226550279,negative,8.178864125374276e-10
1402659739327156233,negative,0.062362337071592396
1402659739998298117,neutral,0.41889062857537257
1402659741894164484,positive,0.9675141217482283
1402659742338670592,neutral,0.49789225920557484
1402659743462744069,negative,2.2729563172187135e-07
1402659743978725383,neutral,0.6368044337558563
1402659745627004932,neutral,0.41889062857537257
1402659745866059779,neutral,0.5432612801915924
1402659746184843274,negative,0.0925928539506085
1402659746201616389,negative,0.005609303588718711
1402659746801401858,negative,0.01829308711525661
1402659749150220288,negative,0.014356967336812859
1402659749460692994,negative,0.0025435638612163157
1402659749469032458,negative,0.0002981333558217855
1402659749531992071,negative,0.22489708229672786
1402659750018420745,positive,0.7092297138808719
1402659753646493705,negative,0.03937028424154721
1402659754380460033,negative,0.12188521316820156
1402659754649047042,neutral,0.46127768308170247
1402659755429142530,negative,0.06158488026030587
1402659756117041166,negative,0.012148487194727667
1402659757077504009,neutral,0.48061219287488127
1402659757127831556,negative,0.031772833219102924
1402659758361001984,neutral,0.3972509291595535
1402659758876807172,neutral,0.41889062857537257
1402659760923627530,neutral,0.6450906080214386
1402659760978137093,neutral,0.4429018650888275
1402659762425192453,negative,0.002379368779819175
1402659762785882113,negative,0.0744184792942043
1402659762832093189,negative,0.0002511740542539553
1402659763750592515,neutral,0.5199882515903922
1402659766648786944,negative,0.08633152922414129
1402659769102516229,negative,0.09817661975693076
1402659769635254276,negative,0.0029325724321333743
1402659769890971650,negative,0.08908789667303281
1402659769895342085,negative,0.004539652170186693
1402659770130182144,negative,0.0019605789521289743
1402659770432118785,negative,0.00015248088686033515
1402659770461347841,negative,0.042120268233281306
1402659772210585605,negative,0.013101231018749689
1402659772785102851,negative,0.00028745576313969113
1402659773086986240,negative,0.054563018375691566
1402659773443678213,neutral,0.45098251004766077
1402659773636657154,negative,0.07379963277091922
1402659773783461899,negative,0.04496977802988854
1402659774165049344,negative,0.0002277803171722328
1402659774798434315,negative,0.0005622101159735747
1402659775066816518,neutral,0.5882244888940641
1402659775721132035,negative,0.07724514202951188
1402659777541509130,negative,9.9582826112568e-07
1402659779223470082,negative,0.06530581208631138
1402659779596763140,negative,0.08579703226006438
1402659779693223942,negative,0.0004883856466919512
1402659780297166848,negative,0.00014980108987003388
1402659781668741126,negative,0.030803061554182373
1402659781840564225,negative,0.11162762197975168
1402659782687920129,negative,0.12703271384507175
1402659783417774084,negative,0.00020268668104642557
1402659783661047808,negative,0.1764936759768385
1402659786408218624,negative,0.011488307187773262
1402659786831843334,negative,0.0003010661402705708
1402659787620421640,negative,0.005629741426136483
1402659787918266369,negative,0.00018989456922791182
1402659790115979266,negative,0.000532694961397224
1402659792238354436,negative,0.0024842979030542237
1402659792972357636,negative,0.007008275262967404
1402659794704637964,positive,0.7237766294947607
1402659794922713092,negative,1.715181741330721e-09
1402659796008984581,negative,0.00010764769114251951
1402659796290052101,negative,0.06614710920647579
1402659798135496704,negative,0.12927083259645883
1402659800647876608,negative,4.327656295834294e-07
1402659800794738692,negative,0.006683188805047508
1402659801931337732,positive,0.9961579708818784
1402659803441291265,negative,0.14880961772858373
1402659803617533952,negative,0.03492236714610462
1402659803802054657,negative,0.00020268668104642557
1402659805454536707,neutral,0.3376821973409736
1402659806431924229,positive,0.8449812362690763
1402659808742871045,negative,9.410916743385156e-08
1402659809044934661,negative,0.00020268668104642557
1402659809871241225,negative,0.01213069952569008
1402659810890354691,negative,7.053151414857599e-09
1402659811200733195,negative,0.2053662146986254
1402659811360116737,negative,0.07488612565423494
1402659811389550596,positive,0.7421602654611243
1402659811817312261,negative,0.2022116893880138
1402659812090028032,negative,0.002164238850510159
1402659812303851524,negative,0.01872133252532278
1402659812673003528,neutral,0.5454294334440499
1402659813104963588,negative,0.0005359997897024017
1402659814237523968,negative,0.0025031793874665097
1402659814723969029,negative,0.04893116096828002
1402659814845603845,positive,0.6989387314537137
1402659816229724160,negative,0.00015248088686033515
1402659818071068678,positive,0.7621329915870502
1402659818314272768,negative,0.00014980108987003388
1402659818402422791,negative,0.0001298705217298816
1402659819010547717,neutral,0.37874993579954885
1402659819643936777,negative,0.002354310849354029
1402659819987812360,negative,0.006950216913575412
1402659820688265222,positive,0.9356425352498621
1402659820709294081,negative,3.0202544049110085e-09
1402659821661347844,negative,0.19207529259377418
1402659821959122947,positive,0.7300840865009319
1402659821992697857,negative,1.715181741330721e-09
1402659822428995588,negative,8.247193860635622e-05
1402659823880134664,negative,0.28164320245108965
1402659824756826113,negative,0.02165118183836413
1402659827428515842,negative,0.32359009059143207
1402659827684347904,negative,8.414072778351e-06
1402659832268681217,negative,2.8867413063303494e-09
1402659832956588040,negative,0.1537608980634709
1402659834743373826,negative,0.0018822099521507729
1402659835267764230,negative,0.0021959286631421456
1402659835288637446,negative,1.34718192685858e-06
1402659836450508800,negative,0.0008101754281586907
1402659841190019074,negative,0.00036888402897294735
1402659841743667206,negative,6.398233098317593e-09
1402659842603560967,negative,0.06085789804853742
1402659844356722693,negative,0.06098369733192535
1402659847275954179,negative,0.08012325267543423
1402659847313690631,negative,0.008627721406457577
1402659847892520976,neutral,0.5137959781910545
1402659850115588103,negative,2.0908417519620895e-11
1402659850367254530,negative,7.546606519337973e-05
1402659851067703301,negative,0.03228913891719375
1402659851587760131,negative,0.09241187123740884
1402659851646517252,negative,0.22493346794813412
1402659851809996805,negative,0.11357477024235652
1402659852795658243,negative,0.00016110905446199716
1402659855253573643,negative,0.0046096093698962505
1402659855354241028,negative,0.11645070328280413
1402659855471722507,negative,0.008068573552822714
1402659857707245570,negative,6.745109900427201e-05
1402659857912696836,negative,0.18425407198793964
1402659858147647492,negative,0.043550619120116665
1402659858780917761,neutral,0.5228838067131275
1402659859540107264,negative,0.004935941891878142
1402659859959529472,negative,0.0008831024496277283
1402659860202889222,positive,0.7092297138808719
1402659860622290946,negative,1.8258869746379713e-07
1402659862916571137,negative,0.01484172488492658
1402659863893889029,negative,0.0016922641965132893
1402659865554788353,positive,0.9820635785384034
1402659865844240386,negative,1.715181741330721e-09
1402659866586583043,neutral,0.3760027612510428
1402659866712420358,positive,0.6791223579976803
1402659867966558210,negative,3.51498246312192e-05
1402659868847267842,negative,0.006025080050674894
1402659868897595400,negative,3.2094364837850134e-07
1402659869925249028,negative,0.03174163532374991
1402659870797615105,negative,0.0025386325002172403
1402659870827061254,negative,0.00020268668104642557
1402659870969638916,negative,0.011488307187773262
1402659873356140545,negative,0.03541391419051638
1402659873490362376,negative,2.1009803857411633e-06
1402659873846874123,negative,0.055143144354749735
1402659874195001344,negative,0.10512143524389585
1402659874878771200,negative,0.06614710920647579
1402659874954170370,negative,0.0007353263318393248
1402659875352715264,negative,0.1475548162193037
1402659875465871362,negative,0.0597079115965029
1402659875851808768,negative,4.6259140783713025e-06
1402659877999218690,negative,4.6259140783713025e-06
1402659878657826823,negative,1.109567590699309e-05
1402659878808719360,negative,0.06446761730078081
1402659879546929162,negative,1.070245494372224e-09
1402659880956272647,negative,0.0010246297862077747
1402659881719668740,negative,0.02526342066899499
1402659881887358979,negative,0.021253893000559652
1402659882428477448,negative,0.000532694961397224
1402659882764062721,negative,0.11134223017356806
1402659885196746752,negative,0.000980914164592184
1402659886224248834,negative,0.21654223313435828
1402659886601703429,positive,0.9806042296309977
1402659886664663043,positive,0.6800749891157153
1402659887054786562,negative,3.78817458945562e-05
1402659887369359362,negative,3.849105957477222e-05
1402659888824827904,negative,0.052492431504727426
1402659888900108297,negative,0.035010876505497696
1402659889747480594,negative,0.0564138316055202
1402659889823031301,negative,0.19311067094070053
1402659890267496448,negative,3.3693349764645755e-11
1402659891450417156,negative,0.06080199980744139
1402659891785916425,neutral,0.3525924416689671
1402659892108926976,negative,0.06171359045095568
1402659892784140291,negative,4.995238220530059e-09
1402659896022212619,negative,0.000624764890780097
1402659896194224129,negative,2.861901332317219e-06
1402659897926377481,negative,1.683635310025525e-05
1402659899130138630,negative,0.19207529259377418
1402659899423723525,negative,0.17878682949537683
1402659901978120210,negative,0.014048099166578263
1402659902850539525,negative,0.22784872495107647
1402659903651647489,negative,1.3748042844950222e-06
1402659904691769345,negative,0.3092893193967029
1402659904918335488,negative,0.00015248088686033515
1402659904985321473,negative,0.06085789804853742
1402659905249611784,negative,0.07552112364657178
1402659907221049348,negative,0.00013618590600140252
1402659907774656514,negative,0.003654701269492564
1402659908202516480,negative,0.08886289974951674
1402659908290502659,negative,9.247341693168841e-05
1402659909544652804,negative,0.03631918433769304
1402659909586485248,negative,0.1719827207612334
1402659912455438337,neutral,0.4737554465528978
1402659912786788355,negative,0.21163882994794048
1402659913474752515,negative,0.05365786297342552
1402659913600483335,negative,0.21067794688059235
1402659913936015364,negative,0.0002273415916383263
1402659914485489664,positive,0.8222255158431281
1402659916683304966,negative,0.15286571773869442
1402659917253812233,positive,0.8222255158431281
1402659918017187842,negative,0.01746730430414386
1402659918876971008,negative,0.03799286449034073
1402659920047190028,negative,0.054943944903196734
1402659920185643011,negative,0.025672622557227482
1402659920495919107,negative,7.233888591553632e-11
1402659921490022406,negative,0.034012479180389354
1402659921540304898,negative,0.001487835632180568
1402659922156965888,negative,0.0021321021379230466
1402659922194620416,negative,0.1409403274176519
1402659922463035399,negative,0.000875766500992276
1402659924878970884,negative,0.07724514202951188
1402659926535806981,negative,0.04893116096828002
1402659926951010311,negative,0.00020268668104642557
1402659927290695680,negative,9.290609379547144e-05
1402659927315857408,negative,0.00017941002379476525
1402659928339267590,neutral,0.5159436667231726
1402659929006219264,negative,0.0049573332060130594
1402659929526345738,negative,6.8737754389735625e-12
1402659930579034116,negative,0.00014645529661032545
1402659931489292289,negative,0.05120105898622826
1402659931845808132,negative,0.1100072851074392
1402659932055511044,negative,0.007348297706162109
1402659932147699714,negative,0.0030297368454360336
1402659933238222856,negative,0.021531811373299285
1402659933431242757,negative,0.19311067094070053
1402659933678620672,positive,0.7473709410923118
1402659933817028623,negative,0.10659998454991694
1402659935834361856,positive,0.8018229513832156
1402659936245534725,negative,0.0342631130024151
1402659936866295810,negative,0.001872757395284906
1402659939475243014,negative,0.00493459445752079
1402659939747831809,negative,0.0009826141060788822
1402659940272164870,negative,0.008937071370953306
1402659943623409664,negative,0.0018301321136546696
1402659945452036107,negative,0.003592899110095334
1402659946706182150,negative,0.032272145616377285
1402659947742171143,negative,0.0023771061188909855
1402659948333568002,negative,0.07788113445516143
1402659948685824001,negative,0.32770037990024736
1402659949352783882,negative,0.0007764301757572682
1402659951181451265,negative,0.002192610920594118
1402659954667003909,negative,0.07707403770577731
1402659955891752965,negative,0.02087583252173372
1402659956097273857,negative,0.05165259237357874
1402659959242907656,negative,0.05077761273775463
1402659959377117190,negative,0.0003010661402705708
1402659959813324803,negative,0.0019712195651396436
1402659959918239746,negative,3.3933954842237392e-06
1402659960115376129,negative,0.041125535827532436
1402659960585084933,negative,0.00016236186553588035
1402659960954277900,negative,3.438709087578497e-05
1402659965412782082,negative,0.03642942025312162
1402659967434362882,negative,0.0008827136292837022
1402659967736463373,neutral,0.3697178874513354
1402659967962918918,negative,0.21223536507304275
1402659968998838279,negative,0.016087727370692813
1402659971125465091,positive,0.9962735920757743
1402659972907950083,negative,0.3000372730813175
1402659973226762244,positive,0.8608849454838764
1402659975172853760,negative,3.086339089940361e-08
1402659975499972609,negative,0.05128388920630159
1402659977135898628,negative,0.00020268668104642557
1402659977496608769,negative,0.00131849925149206
1402659977588838409,negative,0.0023771061188909855
1402659977827958786,negative,0.028725722531050536
1402659978327072781,negative,0.01096193827514526
1402659981443440651,negative,0.00234657780725221
1402659983347552256,negative,0.06670140141861411
1402659985058848780,negative,0.055143144354749735
1402659986614988805,negative,1.914001765721361e-06
1402659987311185931,negative,0.0005519385459287613
1402659988552749058,negative,0.27286022323195247
1402659990343766020,negative,0.003045377097346873
1402659991442661378,negative,0.010395002758697062
1402659992004706312,neutral,0.6474392233239359
1402659997037830149,negative,0.00039136989232712097
1402659997104889863,negative,0.00131849925149206
1402659997989879811,negative,0.004755070465269666
1402659998233239553,negative,0.028233932107647405
1402660000422580227,negative,0.006025080050674894
1402660000770711557,neutral,0.333725659995622
1402660001253109760,negative,0.00016506632834527066
1402660002100387851,negative,6.70921030549358e-13
1402660002163212289,negative,0.020190772170251402
1402660005468385289,negative,0.0058162973481228385
1402660005803921413,negative,3.417754794377519e-13
1402660006105812992,negative,0.0009385082751829652
1402660007758422018,negative,0.03500127724217177
1402660012359667713,negative,0.00015248088686033515
1402660012749697024,neutral,0.36473491957778936
1402660015287279624,negative,0.30905956368035736
1402660017527050248,neutral,0.3373919588998191
1402660018646827011,negative,0.07348529179348764
1402660019489939457,negative,0.014356967336812859
1402660020018286603,neutral,0.42902304041204736
1402660021851275269,negative,0.00027783226674664603
1402660025676480513,negative,1.693860599264281e-09
1402660026083315712,negative,0.0025848244814347687
1402660027291385861,neutral,0.577913557387514
1402660027773636609,negative,1.6112233291230468e-05
1402660028457291786,positive,0.8141392913248807
1402660028818104324,negative,0.06826407186997632
1402660029707210756,negative,0.08245432309369352
1402660030516768777,negative,4.799810124793641e-07
1402660034438369291,negative,0.0010740581751136438
1402660034711072772,negative,0.044430175672137306
1402660037068197897,positive,0.9255481950387161
1402660037735202821,neutral,0.5315025225330297
1402660038108401670,negative,0.02074895161880797
1402660038582235142,negative,0.09277024163898029
1402660038724960264,neutral,0.49789225920557484
1402660039031132160,negative,1.8675426002637923e-05
1402660039643521030,negative,0.0033103042645459394
1402660040461455361,negative,0.003991451006001597
1402660040473989127,negative,0.020646157202004356
1402660040545292290,negative,5.730255644143464e-05
1402660043737092103,negative,0.09297856513231333
1402660044169175042,negative,0.032272145616377285
1402660044630544392,neutral,0.577909136773818
1402660045054263300,neutral,0.5136446707795853
1402660046052397056,neutral,0.49619807400295074
1402660046656389125,negative,2.1009803857411633e-06
1402660053518258183,neutral,0.4678356693752491
1402660053598023682,neutral,0.6117891724406429
1402660054109765642,positive,0.7092297138808719
1402660054206226432,negative,0.02526342066899499
1402660054885601282,neutral,0.37613281431482276
1402660056567529478,negative,0.0004458839283091941
1402660057255383047,negative,0.13648089400122979
1402660057590927365,negative,0.00014885574134322914
1402660059042172928,negative,0.014356967336812859
1402660059616841733,negative,0.00131849925149206
1402660060313104388,negative,0.16555472904573593
1402660061143515138,negative,0.09499809338374483
1402660061919469575,negative,0.04531491646821888
1402660062267588610,negative,0.0023771061188909855
1402660062762606610,negative,0.21433552074450707
1402660063509102604,negative,0.017297618103163357
1402660064725540864,negative,0.003786130267831199
1402660064805146625,positive,0.7300840865009319
1402660065363046400,negative,0.001378740780645495
1402660066294120453,negative,6.833087642027128e-05
1402660066306703361,negative,0.13363301319885934
1402660067388923904,negative,0.09267819698975861
1402660069116874759,negative,6.932390577271214e-06
1402660069485993985,negative,0.02000202477062081
1402660069624451077,negative,0.0004108780365218857
1402660070069051393,negative,8.935899420308488e-08
1402660071537090568,negative,0.07023006128420756
1402660071990038530,negative,0.00024332485381672918
1402660072292065283,negative,0.10228552017263387
1402660072686247938,neutral,0.46127768308170247
1402660072874983428,negative,0.00011243911969942082
1402660073768423424,negative,0.06446761730078081
1402660075337048064,negative,0.08317341428446776
1402660076154929160,negative,0.0008130747309399913
1402660076561784840,negative,1.2268192955937703e-07
1402660077476237316,negative,0.09817661975693076
1402660078340087811,negative,0.1719827207612334
1402660081817239557,negative,0.009016124912233177
1402660081888595972,negative,1.0682840375090959e-08
1402660082706489345,negative,0.07425703143999765
1402660082974871556,negative,0.0018538497906761572
1402660083100700682,negative,8.7524262074723e-05
1402660084648484871,negative,0.0004108780365218857
1402660084807733252,negative,0.008937071370953306
1402660086410059779,negative,0.0004458839283091941
1402660088037396480,negative,0.07222481063552842
1402660088238776322,neutral,0.4744743198180873
1402660088318398465,negative,0.01114776665676775
1402660088884649990,negative,0.00733672708517553
1402660089161469952,negative,0.04908750374315351
1402660089400598529,negative,0.1704728934491861
1402660089442471940,negative,5.357237554277364e-06
1402660089740378117,positive,0.7812530126422849
1402660090096803843,negative,0.11358799966916694
1402660091703214081,neutral,0.49789225920557484
1402660092302999559,negative,0.00131849925149206
1402660092475068416,negative,0.0007441432739401371
1402660092655329286,negative,0.0030297368454360336
1402660093703897095,negative,7.354249426020352e-05
1402660094119133189,negative,0.003792407934864152
1402660094358196234,negative,0.28849680147577256
1402660095096496130,negative,3.9336762885201163e-19
1402660095239069699,negative,0.25713377043441715
1402660096778412034,negative,0.014013941361540596
1402660097076117506,negative,0.00044604201408747344
1402660099622117376,negative,0.0016856066009950318
1402660099747979275,negative,0.016764080076478043
1402660100356116481,negative,0.11119659543863034
1402660101450829830,negative,0.22864906974311708
1402660101505355776,neutral,0.49789225920557484
1402660101756968960,negative,0.014356967336812859
1402660102457413632,negative,0.2902592164779429
1402660102734290947,negative,0.25713377043441715
1402660103254417417,negative,0.013261170589263738
1402660104260968454,negative,0.00046360202965068975
1402660104265207818,positive,0.9246745361031676
1402660104953073664,neutral,0.46127768308170247
1402660105355677700,negative,8.049524126722974e-08
1402660105976492039,negative,0.06904187015378999
1402660107192877064,negative,0.19207529259377418
1402660107259985928,negative,0.06904187015378999
1402660107650056194,negative,0.013000351762809578
1402660107842985984,negative,0.021042752572619554
1402660107893288960,negative,0.00020268668104642557
1402660108434354179,negative,0.14676427572867123
1402660110523158537,negative,0.00015248088686033515
1402660111106072585,negative,0.0017912299870583186
1402660112003653639,negative,0.10659998454991694
1402660112062468096,negative,0.0001305379519445371
1402660112209268752,negative,2.732206285577361e-06
1402660112628658177,neutral,0.49789225920557484
1402660113710784522,negative,0.001110058851413393
1402660114843197440,negative,8.826920551008852e-06
1402660115182989317,negative,0.0018009842004816524
1402660115472334857,negative,1.039486611566633e-06
1402660116323831816,neutral,0.49789225920557484
1402660117095591939,positive,0.7692598443220963
1402660117254914050,negative,0.05385480576108469
1402660117644935170,negative,0.06085789804853742
1402660117984731139,negative,1.6524008445407262e-10
1402660119045939203,negative,5.277436488965353e-06
1402660119557648389,negative,0.0006922190806905778
1402660119868026884,negative,0.043362825358225054
1402660120706887683,negative,0.002354310849354029
1402660124800471044,positive,0.9344160091543966
1402660125433810947,positive,0.9861518427785475
1402660125987463172,negative,0.005637545918385039
1402660126381821957,negative,0.00234657780725221
1402660126876635141,negative,0.0018538497906761572
1402660129430978567,negative,0.17163973808206878
1402660130886500355,neutral,0.49789225920557484
1402660133537206276,negative,0.07259394147788527
1402660135009402880,negative,0.0005498662150449342
1402660135101775874,negative,6.247519661323715e-07
1402660135315685377,negative,0.004510529622855382
1402660135542067208,negative,0.04531491646821888
1402660136565489667,negative,0.000845646614544819
1402660137362509828,negative,2.45555328491089e-09
1402660137475751948,negative,2.132293547095959e-13
1402660137639321606,negative,0.006025080050674894
1402660138968883204,negative,0.0009859625963615493
1402660139304357889,negative,0.019069234147858133
1402660140063543304,negative,0.13842160292265468
1402660141258977280,negative,0.0001298705217298816
1402660141535744005,negative,0.0008071478676438674
1402660142605377538,negative,1.5594622297235745e-05
1402660145444712456,negative,0.11764362514869575
1402660146157862916,negative,0.15608868916466107
1402660146866708497,neutral,0.6450906080214386
1402660147286118403,negative,0.22027118363935952
1402660147651133453,negative,8.694705553138758e-06
1402660149244932098,negative,0.08129442671180762
1402660151379832832,negative,5.1547418745393374e-08
1402660151891537924,negative,0.06956819782545667
1402660153317597190,positive,0.9255481950387161
1402660154047447044,negative,0.005728635749086726
1402660154055725061,negative,0.0016368016431198115
1402660156408840203,negative,0.006796617225349921
1402660156962443267,negative,4.105583086001163e-09
1402660158916935681,neutral,0.611379875419333
1402660159395176449,negative,0.004503006993703149
1402660161291010055,negative,0.08122582746488098
1402660164826812428,negative,0.0049573332060130594
1402660165246197766,negative,0.06911100210766787
1402660165548118017,positive,0.7741521231646545
1402660165665579012,negative,0.06098369733192535
1402660166173089792,negative,0.07379963277091922
1402660169381785603,neutral,0.539526285423146
1402660170128314373,negative,0.2517732978918553
1402660170266710021,negative,0.01076497515906751
1402660172615593984,negative,0.19224535176805121
1402660173261557760,negative,0.01737811102726519
1402660173949423618,negative,0.010541765586509752
1402660174964396036,neutral,0.48061219287488127
1402660175895576578,negative,0.08653879771338546
1402660177069887490,negative,0.0015431125595708254
1402660177820766208,negative,0.009708498013374334
1402660178856718337,negative,5.1547418745393374e-08
1402660179192201217,negative,5.1547418745393374e-08
1402660179485904898,negative,0.06254915122727706
1402660180173656064,negative,0.001487835632180568
1402660180286971909,negative,0.000624764890780097
1402660182488985603,negative,0.00015248088686033515
1402660182728089607,neutral,0.6245307963396379
1402660182786707461,negative,3.9926690661718835e-06
1402660182937702400,negative,8.397801314864873e-05
1402660183319457793,positive,0.9633894245446962
1402660183407464454,negative,1.230271648232787e-13
1402660183881494530,negative,0.002656020268286838
1402660184053403658,negative,0.0033299897312826965
1402660185550864385,negative,0.08308470536041589
1402660185827688455,negative,2.0794055600893424e-05
1402660187530575873,positive,0.7092297138808719
1402660189891858433,negative,0.02540365867735426
1402660190307160064,negative,0.10931159369513473
1402660191313727498,negative,0.009710309030910282
1402660192140079107,neutral,0.46127768308170247
1402660194107203592,negative,0.2491501874354565
1402660194472054792,negative,0.0009466437795502501
1402660195743027206,neutral,0.577913557387514
1402660195801702400,negative,0.019129433618242875
1402660196720185344,neutral,0.44846293211155425
1402660196921581572,negative,5.002522705007135e-06
1402660197605285892,negative,0.0014575540731159725
1402660198318280709,negative,0.1263120116713249
1402660199329157120,negative,5.755394650153462e-05
1402660200356646912,negative,1.6494040880561513e-11
1402660200662933508,negative,0.26701587661831766
1402660201229127690,negative,5.002522705007135e-06
1402660201229176837,negative,2.8311165795806125e-14
1402660201640218624,negative,0.019069234147858133
1402660202562916356,negative,0.06911100210766787
1402660203074576384,negative,1.2464330933620225e-05
1402660204173479936,negative,0.048369659588590935
1402660204181966848,neutral,0.4663917579447527
1402660204395782146,negative,6.0246006261078535e-05
1402660206249713664,negative,0.04531491646821888
1402660207226916870,negative,0.0925928539506085
1402660209282138116,negative,0.25713377043441715
1402660210326609925,negative,0.010561382091930588
1402660212188778497,negative,0.000875766500992276
1402660213077970950,negative,0.0011548208407915752
1402660213908512771,negative,0.0039529982928059116
1402660213962981377,negative,0.08339979008261068
1402660214441082882,negative,3.969457866974094e-05
1402660215657533444,negative,0.27559690975127804
1402660217024811008,negative,0.032272145616377285
1402660217129738241,negative,0.00035377639926720413
1402660217352081411,negative,3.504541780731067e-14
1402660218010574849,positive,0.8790229572276264
1402660218467762182,negative,0.00024650930800680827
1402660219205963777,negative,5.0243950431496524e-08
1402660219415564293,negative,0.0030297368454360336
1402660222519414791,negative,0.21616627111920514
1402660222704001024,negative,2.518483055950622e-05
1402660222720675840,positive,0.8295785990975733
1402660226864758788,negative,0.0016856066009950318
1402660226915090440,negative,0.25149332066804553
1402660230723473414,negative,4.780272134606224e-10
1402660231172268036,negative,0.023636402689287756
1402660231889440769,negative,0.06368981471760236
1402660232430604290,positive,0.7092297138808719
1402660234007564288,negative,0.0009997118151796216
1402660234317946887,negative,0.0007701636558096141
1402660235723018241,negative,0.0023607884620746645
1402660235987361793,negative,0.10794391359306882
1402660236457041933,negative,0.015668460502288935
1402660236817833986,negative,0.00015248088686033515
1402660236918460422,neutral,0.5088253157799723
1402660239695138819,negative,0.00020268668104642557
1402660240039059456,positive,0.978153617686429
1402660240097677320,negative,0.00011660898999944712
1402660241775509511,neutral,0.3475287853417225
1402660242266198019,negative,0.12618174760051715
1402660242626863108,negative,0.0030333387478559517
1402660243688071174,negative,0.24090599883070993
1402660243704778770,negative,2.628414154356387e-05
1402660244321411080,negative,1.2632257592340827e-07
1402660244401049605,negative,0.0002277803171722328
1402660244514394118,negative,0.0036408203729669194
1402660245839650822,negative,0.061815560483129535
1402660247144210438,negative,0.049458228315077006
1402660249388130304,negative,4.708850733362858e-06
1402660250059218946,negative,2.1449042302717276e-06
1402660252642861056,negative,5.0730501934812114e-11
1402660253485916172,negative,0.0024969851727082754
1402660253695623187,negative,4.229418783506657e-08
1402660254026932226,negative,2.9961131488929305e-06
1402660256770105345,negative,0.003940494808980223
1402660257915146243,negative,0.27035128336138614
1402660258506543104,negative,0.014356967336812859
1402660258628112385,neutral,0.49789225920557484
1402660258900811777,negative,0.00012948049459435976
1402660260326821889,negative,0.06956819782545667
1402660261794922505,negative,0.08308470536041589
1402660262226939908,negative,0.21433552074450707
1402660262486872073,negative,0.2930109995316527
1402660262679920645,negative,3.323549320481539e-12
1402660266236690436,positive,0.9422054046604621
1402660267599745033,neutral,0.5438440939703841
1402660267750789121,negative,0.09297856513231333
1402660268975529991,negative,0.0011360352311063412
1402660270787502080,negative,0.015280873926411247
1402660271030689796,negative,1.8108255623374292e-06
1402660272196800519,negative,0.07983752777306279
1402660273421488133,negative,0.053093659191354746
1402660274629484546,negative,0.032272145616377285
1402660274679779330,negative,0.0003200643190882924
1402660275866718215,negative,0.07015338910635394
1402660278488252425,negative,0.17005428278801374
1402660278836285444,negative,1.5693455492076678e-12
1402660279738155019,negative,0.07379963277091922
1402660280971272203,neutral,0.4274047939449264
1402660281302532098,negative,4.229418783506657e-08
1402660281956802563,positive,0.9962735920757743
1402660282233655299,negative,0.24495626844009566
1402660282271469575,negative,0.0010450029491682878
1402660282955038729,negative,0.00020268668104642557
1402660285169668097,negative,2.628414154356387e-05
1402660285236887552,positive,0.9996270488213564
1402660285291302912,negative,0.26575379653131614
1402660287614836739,negative,0.07283378584092719
1402660288462262272,negative,0.09213370595733472
1402660289687044098,negative,0.010224258579643907
1402660290131464192,negative,0.1885649404484406
1402660291033321478,negative,0.001546337416543477
1402660292228747270,negative,0.0004327989725885344
1402660292849541132,negative,0.32359009059143207
1402660295768739840,neutral,0.40217249303586927
1402660297232560134,negative,0.0017755625287686927
1402660298385940486,negative,0.00015248088686033515
1402660300307021835,negative,0.03642942025312162
1402660301095555077,negative,0.007679729796650318
1402660301389152261,negative,0.006796617225349921
1402660302039158793,negative,0.0822067222571355
1402660302370525185,negative,0.00012948049459435976
1402660304480346115,negative,0.04531491646821888
1402660305327460353,negative,0.08117566818763386
1402660305445044228,negative,0.2935580718162223
1402660308901113864,negative,0.0013020748258049508
1402660309517541380,negative,0.0184145908073021
1402660310889242639,negative,0.0009466437795502501
1402660310981517319,neutral,0.35075369640273324
1402660311228891138,negative,0.19689899515879544
1402660311262433283,negative,0.04531491646821888
1402660312260677632,negative,2.515172556236075e-08
1402660312977973249,negative,0.0013213416993929973
1402660315280691200,negative,0.0008831024496277283
1402660316077604867,negative,1.7616543905705893e-12
1402660316345868292,negative,4.0943381387913126e-06
1402660317574873090,negative,0.0008074754604902396
1402660318195683328,negative,0.01430542906083149
1402660318250254336,neutral,0.539526285423146
1402660318803894277,positive,0.774378866808659
1402660319865053184,negative,4.283578019610289e-05
1402660320099848192,negative,0.04531491646821888
1402660321349734406,negative,0.00046512680877633356
1402660321458798592,negative,0.002374400813661878
1402660321723027460,negative,2.6663607656530554e-05
1402660322322706434,negative,0.0045943214924034775
1402660322708701192,negative,0.07864763695922442
1402660322951979011,negative,0.0018538497906761572
1402660324726251523,neutral,0.577913557387514
1402660325170814978,negative,0.046177314466715864
1402660325535612931,negative,0.11764362514869575
1402660325703536640,neutral,0.4349717936225199
1402660326429036547,negative,0.03112618246888581
1402660327066583047,negative,0.07971229785972682
1402660328190746624,negative,0.008025792379028892
1402660328991776768,negative,5.1169958331490494e-08
1402660329151213576,neutral,0.37710858893449634
1402660329864241157,negative,0.0013381227670520718
1402660331269328897,negative,0.01737811102726519
1402660334427684870,negative,0.04531491646821888
1402660337090973700,negative,0.010957731010128544
1402660338491924481,negative,6.302779361524778e-07
1402660338810638345,negative,0.021519738769762375
1402660340077318145,negative,0.00015248088686033515
1402660340886802436,negative,0.007295986385683756
1402660342367502338,positive,0.7052401499355143
1402660342669398017,negative,0.000875766500992276
1402660342962995206,negative,1.2480231741186521e-06
1402660343889989635,negative,0.0002754546797253139
1402660344984752140,negative,0.08308470536041589
1402660345131552774,negative,1.9025390415470738e-08
1402660346356248580,negative,0.020114981315953514
1402660347568349190,negative,0.10257144212051038
1402660347757142018,negative,0.00131849925149206
1402660347941691392,negative,0.27035128336138614
1402660350063960070,negative,0.05884383075612961
1402660350068203524,negative,0.00013569177998600296
1402660350454022148,negative,0.0015176410196717622
1402660351351693313,negative,0.08283761697575637
1402660351389409281,negative,0.14067758867202593
1402660351406190602,negative,0.25519271298826846
1402660351863406592,negative,3.847217991636555e-10
1402660352022700032,negative,0.015280873926411247
1402660352161157125,negative,0.13031571853105733
1402660352278597635,neutral,0.5730552204236814
1402660352416894989,negative,0.07177200259335137
1402660352463183878,negative,0.22902395099514658
1402660352635162625,negative,0.008780731962098087
1402660354233147408,negative,0.0007657023991696844
1402660354925203460,negative,3.482710259076688e-11
1402660356930125831,negative,6.932390577271214e-06
1402660358477733888,neutral,0.49789225920557484
1402660358729392129,negative,0.3079211287249981
1402660360801370116,negative,1.5008870664280646e-07
1402660360973389825,negative,0.00474616612350203
1402660362240004102,positive,0.7514446861887605
1402660362697252865,negative,0.10718602529217633
1402660362818752512,negative,0.09297856513231333
1402660363833942022,negative,1.1834718336979964e-05
1402660364748210186,negative,0.012965773482964064
1402660365914234882,negative,0.12065325428941177
1402660366799233036,negative,0.00020268668104642557
1402660367357169667,neutral,0.3592860469010718
1402660368246312964,negative,2.1449042302717276e-06
1402660368615419909,negative,0.07218405024225902
1402660371949834241,negative,0.005305330065095579
1402660372176322561,negative,0.24090599883070993
1402660374005129218,neutral,0.5979003227469695
1402660374474805248,negative,0.057654441149580085
1402660374651019273,negative,1.932413695021077e-05
1402660374835519492,negative,0.0004494013727347935
1402660375636627458,negative,0.32359009059143207
1402660375988948992,negative,0.21765979305939034
1402660377402478594,negative,0.012963250066635994
1402660377415008268,negative,0.09664764819420951
1402660378002214921,negative,0.061815560483129535
1402660378169987076,negative,2.628414154356387e-05
1402660378291679235,negative,0.16936692254526603
1402660379214417924,negative,0.00131849925149206
1402660380434960385,negative,0.0009466437795502501
1402660381986787328,negative,0.2527620963149295
1402660382007758849,negative,6.932390577271214e-06
1402660382548934663,negative,0.02086594186491789
1402660385690357770,neutral,0.3353500257179539
1402660388152414209,negative,0.0015332258069472554
1402660390518013958,negative,0.001110058851413393
1402660390530584584,negative,0.00017941002379476525
1402660392342540292,negative,0.04531491646821888
1402660392887799818,negative,0.006568025755479927
1402660395588927488,negative,0.013568426608100771
1402660396163604485,negative,0.00032201756399828315
1402660396742422531,negative,0.28267346580695857
1402660397925158915,negative,0.002244874623491347
1402660398365560840,negative,0.09802076646100634
1402660398537531392,negative,0.0014575540731159725
1402660398592147457,positive,0.9472947597744393
1402660399149993986,negative,0.2411171381745548
1402660399418429458,negative,0.027773178112122616
1402660400072695809,neutral,0.3444190835911178
1402660401133785093,negative,0.043362825358225054
1402660401305772040,negative,0.00240891623106239
1402660402505437187,negative,9.513913422149751e-08
1402660402811572233,negative,7.272876109338383e-05
1402660403201679364,negative,0.000717977779142128
1402660403952472066,negative,0.00015146879434095362
1402660406552899584,negative,0.10816286334134015
1402660407991537666,negative,0.00020268668104642557
1402660408188678152,negative,0.003161559003681132
1402660408603852806,negative,0.017539653079276647
1402660408608100359,negative,0.2850785490431879
1402660409145008136,neutral,0.36463061582711753
1402660409618874368,negative,0.05795781867081049
1402660410076041217,neutral,0.39846391252391167
1402660411359567879,negative,0.002943828468135052
1402660411405635585,negative,0.00019899615345773472
1402660411418238982,negative,0.008258776895055662
1402660413611941892,negative,0.00020268668104642557
1402660413993586690,neutral,0.34176455497270863
1402660414031290370,neutral,0.4515654678679133
1402660415100817414,negative,7.583476445277823e-06
1402660415646076928,negative,0.00131849925149206
1402660415734259718,negative,0.05077761273775463
1402660416027770884,negative,0.05128388920630159
1402660416866619403,negative,0.0013201637630103024
1402660418322055177,negative,3.935643222121777e-05
1402660420087857158,negative,2.7235430596031505e-08
1402660420272508937,negative,0.00020268668104642557
1402660422281568262,negative,0.014356967336812859
1402660422621278210,negative,6.311329046394877e-06
1402660425322348545,negative,0.0026732958404922995
1402660425871859715,negative,0.153901347698232
1402660426240901120,negative,0.01638613429089854
1402660426966503430,negative,0.08149233225415205
1402660429352947714,negative,0.010395002758697062
1402660429583761410,negative,0.08418203525658449
1402660431160922113,negative,4.670084278607864e-10
1402660431639023618,negative,0.25713377043441715
1402660431718752256,negative,4.8078694356704176e-05
1402660432754753538,neutral,0.49789225920557484
1402660433316646913,negative,0.08401810565433192
1402660433429946375,negative,3.3080919755733375e-06
1402660434927362048,negative,0.022879524988606514
1402660435237634053,negative,0.11764362514869575
1402660438257639425,negative,0.011211392817926729
1402660439507582976,negative,0.09033910252198331
1402660440044408839,negative,0.007283650701857557
1402660440879079424,positive,0.6785155393298011
1402660441105604608,negative,0.04756617699819062
1402660442003099648,negative,0.00019156581778429082
1402660442518999043,neutral,0.4096931670034796
1402660445996171265,negative,0.1637186164793682
1402660446650482688,neutral,0.4628803474493934
1402660446671413259,negative,0.041541310691785155
1402660447388540928,negative,0.019609254876981935
1402660447476670464,negative,0.005629741426136483
1402660448827232263,neutral,0.5137959781910545
1402660449041190919,negative,0.05086105822083668
1402660449255137294,negative,0.0004630061652275417
1402660450299432969,negative,0.008025792379028892
1402660450685362181,negative,9.431789965823797e-05
1402660451071234051,positive,0.9514172790177682
1402660452690235396,negative,4.1102591262938176e-09
1402660453399072769,negative,0.08308470536041589
1402660453466189827,negative,0.14278373290122653
1402660453520756736,negative,2.8888292861664566e-07
1402660453902438402,negative,0.21413189801957064
1402660454015643648,neutral,0.49240294546992547
1402660455324303360,negative,0.0009466437795502501
1402660456679055363,positive,0.7831646856026168
1402660456842641412,negative,0.00020268668104642557
1402660458906230788,negative,0.001780123170191616
1402660460768411651,positive,0.7774662866532656
1402660462383276032,negative,0.15135237946691557
1402660463545098242,negative,0.014356967336812859
1402660464899903489,negative,0.007140108472831513
1402660465755443200,negative,0.14941778012082413
1402660466061611011,negative,2.73724614728957e-18
1402660466493640706,negative,0.2977461860760397
1402660467114381316,negative,0.0014575540731159725
1402660468443992065,negative,3.4107851897540147e-06
1402660468683051009,neutral,0.49789225920557484
1402660469719109639,negative,0.07379963277091922
1402660469798748161,negative,0.11428583130183421
1402660474307686404,negative,0.29130709333443094
1402660475003867136,negative,0.004177968515596673
1402660475100348417,negative,0.03863130748571881
1402660475427594243,negative,0.015668460502288935
1402660475670831104,neutral,0.5250465984917517
1402660475758858243,negative,0.02980353275118163
1402660476740329476,negative,0.007638977615071741
1402660477340205058,negative,0.0005703552414758775
1402660477860290568,negative,0.0030297368454360336
1402660478548070400,negative,0.10057456498084728
1402660479508664323,negative,0.0023771061188909855
1402660480678780929,negative,0.002734928168030785
1402660481098305537,neutral,0.4678356693752491
1402660483392487427,negative,0.001110058851413393
1402660484608843776,neutral,0.3455292336426173
1402660484697014283,negative,0.002977076281057553
1402660485732999173,negative,0.06833435756818165
1402660486940868608,negative,0.01872133252532278
1402660489763733507,negative,0.13858569004193308
1402660490371870728,negative,0.027966404370638808
1402660490803912704,negative,5.014978889084641e-08
1402660491969900544,negative,0.0021115680844918682
1402660495618940933,negative,0.1031348966158151
1402660495753162752,negative,1.849206538800952e-07
1402660496017330179,negative,1.6764933708850844e-08
1402660496315138049,negative,2.732206285577361e-06
1402660496730472453,neutral,0.49789225920557484
1402660498840109069,negative,6.396576456718159e-11
1402660500169703426,negative,0.2026045492168704
1402660502581415937,negative,0.0004327989725885344
1402660502715736067,negative,0.2812124665127172
1402660503881764866,neutral,0.49789225920557484
1402660506272403456,negative,0.0007848476458267356
1402660507430105094,negative,0.0025848244814347687
1402660507618844673,negative,0.0023607884620746645
1402660508101140484,negative,2.628414154356387e-05
1402660508256382984,negative,0.00131849925149206
1402660509250371586,neutral,0.33402218903110614
1402660509346795521,negative,4.604503114886038e-07
1402660509351092234,negative,0.1372792772286022
1402660509392904193,neutral,0.33402218903110614
1402660509422297090,positive,0.9142302579461358
1402660509577465856,negative,0.0134008544931534
1402660509594394630,negative,0.28271264627476833
1402660509715894279,neutral,0.6116596248360073
1402660511041441792,negative,0.03590073494337926
1402660511288811525,negative,0.07639449085804143
1402660511314022401,negative,0.0023771061188909855
1402660511678861321,negative,0.10215457577166784
1402660513159516162,negative,0.018718518326709645
1402660516716335109,negative,0.0049573332060130594
1402660519044079618,positive,0.8030590577578189
1402660520906395651,neutral,0.4507454498615163
1402660521304862720,negative,0.023799290550485356
1402660521548169219,negative,0.005104789008699127
1402660521879482369,negative,0.00016236186553588035
1402660522584125445,negative,0.08308470536041589
1402660523024568323,negative,0.03745044204593828
1402660523485937665,negative,0.00439628869745744
1402660524333092869,negative,0.04737941219237368
1402660524370935808,negative,0.029473680084027756
1402660525121605634,negative,0.18589452766920453
1402660528527450112,negative,1.719823100154821e-05
1402660529739608066,negative,0.01978125223015998
1402660530049982464,negative,1.2586912462469754e-09
1402660531106942978,negative,3.231835227383825e-05
1402660531366989824,positive,0.8491006705427353
1402660531778035717,negative,0.27188841683403064
1402660532038012929,negative,0.012891417334514876
1402660532394643461,negative,0.0005714697167080345
1402660533569036300,negative,0.014356967336812859
1402660534974038018,positive,0.8792993249937961
1402660535443787787,negative,0.0023806270729309
1402660535657771018,positive,0.9962735920757743
1402660536463114240,negative,0.007862439799325615
1402660538832855042,negative,0.12394850969611926
1402660539340296193,negative,0.016135773180563737
1402660540309192707,positive,0.9891939375754396
1402660540447703049,neutral,0.3592860469010718
1402660541068369924,negative,1.8208871069742597e-06
1402660541831733260,negative,0.10470891443198739
1402660543731621890,negative,0.2882891619240878
1402660544784437250,negative,0.008937071370953306
1402660546630008843,negative,0.019069234147858133
1402660547397574660,negative,0.0018538497906761572
1402660548756611075,negative,0.029839157545310035
1402660548869767175,negative,0.0009395554443728622
1402660549830316032,neutral,0.5730552204236814
1402660551252193290,negative,0.09664764819420951
1402660551302471680,negative,1.0018643613032809e-06
1402660551554129933,negative,0.0010637391065450913
1402660552690835460,negative,0.005629741426136483
1402660554636943366,negative,0.04893116096828002
1402660555014483977,negative,0.004201496828633083
1402660555706470402,negative,0.011488778375649
1402660556109225988,negative,0.049331930181335366
1402660556524371968,negative,0.07813724536629785
1402660556537012228,negative,0.06672616050113866
1402660557023547394,negative,0.08886128954677093
1402660558856507400,neutral,0.4554915409937215
1402660559187857410,negative,0.00131849925149206
1402660559594659840,negative,0.00012948049459435976
1402660560454422535,negative,0.0001298705217298816
1402660562379718661,negative,0.19058785180334012
1402660562811633677,negative,0.000624764890780097
1402660563029741574,negative,0.019069234147858133
1402660565508661250,negative,0.019429014799905425
1402660566766919681,negative,0.04082405109578221
1402660567194685452,negative,0.055593544444803654
1402660568000040960,negative,4.105583086001163e-09
1402660568146788352,negative,0.00029926717871794705
1402660568562012161,negative,0.012723002037431924
1402660570613096451,negative,4.929928867890465e-06
1402660570638295047,positive,0.8222255158431281
1402660572030816258,negative,0.05213705083794563
1402660573238775810,negative,0.01224567771749932
1402660575474114560,negative,7.354249426020352e-05
1402660577760231426,negative,0.02076108169047593
1402660577860849665,negative,0.10530772624601745
1402660578276020226,negative,0.02076108169047593
1402660580318666754,negative,1.549975908866931e-06
1402660580691939334,negative,3.953703936808216e-07
1402660582914985988,negative,0.0010782951839423901
1402660584538132483,negative,0.22821616684985674
1402660584789786625,negative,0.0018538497906761572
1402660585385385988,negative,0.00131849925149206
1402660585502826496,negative,0.08653879771338546
1402660585729298432,negative,0.08154071556995883
1402660587793006592,negative,0.0001842217141420339
1402660589286084610,negative,0.00017684643321555466
1402660589361680388,negative,1.3573200542487724e-05
1402660590368268290,negative,0.0731405704359982
1402660592335339521,negative,0.2965318606539236
1402660593379721232,negative,0.15365372567779478
1402660593434251269,negative,7.314997576935342e-11
1402660596387127296,negative,0.0033800884074492335
1402660599213985798,positive,0.8684588061690124
1402660600484859910,neutral,0.41223237275533753
1402660600757489665,negative,0.1263120116713249
1402660600933765124,negative,0.0014575540731159725
1402660601093050368,positive,0.9742105095148164
1402660601273491464,negative,0.1615977477295286
1402660601923620864,negative,8.935899420308488e-08
1402660602376593417,negative,0.0025031793874665097
1402660602657521665,negative,0.11546309691135977
1402660603982979074,negative,0.19207529259377418
1402660604389769220,negative,0.0007979145620778614
1402660605480243203,negative,0.14404815635362164
1402660607007023104,negative,2.732206285577361e-06
1402660609590693889,negative,0.01228205351381001
1402660611931189251,negative,8.911523092492037e-05
1402660612405084168,negative,0.001110058851413393
1402660613252321281,negative,0.01224567771749932
1402660614183473156,negative,0.0001582479144294895
1402660616003850242,negative,0.00131849925149206
1402660616356220928,negative,0.004894457520073617
1402660617153134595,negative,0.00131849925149206
1402660618201714690,negative,0.007890835516711305
1402660618780426242,negative,0.00012152598701771378
1402660619883536389,negative,7.012225348089094e-05
1402660620395323396,negative,0.025672622557227482
1402660621942931467,negative,0.0026417898253438795
1402660623847198723,negative,0.005629741426136483
1402660624073699332,neutral,0.35256863130781746
1402660625092956170,negative,0.20986667574712015
1402660626649038849,negative,2.514319093829655e-06
1402660628523892736,negative,0.06826407186997632
1402660629417189376,negative,0.012733209565836184
1402660631380103168,negative,0.0008074754604902396
1402660634710454275,negative,3.681292555500328e-09
1402660635557650437,negative,0.2732099654217579
1402660635738054661,negative,0.08515802180105608
1402660635922649092,negative,0.0035757859731305
1402660636488785927,negative,1.715181741330721e-09
1402660638346862596,negative,0.2301917679834784
1402660640217513995,negative,0.043362825358225054
1402660641551360003,negative,0.006683188805047508
1402660642226573318,negative,0.014348451473292062
1402660643354914825,negative,0.025672622557227482
1402660643375886338,negative,0.0007657023991696844
1402660644625727491,negative,0.05691216444359638
1402660645028442118,negative,0.06085789804853742
1402660645372321795,negative,0.0007848476458267356
1402660645376565254,negative,4.7721952091893585e-05
1402660646303453190,negative,0.0959020150410225
1402660647964397569,negative,0.002618942865585106
1402660649096945675,negative,0.11018438716417288
1402660649172357121,negative,0.08342021031862229
1402660652842459137,negative,0.024556844101852188
1402660653366657026,negative,0.00045706707570484747
1402660653949726721,negative,0.00014571765922918685
1402660657472933893,neutral,0.49789225920557484
1402660658131439622,negative,0.22493346794813412
1402660658689232902,negative,5.1547418745393374e-08
1402660659838468096,negative,0.009962775991041235
1402660660983500807,negative,0.15286571773869442
1402660663483420673,negative,5.136868310928305e-11
1402660663827349504,negative,7.243637498733581e-07
1402660668088668164,negative,9.607372046733103e-07
1402660668143251456,negative,3.935643222121777e-05
1402660668390711298,negative,0.11310942035982505
1402660672454942724,neutral,0.49789225920557484
1402660672538820621,negative,0.0026732958404922995
1402660673201401859,negative,0.02199596432830244
1402660674044633089,neutral,0.408942169628454
1402660674057166855,negative,0.0014575540731159725
1402660674346573835,negative,0.01747530504367249
1402660675860713473,negative,0.00014645529661032545
1402660676187967496,negative,0.024556844101852188
1402660676229816328,negative,0.08217655789352572
1402660676695379972,negative,3.7010903496677005e-06
1402660677022588928,negative,0.052994091493931
1402660677886566402,negative,0.0025434087099091398
1402660679711141890,negative,0.03270128027182298
1402660681682456577,negative,0.005817884779455369
1402660681833398272,negative,4.799810124793641e-07
1402660686061359104,neutral,0.49789225920557484
1402660689647443972,neutral,0.539526285423146
1402660692856033285,negative,0.0009466437795502501
1402660693141295108,negative,0.0872021358403268
1402660693145493505,negative,1.0153101743925824e-08
1402660695192354819,negative,0.26630299470744195
1402660695313989637,negative,0.21027811633638469
1402660695557251074,negative,0.01441831927999481
1402660697549459463,negative,0.21163882994794048
1402660698514153475,negative,0.0005171162669962095
1402660698904268800,negative,0.003930517800855162
1402660699311165447,negative,0.11370305620939626
1402660700397391882,negative,0.0040568775288482226
1402660700489662480,negative,0.00131849925149206
1402660702054125572,negative,0.010395002758697062
1402660702117142537,negative,0.0021237407661403563
1402660702226112514,negative,0.11370305620939626
1402660703354380291,negative,0.25720347052747533
1402660703857745921,negative,0.0019932505206108737
1402660704319123457,negative,0.21711018991749798
1402660704797310980,negative,0.00019619935798743292
1402660706453966850,negative,0.07379963277091922
1402660706672156672,neutral,0.6043703073224822
1402660707288690689,negative,1.715181741330721e-09
1402660709813608456,negative,6.075813695167863e-09
1402660710669328386,negative,0.050033000937048024
1402660714473574404,negative,0.017120573613637363
1402660714989375490,neutral,0.5154125519687447
1402660717053067264,negative,0.015277765316665422
1402660717497622531,neutral,0.33402218903110614
1402660717577261058,neutral,0.5263474415513097
1402660718185435142,negative,0.034012479180389354
1402660718697136137,negative,0.0005916095123036088
1402660720869842952,negative,0.3263905330884209
1402660721008295941,negative,0.0007692792529032948
1402660721683484676,negative,0.00017056873777754217
1402660723696844815,negative,0.09085838354094262
1402660723852025859,negative,0.003073571540255927
1402660724724355080,negative,0.0001558806536890378
1402660724879642634,negative,2.1449042302717276e-06
1402660725085061137,negative,0.10334567712265445
1402660727156985863,negative,0.004997707467149816
1402660728868380680,negative,0.05054901784211061
1402660729098997761,negative,1.6056473366064882e-05
1402660730227367936,negative,0.00017941002379476525
1402660730529329158,negative,0.0014575540731159725
1402660732060286977,positive,0.9962735920757743
1402660733570195457,negative,0.0006853854742087707
1402660734484500487,positive,0.7722776037851421
1402660734769762309,negative,6.0246006261078535e-05
1402660736141234178,negative,0.001110058851413393
1402660738523713540,negative,0.0056214294489791905
1402660741417689090,negative,0.20120791220647014
1402660741954555917,neutral,0.4616063980731186
1402660742281715712,negative,0.12269009695885483
1402660743238066176,negative,0.007348297706162109
1402660743967920132,negative,0.02356754873837569
1402660745565851648,negative,0.06265860095016826
1402660745859506179,negative,6.932390577271214e-06
1402660747696652288,negative,0.026754701151518033
1402660748405268481,negative,0.02245805666914216
1402660748476751876,negative,0.047923389685821285
1402660749902815235,negative,0.008491144329752773
1402660750498353153,negative,0.034818523621319174
1402660752394174465,negative,8.020764730703504e-05
1402660752545230852,negative,0.013953419771031818
1402660753354670082,negative,0.03271521679417576
1402660753631584258,negative,1.1551612577911257e-05
1402660753874767879,negative,0.0025127968997322807
1402660754470457358,negative,0.0003145384848300097
1402660754487119875,negative,0.016275948205034377
1402660755879739401,neutral,0.5245493784122897
1402660757662273546,negative,0.06085789804853742
1402660757934948363,negative,0.10631786515284404
1402660758207578115,negative,1.893270635895757e-07
1402660758371110912,positive,0.8762693994739659
1402660758396231692,negative,0.057654441149580085
1402660759147012101,neutral,0.3355865250158848
1402660759700639749,negative,0.10286991504670501
1402660760002703360,negative,0.21433552074450707
1402660760505958404,negative,0.002631173059437936
1402660761160368136,negative,0.0009997118151796216
1402660761625935874,negative,8.036944808748544e-05
1402660762531909643,negative,0.0013599299873540784
1402660763605549062,negative,1.5501477214274305e-11
1402660763827855363,negative,0.0005521031918178222
1402660765333663750,negative,0.049331930181335366
1402660765392379905,negative,0.002026453867329626
1402660765480411137,negative,3.14802345587945e-05
1402660768462553092,negative,0.0008362258955564089
1402660769532162049,negative,0.2427010273027627
1402660771964796933,negative,3.251944036518128e-05
1402660773143453702,negative,0.0038450451296255343
1402660773348864000,neutral,0.4507454498615163
1402660774879846401,negative,0.1765349760797645
1402660775437684739,negative,0.02514279301940666
1402660775626424326,neutral,0.5072356650497893
1402660777862086663,negative,0.029808442141688738
1402660778084274177,negative,0.0018538497906761572
1402660778184957953,negative,1.7711953838193677e-08
1402660779887898626,negative,0.0001097067422383313
1402660781511086080,negative,0.06085789804853742
1402660784099020804,negative,0.000697357673605189
1402660785533427720,neutral,0.539526285423146
1402660787198513154,negative,0.05738731705847255
1402660787659890694,negative,0.10470891443198739
1402660788398182404,negative,2.1449042302717276e-06
1402660790415593483,negative,4.741470845526375e-06
1402660791594237953,negative,3.9569373361387194e-08
1402660791938162688,positive,0.9366055443367914
1402660792445587457,negative,0.061090310453064595
1402660794685329415,negative,0.04005590844156912
1402660795511681027,negative,0.21760466093969125
1402660796711190530,negative,0.14987183158682765
1402660797155790852,negative,0.0008950721924194015
1402660797294297093,negative,0.0024969851727082754
1402660797411647490,positive,0.6624055896622104
1402660797613027330,negative,0.0039529982928059116
1402660797688561674,negative,0.1765349760797645
1402660797843714052,negative,2.8091513975909058e-06
1402660798078636040,negative,0.0024350585082734077
1402660798670028802,negative,0.21139109066500397
1402660799043276804,neutral,0.46127768308170247
1402660802268700672,negative,0.2427010273027627
1402660802583224321,negative,0.001278503335434978
1402660804223287300,negative,0.27559690975127804
1402660809600286723,negative,0.08308470536041589
1402660810686668806,negative,0.014723776646620668
1402660810753658886,negative,0.0005478139747264868
1402660811198324736,negative,0.08188600351074216
1402660811730993152,negative,0.0010637391065450913
1402660813115174914,positive,0.8999818614197855
1402660813626920961,negative,0.32359009059143207
1402660813731733504,negative,0.13105677139632355
1402660814092476419,negative,1.4867924951748779e-05
1402660816072187904,negative,0.06085789804853742
1402660816357363719,neutral,0.3916352286666657
1402660817234018307,negative,0.0005111562472880351
1402660818819424257,negative,0.25713377043441715
1402660818932703237,negative,0.00027781516722646336
1402660818974609409,negative,1.715181741330721e-09
1402660820237045764,positive,0.9547880616863362
1402660820287426563,negative,0.03119106136200889
1402660821700853765,negative,3.163747485683783e-05
1402660822388707328,negative,1.5008870664280646e-07
1402660822871064579,negative,0.18375970861162721
1402660823206617089,negative,0.011761046093249485
1402660825144430592,neutral,0.3444190835911178
1402660826071306245,negative,0.017681998656635875
1402660826394337283,negative,0.015386016993002339
1402660828411727872,negative,0.09063579499909426
1402660830580248579,negative,0.0025031793874665097
1402660830592782338,negative,0.14724156289400714
1402660830886477829,negative,0.0014575540731159725
1402660832085938182,negative,2.0012737636801144e-08
1402660832929062918,negative,0.01936513255133861
1402660833914671105,negative,3.618069560986593e-06
1402660834099314688,negative,0.0007072627153632029
1402660834195685376,negative,0.21433552074450707
1402660835206569997,negative,3.4621503353797736e-05
1402660835877662720,neutral,0.577913557387514
1402660835936378881,negative,0.04326749920868208
1402660836020207617,negative,0.001110058851413393
1402660838289379328,negative,1.7906898745794864e-10
1402660838830395393,negative,0.00131849925149206
1402660840365506565,negative,2.9603968152188804e-05
1402660840927604738,negative,0.3079211287249981
1402660841523142659,negative,0.19207529259377418
1402660841942626306,negative,0.08339979008261068
1402660842659778565,negative,6.0246006261078535e-05
1402660844983443462,negative,0.0009161302615239787
1402660845608443908,negative,0.0010637391065450913
1402660846342447106,negative,0.06876483182648761
1402660847500120065,negative,0.0013003267808221108
1402660848120832000,negative,4.247338317546325e-05
1402660851019137025,negative,5.0243950431496524e-08
1402660852394827778,negative,3.832787539085954e-08
1402660852495532041,negative,0.006683188805047508
1402660853514739717,negative,0.2040511445371348
1402660857520082948,negative,0.005629741426136483
1402660857730023424,negative,0.043362825358225054
1402660861043482626,negative,0.008835429017008062
1402660861475528704,negative,0.012243264817610344
1402660861949399047,negative,0.19311067094070053
1402660861970464769,negative,0.04897416283983249
1402660863702675462,negative,1.166731867012539e-08
1402660864440864774,negative,0.0030297368454360336
1402660864650629125,negative,0.0007479356000417801
1402660864763875331,negative,0.1704728934491861
1402660865002901510,negative,0.00029564402985305917
1402660869377605636,neutral,0.49789225920557484
1402660869998317568,negative,0.03520799040513861
1402660871076302853,negative,0.10470891443198739
1402660871776702472,neutral,0.44125804222876097
1402660873118814214,negative,0.22394331564521885
1402660873676771337,negative,0.02540365867735426
1402660874100281360,negative,0.0042925249398744056
1402660874972770314,negative,0.017608731377548623
1402660876902096896,negative,0.31821399201911765
1402660877145456652,negative,0.02422961580685492
1402660877824843776,negative,0.09670995708220463
1402660879112474624,positive,0.774378866808659
1402660880769245185,neutral,0.4392282592740697
1402660882363125764,neutral,0.6301234559680013
1402660883394859008,negative,2.628414154356387e-05
1402660883415830532,neutral,0.5203458730174669
1402660885093617665,negative,5.603349426488271e-10
1402660885160677376,negative,0.00017941002379476525
1402660885789741063,negative,0.060331327381858334
1402660887119511565,negative,0.2812124665127172
1402660891083132929,negative,0.008025792379028892
1402660891494162436,negative,0.320989734291795
1402660892580458501,negative,0.0049573332060130594
1402660895180865540,negative,0.004177968515596673
1402660895197745157,negative,0.1372792772286022
1402660898213404677,negative,0.0018774317068200475
1402660899043876867,negative,5.1547418745393374e-08
1402660899526254594,negative,2.459024602844167e-07
1402660899735941121,negative,0.25614628843344034
1402660900012707842,negative,0.001546337416543477
1402660901858299910,negative,0.00099820638165967
1402660904966275074,negative,0.21433552074450707
1402660905318588421,negative,0.003990448139897287
1402660907059134465,negative,0.19311067094070053
1402660907398881280,negative,0.0186475903040634
1402660908976033795,negative,0.18459858958932926
1402660910217535498,negative,0.006025080050674894
1402660910586548224,negative,0.0024969851727082754
1402660911060561922,neutral,0.49789225920557484
1402660911391952896,negative,0.04280709061721464
1402660912239198209,negative,0.19855308847974637
1402660917180047366,negative,0.0597079115965029
1402660917603704832,negative,0.011373651527146833
1402660917637222400,neutral,0.42731488696630027
1402660917704331266,negative,0.08683109825637778
1402660919075823630,negative,0.03929320106080976
1402660919633747972,negative,0.0014575540731159725
1402660920430665729,negative,0.10470891443198739
1402660920451551237,negative,0.023636402689287756
1402660920719986689,negative,0.00234657780725221
1402660921663700993,negative,0.006913379178485698
1402660922578059266,negative,0.0024969851727082754
1402660922624200705,negative,0.000306254912799158
1402660924201263107,negative,0.10659998454991694
1402660926810120205,neutral,0.538010275841763
1402660926902448130,negative,0.052796153595986606
1402660927179264013,negative,0.23547448214396235
1402660928554999811,negative,0.04228171307561908
1402660929834209281,negative,0.03339120273230579
1402660930970963974,negative,0.00407926509311509
1402660932942237705,negative,0.11947917507214176
1402660933235843072,negative,0.0021237407661403563
1402660935077175296,negative,0.03652390753855977
1402660935173611522,negative,6.3593719220646155e-09
1402660937052659721,neutral,0.577909136773818
1402660937392398336,positive,0.8218899560140794
1402660940928126984,negative,0.0023607884620746645
1402660944841433094,negative,0.27559690975127804
1402660945374089221,negative,0.0005730348817258398
1402660946057826307,negative,0.0002981333558217855
1402660948670824450,neutral,0.46127768308170247
1402660948847046661,negative,0.10644883429379623
1402660950461882388,negative,0.07780169588527301
1402660951254573062,negative,4.103389485676406e-05
1402660951728533506,negative,0.1013588901341053
1402660952282210309,negative,0.15546658344826886
1402660952311488515,neutral,0.33402218903110614
1402660953645322243,negative,0.003029218062106838
1402660953771151363,negative,3.125525768781394e-08
1402660953985015818,negative,0.04531491646821888
1402660955805343746,negative,0.00015248088686033515
1402660956317130753,negative,0.00407926509311509
1402660958615523332,negative,2.514319093829655e-06
1402660958644932609,negative,2.628414154356387e-05
1402660959001485313,negative,0.012981147558031253
1402660959911661574,negative,0.21433552074450707
1402660960435900424,negative,0.002057801093131033
1402660962570735621,negative,0.11548193386481168
1402660963887763457,negative,0.31308508570011573
1402660963933958145,negative,0.3131458438896516
1402660967415123968,negative,0.1358235064809202
1402660969516515330,negative,5.529472411816771e-07
1402660969852157952,negative,0.0004078076874556432
1402660970103705600,negative,0.0014575540731159725
1402660970661568518,negative,0.00407926509311509
1402660970963558402,negative,5.0726582210748165e-11
1402660971462660099,negative,0.0024969851727082754
1402660971999543298,neutral,0.49789225920557484
1402660972897112066,negative,0.0010816202621244412
1402660972930777093,neutral,0.5432612801915924
1402660974008672257,negative,0.13978599919014728
1402660974377766924,positive,0.8608849454838764
1402660974423851010,negative,5.0243950431496524e-08
1402660975610941440,negative,0.16210898733878618
1402660978827874314,negative,0.0030104518884260033
1402660979494825985,negative,0.030411018831284484
1402660980425990149,negative,0.00017632733603233596
1402660980610449411,negative,1.7555303951496961e-06
1402660981596110849,negative,0.11548193386481168
1402660983705935872,negative,9.290609379547144e-05
1402660985475829763,negative,1.0790433933699157e-05
1402660986608357376,positive,0.7324849872959731
1402660987988185091,negative,0.0007701636558096141
1402660988151906316,negative,7.476014116570349e-06
1402660989410099204,negative,0.14198231664320185
1402660991406641155,negative,0.020847651992240427
1402660992996286468,negative,0.0004782508191290706
1402660994153947142,negative,0.10470891443198739
1402660995403763716,negative,0.3054730208072067
1402660996645335051,negative,5.813181176983776e-09
1402660997136064518,negative,0.29858250404719916
1402660997916151810,negative,0.006989875070681305
1402660998893518848,negative,5.16216471815095e-06
1402660998998286343,negative,0.0012795541899344352
1402661000059494400,negative,1.3538887611709513e-10
1402661000097288192,negative,0.00024498824001348876
1402661000390742016,negative,0.014348451473292062
1402661001430982657,negative,3.538333412557929e-08
1402661002890539008,negative,0.020854188746994025
1402661002978725889,negative,6.763082135557497e-13
1402661003263938565,negative,3.704316937178263e-10
1402661003507163149,negative,0.008846084428780715
1402661003645669382,negative,0.15019618061966783
1402661003976916995,negative,0.060229975233889836
1402661005335928833,neutral,0.49789225920557484
1402661007743389697,negative,0.2831558480326258
1402661008041078794,neutral,0.33968790282220235
1402661009576366085,negative,0.0002739597141945552
1402661010192928777,negative,0.03270128027182298
1402661010775982083,negative,0.005927734438584308
1402661011069493253,negative,0.00021453633049142967
1402661011526623233,negative,2.1449042302717276e-06
1402661013191806982,negative,0.04280709061721464
1402661013426737155,negative,0.27673259816843543
1402661014395625479,negative,0.015213673331162908
1402661015469363205,neutral,0.39075087650939966
1402661016039743494,negative,5.721249614540112e-11
1402661016845144066,negative,5.294968783846537e-08
1402661019332366337,neutral,0.3916352286666657
1402661019697156108,negative,0.32359009059143207
1402661019860803587,negative,4.105583086001163e-09
1402661020292759561,negative,0.17417396113742767
1402661020880060417,negative,0.21433552074450707
1402661021593001990,positive,0.9893186474960723
1402661021647470598,negative,0.26429218937246507
1402661021735702534,negative,0.04280709061721464
1402661023572705284,positive,0.8449812362690763
1402661023610556417,negative,0.024556844101852188
1402661026017988613,negative,3.930387744277393e-08
1402661026550763529,negative,0.25713377043441715
1402661028991844354,negative,0.05655507191496898
1402661030375854083,negative,0.21921412548362115
1402661031147720704,negative,0.08308470536041589
1402661031327973377,negative,0.15487737203545152
1402661031692976131,negative,6.56469101714102e-05
1402661033869783046,negative,0.02074895161880797
1402661034222047233,positive,0.8276188485909708
1402661034666700808,negative,0.00015248088686033515
1402661035534962691,negative,0.0024969851727082754
1402661037585833989,negative,0.0049573332060130594
1402661038139576320,negative,0.09089739463017658
1402661043411750920,negative,0.28488609363469436
1402661044963717120,negative,0.014048099166578263
1402661046574268422,negative,0.0001878785353618882
1402661046809137153,negative,2.5972667672367072e-05
1402661050080694273,negative,0.10470891443198739
1402661050177273859,neutral,0.34610636345222306
1402661050181378052,negative,0.21612263710893329
1402661055285940228,negative,0.10538752160079357
1402661056372219906,negative,0.055593544444803654
1402661058217656323,neutral,0.5403180664934693
1402661060478484481,negative,0.00046244105902042934
1402661060780433412,negative,0.013305331256518496
1402661062445502468,negative,0.014294063370558954
1402661062982373383,negative,0.004997707467149816
1402661063070556161,negative,1.8706406602817598e-06
1402661063951278086,negative,0.006459344855886139
1402661064186204161,negative,1.8706406602817598e-06
1402661065209622529,neutral,0.5173008960746949
1402661066576957449,negative,0.0006521465181626123
1402661067608690688,negative,0.09063579499909426
1402661068552519680,negative,0.012347610074331706
1402661071077490697,neutral,0.33125746945899875
1402661072255995910,negative,5.002522705007135e-06
1402661073942159361,negative,0.05744138641198727
1402661074290319365,negative,4.3617546224199776e-08
1402661075292667904,positive,0.7324849872959731
1402661075619926019,negative,0.0006282158722610278
1402661075980488704,negative,0.0049573332060130594
1402661076177719300,negative,0.01967772184158525
1402661079700869130,negative,1.9837494216256268e-06
1402661082297208833,negative,6.271576125108286e-07
1402661082725036033,negative,0.09670995708220463
1402661082926354435,negative,0.0014575540731159725
1402661083878281222,negative,0.0002810404665049867
1402661084117573638,negative,1.5974350978832716e-12
1402661084415377408,negative,0.02803834262719347
1402661084939620356,negative,0.015392137753376237
1402661087447822340,negative,0.001149407598508122
1402661087976243203,negative,0.29321604170319504
1402661088668364801,negative,0.29321604170319504
1402661097476399112,neutral,0.35509496682161057
1402661098562768905,negative,0.09132580270280348
1402661099187707909,negative,0.10475867583191549
1402661101108662276,negative,0.01851791608810959
1402661103520423940,negative,0.004960514870565536
1402661106917781508,negative,0.00407926509311509
1402661107009994764,negative,0.15090449561837732
1402661111074283522,negative,0.00015248088686033515
1402661111728574467,positive,0.9899544332302964
1402661112185769999,negative,0.22493346794813412
1402661113016299522,negative,0.24588687193989706
1402661113968406534,negative,0.14198231664320185
1402661114685628422,negative,0.11561400069110528
1402661118389145603,negative,0.0008831024496277283
1402661119387324417,positive,0.9893186474960723
1402661120075259906,negative,0.2229949134333866
1402661120377331713,negative,0.032272145616377285
1402661122797457412,negative,0.009257086468308369
1402661123707523073,negative,0.0014575540731159725
1402661128224784389,negative,0.27901301852785965
1402661128770134016,negative,0.00012029293947742384
1402661129055309825,negative,0.00131849925149206
1402661130347089924,negative,0.05257543095438471
1402661134864420867,positive,0.7300840865009319
1402661140656799746,neutral,0.5764558654611814
1402661143252979714,negative,0.2491501874354565
1402661147120177155,negative,0.016455388836492866
1402661150303698944,negative,0.0935891390283034
1402661151624859658,negative,4.288064280478767e-06
1402661155659681795,negative,0.2567832155849747
1402661161766694914,negative,0.173180880762511
1402661163754795008,negative,0.03621922621812706
1402661166858518540,negative,0.004503006993703149
1402661168007757826,negative,0.004058427501727929
1402661168251125775,negative,0.22493346794813412
1402661169983262728,negative,0.3079211287249981
1402661181714747394,negative,0.148425211534393
1402661183526739971,negative,0.0008831024496277283
1402661184474599429,negative,0.015796805177810777
1402661185070174210,negative,0.0006922190806905778
1402661185212895237,negative,0.0014575540731159725
1402661186110431235,negative,0.018835165007359843
1402661186966110208,negative,0.04531491646821888
1402661187200880644,neutral,0.6503430015264552
1402661187343601668,negative,3.144072671337796e-07
1402661187775569920,negative,9.290609379547144e-05
1402661188207579139,neutral,0.49789225920557484
1402661190078238720,negative,0.20168870812496728
1402661190195687426,negative,3.251944036518128e-05
1402661193374969862,negative,0.006662979942094851
1402661196038344708,negative,1.305791145930631e-07
1402661196348674053,negative,0.24168212069727724
1402661197443436556,negative,3.5166529523859936e-05
1402661198567559173,neutral,0.49789225920557484
1402661199599345668,negative,9.202774131359276e-05
1402661202979921920,neutral,0.35112250109141346
1402661204531765254,neutral,0.6450906080214386
1402661216233963522,negative,0.09862418788743404
1402661216615555083,negative,1.519014033933133e-10
1402661217282498565,negative,0.3079211287249981
1402661218213638148,negative,7.354249426020352e-05
1402661223469043716,negative,5.942047010587906e-06
1402661225469812736,negative,0.001703514171471301
1402661233116037134,negative,0.010426280559388263
1402661236035264512,negative,0.0023742537054728874
1402661240141455365,negative,0.0014093345917316187
1402661241991073794,neutral,0.49789225920557484
1402661244205678594,negative,0.012724585385471764
1402661245023576074,negative,0.0014575540731159725
1402661245204013063,positive,0.8276188485909708
1402661253865168899,positive,0.7317507102363963
1402661256364969992,neutral,0.45865158599960215
1402661257543569410,negative,0.018835165007359843
1402661260961980426,negative,0.0005979144346624589
1402661262811668482,positive,0.9996348763427346
1402661272546689026,negative,0.1933311826096359
1402661274710859777,negative,0.14453647938149533
1402661275960754176,negative,0.0002749336056310052
1402661281098776576,positive,0.9626475946178991
1402661282034110465,negative,1.8589644527634813e-09
1402661283787427845,positive,0.9626475946178991
1402661285683212288,negative,0.0008831024496277283
1402661289504223234,negative,0.08403806417048568
1402661292763144195,neutral,0.49789225920557484
1402661293547458563,negative,0.3029968537174699
1402661295959203842,negative,0.004397354882824239
1402661300027678724,neutral,0.6450906080214386
1402661300803715074,negative,0.009625874058405455
1402661304737927177,neutral,0.5135918203219538
1402661304792408064,negative,0.06826407186997632
1402661308231733248,positive,0.9158124403494511
1402661316121219072,negative,0.025672622557227482
1402661325420044292,negative,2.8553593346222224e-07
1402661326002995202,negative,2.628414154356387e-05
1402661328720912393,neutral,0.4295400347873746
1402661333162762243,negative,0.0004928579288488665
1402661336337821704,negative,0.07379963277091922
1402661343107469321,negative,0.06911100210766787
1402661343812112385,negative,0.21433552074450707
1402661344558551041,negative,0.006384347622221622
1402661345888198667,negative,0.0013020748258049508
1402661346982961157,negative,0.12787065998822328
1402661347700183050,negative,0.014356967336812859
1402661348941631497,negative,0.1863024980385254
1402661349042409479,negative,0.05703656283224131
1402661350237560841,negative,0.00028291023810934565
1402661351143706628,negative,0.29321604170319504
1402661351818940418,negative,0.005218731477047751
1402661352519487498,negative,0.022546301186222136
1402661354092253185,negative,0.10794391359306882
1402661354176196612,negative,0.21433552074450707
1402661354222145536,negative,0.06085789804853742
1402661356223008774,neutral,0.4651496474142663
1402661356810211331,negative,0.06734018361784792
1402661356873129985,negative,0.04531491646821888
1402661356986372100,negative,0.00010206432544505372
1402661357976178694,negative,0.1577588136504802
1402661362069913603,negative,1.4755683936264599e-05
1402661362157903885,negative,0.0007657023991696844
1402661365035175944,negative,4.741470845526375e-06
1402661368063463431,negative,0.002026500596496026
1402661370873667594,negative,2.705370663687618e-05
1402661371138002950,negative,0.08570936851348467
1402661373008560130,positive,0.7974423705251567
1402661373180624902,neutral,0.45865158599960215
1402661377576157189,negative,0.04806978783174223
1402661377760694277,negative,0.001110058851413393
1402661378545102850,negative,0.09085838354094262
1402661379568553986,negative,0.11310942035982505
1402661379677556741,negative,0.2778042629007623
1402661380071755784,neutral,0.3813763055203968
1402661380348579846,negative,0.0015384469327394497
1402661380482809856,negative,0.002869050676931893
1402661380487008262,negative,0.005891329282794393
1402661381216800769,negative,0.09085838354094262
1402661381250465794,negative,0.12396052383444016
1402661381401460739,negative,9.936038741194882e-05
1402661383066509316,negative,0.21433552074450707
1402661385478316037,negative,0.00016236186553588035
1402661385834840064,negative,0.29321604170319504
1402661386027667460,negative,0.06280232869169002
1402661386300362755,negative,0.03270128027182298
1402661386661019652,negative,7.436213496908273e-05
1402661386879176706,negative,0.050370125330582015
1402661391358644234,negative,0.19207529259377418
1402661392205987841,negative,0.06691138186043262
1402661392264712192,negative,0.0732322741443806
1402661392411463683,negative,0.006025080050674894
1402661393355190277,positive,0.8125129052313472
1402661393636134913,negative,0.0011548208407915752
1402661397784301571,neutral,0.49789225920557484
1402661398145024000,negative,0.0010981424157849677
1402661403241091073,negative,0.0023771061188909855
1402661407661957120,negative,0.018467383639952054
1402661409712922628,negative,0.06911100210766787
1402661409729748994,negative,0.2812124665127172
1402661412854456323,negative,0.0008831024496277283
1402661422526500864,negative,0.00407926509311509
1402661424527257604,neutral,0.49789225920557484
1402661425747795976,neutral,0.6388733437275337
1402661433674960896,negative,0.008222790426946179
1402661433838641156,neutral,0.36371433002765663
1402661435868655619,negative,0.00407926509311509
1402661445129674752,negative,0.061615465810211115
1402661445922340867,neutral,0.49789225920557484
1402661446618652677,negative,7.925268946454319e-05
1402661448904544260,positive,0.6624055896622104
1402661451949608961,negative,0.04827478940236549
1402661453992235019,negative,0.012148487194727667
1402661454151667716,negative,0.09089739463017658
1402661455816708109,neutral,0.3499352441185855
1402661456232001545,negative,0.056233868463233125
1402661463240626177,neutral,0.3475956646417961
1402661471386050562,negative,0.00016188539516715408
1402661474649116678,negative,0.13574703626398354
1402661475819397120,negative,0.1889731943884357
1402661477073444867,negative,0.001772171518333342
1402661480567300099,negative,0.00023365681397916792
1402661486485442561,neutral,0.4407686014587586
1402661490109214721,negative,0.00407926509311509
1402661491761950725,negative,8.904067050557083e-05
1402661491854151681,positive,0.8224163346274279
1402661498019794947,negative,3.78817458945562e-05
1402661498338611202,negative,0.010714915143642645
1402661504663527428,negative,0.013767034408337927
1402661506454597636,negative,4.229418783506657e-08
1402661510615158787,negative,0.06632756837620918
1402661511315836934,negative,0.013757833343513208
1402661514994147335,negative,0.0028420461622537595
1402661515145011204,positive,0.935416992057846
1402661515367419907,positive,0.8311224147972812
1402661516239847427,negative,8.063681567027336e-06
1402661516793548802,neutral,0.4651496474142663
1402661517909180417,negative,0.005041141126241555
1402661518114701317,negative,0.014356967336812859
1402661518378930180,negative,0.10512143524389585
1402661521587675142,negative,0.018527822142280458
1402661522246148100,negative,0.025672622557227482
1402661523323953174,negative,0.21433552074450707
1402661523642851328,negative,0.14198231664320185
1402661523919716352,negative,0.030259398275867485
1402661526075478022,neutral,0.367261038995328
1402661527438626823,neutral,0.6213101321501637
1402661529103781893,negative,0.009686286245222308
1402661530232033284,negative,0.06446761730078081
1402661530362122240,negative,8.36722124949506e-09
1402661532178210820,negative,0.014356967336812859
1402661532413071363,neutral,0.3358218310945649
1402661533004488709,negative,0.21433552074450707
1402661533973323780,negative,0.21433552074450707
1402661535185518593,negative,3.0130862012283668e-05
1402661536619974659,negative,0.1765349760797645
1402661540361351168,negative,0.011761046093249485
1402661540470403075,neutral,0.577913557387514
1402661540550090752,negative,0.00037476442599329135
1402661543628640258,negative,0.008416616744713393
1402661544572428291,negative,0.22493346794813412
1402661546019463169,negative,0.03937148898234835
1402661547307147267,neutral,0.408942169628454
1402661549081305088,negative,0.011488307187773262
1402661549404311554,negative,0.2812124665127172
1402661549408456709,negative,0.0014667093990658323
1402661550507409409,negative,0.004596071043567405
1402661552445140993,negative,0.0032552410386069517
1402661553665724419,neutral,0.3972509291595535
1402661553867046912,negative,0.1639738696934499
1402661555167186945,negative,2.8345015612404373e-06
1402661555557351429,negative,2.690083373650354e-07
1402661556035502080,negative,0.1948510195774096
1402661556110958592,negative,3.458953854981841e-06
1402661556597497866,negative,0.005629741426136483
1402661557360857088,neutral,0.4796336529547294
1402661557591490562,negative,0.0042794804300133795
1402661559390949378,negative,2.725852797383227e-06
1402661561626411008,negative,0.021195839755931426
1402661564654800899,negative,0.023373222651235658
1402661565774565376,negative,8.925714178485105e-06
1402661566659584006,negative,0.25713377043441715
1402661569721470980,negative,0.002933875185095556
1402661573756440577,negative,0.018835165007359843
1402661576478494720,neutral,0.6154708094557383
1402661578831548421,negative,0.08470998412083254
1402661583612956674,neutral,0.4345948998908618
1402661588050464769,negative,0.060649447346020895
1402661589275267074,negative,2.835823121450354e-05
1402661592018395136,negative,0.0014667093990658323
1402661599446454272,negative,0.0017755625287686927
1402661608023904258,negative,0.22821616684985674
1402661620405391364,negative,0.0006178646180255716
1402661621651197956,negative,0.19207529259377418
1402661622594916354,negative,1.4330806845111364e-06
1402661626751356931,negative,0.00967331779394427
1402661626835259392,negative,0.038279656532899546
1402661628529758212,negative,5.055414462480597e-07
1402661629012086788,negative,0.26380667683540515
1402661633806241792,negative,0.1719827207612334
1402661635823738883,negative,0.06911100210766787
1402661636704505858,negative,0.007764566235941086
1402661640965812227,neutral,0.3784210131022883
1402661643461480459,negative,0.025672622557227482
1402661643738304513,negative,8.383593719386747e-05
1402661647118999552,negative,0.0597079115965029
1402661656874962951,negative,5.055414462480597e-07
1402661665112576010,negative,0.1815637306543603
1402661665909448705,negative,0.004503006993703149
1402661667587166210,negative,0.0013020748258049508
1402661670976061442,neutral,0.49789225920557484
1402661675329802241,negative,0.008923960730710237
1402661677972299777,negative,0.03846434626844556
1402661679092191233,negative,0.06198209137584043
1402661682040786945,negative,0.00016110905446199716
1402661688533569538,neutral,0.6450906080214386
1402661704824152064,negative,0.009471081438659724
1402661715435737092,negative,0.00048097209369234677
1402661718078132224,negative,0.19020592187090887
1402661719772745735,negative,0.00023679539109141423
1402661719802060802,neutral,0.5212084554669985
1402661725321797635,negative,0.0051058685911027175
1402661729142771718,negative,0.001029327967710768
1402661731587985408,negative,0.07724514202951188
1402661731604836354,negative,0.04531491646821888
1402661731877507076,negative,2.3102972937779315e-06
1402661738072489989,negative,0.0017755625287686927
1402661740031193092,negative,0.011430102615414115
1402661740865855499,negative,0.09132795615221875
1402661742753243136,negative,0.046457522448170675
1402661744326152194,negative,1.5008870664280646e-07
1402661745622147075,negative,0.003875569790156371
1402661751007715333,negative,0.013767034408337927
1402661755885654024,negative,0.25713377043441715
1402661756837765123,negative,4.479400714283318e-08
1402661757508796420,negative,0.0051058685911027175
1402661761531195392,negative,0.0008831024496277283
1402661762256809989,neutral,0.5938263033227675
1402661763808702467,negative,0.0011548208407915752
1402661771857571843,negative,0.0031106558857572288
1402661777536659457,neutral,0.49789225920557484
1402661784235003911,neutral,0.38812222009080477
1402661785056993282,negative,0.06517621209761126
1402661785308696578,negative,0.25713377043441715
1402661787615567874,negative,1.0216661452375636e-07
1402661791633641475,negative,0.006762369407625254
1402661796356497415,negative,0.04629367103218179
1402661798814400521,negative,0.054535090545441076
1402661799363858434,negative,0.24963082165934952
1402661799967834114,negative,0.0002291142028570343
1402661800324341767,negative,0.0017633497268493168
1402661813070798854,negative,0.025672622557227482
1402661819714621440,neutral,0.408942169628454
1402661822122147842,positive,0.9990908704894425
1402661823925657600,negative,0.013747710891447855
1402661827134300160,negative,0.003191166660678328
1402661828812054530,negative,0.0048139221803211694
1402661829885767688,negative,0.0017755625287686927
1402661830837911562,positive,0.8350681286147771
1402661831471243266,negative,0.16755507517942786
1402661839251591174,negative,4.641586823368268e-06
1402661844188344320,negative,5.918050586163005e-13
1402661844473597953,negative,0.03850861060353331
1402661848227500035,negative,0.001939388249807415
1402661849615765514,negative,0.04318541271564187
1402661853776470016,negative,0.005343010416203061
1402661855148052487,negative,4.580168869048785e-05
1402661855747788807,negative,0.0027166017623692163
1402661858520223754,negative,0.0011548208407915752
1402661859568799746,negative,0.005209335465601773
1402661860319637504,negative,0.002922291711442786
1402661865684189193,negative,0.009054501392649086
1402661872000802818,negative,3.95796275494009e-05
1402661872004968449,negative,0.00786504547549068
1402661872680198154,negative,0.060229975233889836
1402661880297046022,negative,0.037785830142010327
1402661881505062913,negative,7.354249426020352e-05
1402661882071224326,negative,1.6899853750185746e-09
1402661886642987010,negative,0.11236119401464587
1402661888077537284,negative,2.3286198391814852e-09
1402661894100561933,negative,0.00010282807340687427
1402661895530745856,negative,0.03187916536136336
1402661896868741123,negative,0.04531491646821888
1402661897430777858,negative,0.05120105898622826
1402661901666979847,negative,0.0005182692861798961
1402661906331095040,negative,0.020343258905918104
1402661906855432195,negative,0.04633478128213303
1402661908684197891,negative,0.0016346420675831604
1402661909304840205,negative,0.07793419665101206
1402661914048712708,negative,0.021875165876486965
1402661914686197764,negative,0.06911100210766787
1402661919698341901,negative,0.11669599492312528
1402661924161134595,negative,0.05257543095438471
1402661929970286601,negative,0.00013618590600140252
1402661931270479876,negative,0.17654567677112387
1402661932230905861,negative,0.32359009059143207
1402661934336458759,negative,0.01967772184158525
1402661939122167812,negative,2.5923312928956752e-06
1402661941684977672,negative,3.4789770437453216e-07
1402661946269306885,negative,5.1547418745393374e-08
1402661948811001856,negative,0.06375730089056249
1402661958017589248,negative,0.10475867583191549
1402661958134992897,negative,0.001772171518333342
1402661963352707081,negative,0.22821616684985674
1402661973263802371,negative,0.02354466254196532
1402661977990762497,negative,0.17951031470468679
1402661978200580109,negative,0.00446341499684567
1402661979785945088,neutral,0.5203904417341677
1402661982080208909,negative,0.27286022323195247
1402661984617762817,negative,5.1547418745393374e-08
1402661985632894990,negative,2.1449042302717276e-06
1402661986815647744,negative,8.030989757846966e-06
1402661986958249989,negative,5.002522705007135e-06
1402661987557986310,negative,0.12313716015267681
1402661988581494787,negative,0.0011548208407915752
1402661991198728196,negative,0.005729675024935373
1402661991882362887,neutral,0.3448789537043245
1402661992930938884,negative,0.001258261339565279
1402661994780631041,neutral,0.3352267216312332
1402661994847682564,negative,6.552060301258515e-08
1402661995976007685,negative,0.018469645225869125
1402661996005314560,negative,0.037367262011883354
1402661997263589376,negative,3.385462673281579e-11
1402661997385236484,negative,0.0001594914419890235
1402661997481807875,negative,0.06790425732206795
1402661998140215296,negative,0.026441819218689412
1402661998421282817,negative,0.05054901784211061
1402661998941384707,positive,0.909520856961665
1402662008277934084,negative,2.966079725286135e-05
1402662008420450306,negative,0.00493459445752079
1402662008592506882,neutral,0.3358218310945649
1402662008848257027,negative,0.0008337922919259556
1402662009397710850,negative,0.10869669960734156
1402662009443864584,negative,0.002401771585169262
1402662012325335041,negative,0.29653026351758854
1402662015928262657,negative,0.0032745871827143344
1402662018885189634,negative,2.732206285577361e-06
1402662027299016706,neutral,0.37613281431482276
1402662028708298757,negative,0.013767034408337927
1402662030092378116,negative,0.00013618590600140252
1402662031564623875,negative,0.012369926025554933
1402662034760736771,negative,6.150649923445802e-10
1402662035314315264,negative,0.005629741426136483
1402662038359449600,positive,0.7743742666339939
1402662044910895104,neutral,0.41763237149606725
1402662045309227009,negative,0.059141393401722885
1402662047809163267,neutral,0.49789225920557484
1402662048325058563,negative,0.07452655779036994
1402662055543554048,negative,0.12335211947789186
1402662056021708808,negative,0.2850785490431879
1402662056965427202,negative,0.09416401701422766
1402662064380862464,negative,0.001772171518333342
1402662066482126852,neutral,0.3400448301007708
1402662067237163016,negative,0.07793419665101206
1402662068512301056,negative,0.042437188785572705
1402662069648998405,negative,0.0015950805336841358
1402662069804142600,negative,1.51142926916465e-07
1402662069997129728,negative,0.00027781516722646336
1402662071712559105,negative,0.037757091841187716
1402662072299687945,negative,0.0015950805336841358
1402662072719183874,negative,9.862507639352527e-05
1402662072840769536,negative,0.0003929435992293184
1402662074896076805,negative,0.0015950805336841358
1402662079912370181,negative,0.041541310691785155
1402662081908850689,neutral,0.3400448301007708
1402662083569782787,negative,0.08348536689521809
1402662094202458112,negative,8.974750876334929e-05
1402662097255817217,negative,0.0054003054451454
1402662098895872004,neutral,0.37613281431482276
1402662104209973253,negative,0.06580520238045943
1402662110144966657,negative,0.00012394660556379108
1402662110996439040,negative,0.0006178646180255716
1402662114234449921,negative,0.1307507008461938
1402662115001835521,negative,0.32359009059143207
1402662116658749446,negative,0.00021852761144799574
1402662122601988097,negative,0.050252646985366675
1402662123289841664,negative,0.0007617261025850532
1402662127530393602,negative,0.16320978577240539
1402662127853309954,negative,0.0008831024496277283
1402662129266737159,negative,0.22493346794813412
1402662130382409749,negative,0.2719538844948051
1402662131158458369,negative,0.27154337806295514
1402662131779125248,negative,0.00022743566912779563
1402662133041598471,neutral,0.5897457550118377
1402662137688825860,negative,0.002354310849354029
1402662137940566019,positive,0.6791223579976803
1402662145213542410,negative,0.0008831024496277283
1402662147067424770,negative,0.13453134913372206
1402662150401835012,negative,6.781528869904338e-06
1402662151387484161,negative,0.0034096948482806155
1402662152163504133,positive,0.9514172790177682
1402662152880771089,negative,0.16617318793139843
1402662153123926018,negative,0.02024605754314861
1402662156299034628,negative,0.060229975233889836
1402662156953337856,negative,0.04166684421099293
1402662158190710793,negative,0.00890247976732173
1402662158945685506,negative,0.04280709061721464
1402662159100702728,negative,0.21616627111920514
1402662160275226627,negative,0.03682601386111272
1402662162854825987,negative,0.0015843925406908816
1402662163068637185,negative,0.0023607884620746645
1402662163643310082,neutral,0.37613281431482276
1402662163647455236,negative,0.23809253539358155
1402662163932721156,negative,0.0011043585965926353
1402662165430034432,negative,0.00029160969448885425
1402662165635645449,neutral,0.3385252644667176
1402662165765578753,negative,4.741470845526375e-06
1402662165979533315,negative,0.23056703969814782
1402662166944157696,negative,4.151267783187317e-05
1402662168001191939,negative,0.0009466437795502501
1402662168890425346,negative,0.04488038324704366
1402662170148720642,negative,0.009357144057792446
1402662170849071109,negative,4.2661795056722574e-06
1402662170907885572,negative,0.07552112364657178
1402662172145197059,negative,0.0024969851727082754
1402662172648423434,neutral,0.37613281431482276
1402662173344681985,negative,2.093908380039901e-09
1402662174338781193,negative,1.987580683656618e-05
1402662174791712782,negative,4.229418783506657e-08
1402662174959472642,negative,0.045835993146997905
1402662175127244802,negative,3.2992739437134846e-05
1402662175777435659,neutral,0.5136446707795853
1402662176066789377,negative,0.14198231664320185
1402662176494690304,neutral,0.49789225920557484
1402662176645582857,negative,0.00048845584279531
1402662176968654848,positive,0.7896653966574734
1402662177673297927,negative,0.014509262585936888
1402662179367755779,negative,0.3118912076871045
1402662182316384257,neutral,0.3358218310945649
1402662182320492558,positive,0.8368811555041258
1402662182337265667,negative,1.7155590991088482e-05
1402662182383407106,negative,7.354249426020352e-05
1402662182496653319,negative,0.00016447606206732295
1402662182819614721,neutral,0.3358218310945649
1402662184602279936,negative,0.010957731010128544
1402662187852775428,negative,0.000624764890780097
1402662188897214464,negative,0.2719538844948051
1402662188968521730,positive,0.952139731169205
1402662191069679623,negative,0.0007617261025850532
1402662193368289295,negative,0.011488307187773262
1402662194513330185,negative,0.11012112377330881
1402662197084446722,neutral,0.37613281431482276
1402662198200221700,positive,0.9921295065122013
1402662205137604616,negative,0.012710362293045509
1402662209285623809,negative,0.0025722891107298937
1402662210812485633,negative,0.2270505292321128
1402662214360780821,neutral,0.6450906080214386
1402662215514214400,negative,0.002922291711442786
1402662215858196484,negative,0.037543252546725796
1402662218748121101,negative,0.09089739463017658
1402662219318501378,negative,0.06911100210766787
1402662225245057024,negative,0.02204059378685801
1402662228013297667,negative,0.11498162425671678
1402662232975187969,negative,0.029977858987084747
1402662236485656582,negative,0.012723002037431924
1402662236724805637,neutral,0.3691853928075093
1402662239321001993,neutral,0.49789225920557484
1402662239895752715,negative,8.7524262074723e-05
1402662242382921732,neutral,0.531631083428381
1402662243507003400,negative,0.00040543560428947886
1402662243616137221,negative,0.012148487194727667
1402662243813236738,negative,0.3029968537174699
1402662253866934275,negative,0.099765152091099
1402662259558649861,neutral,0.37613281431482276
1402662259604721667,neutral,0.5432612801915924
1402662259697070080,negative,2.1556145505220686e-06
1402662260162666497,neutral,0.5199882515903922
1402662262066880518,negative,0.10071606773084942
1402662266705678340,negative,0.00407926509311509
1402662269452959744,positive,0.9489149379848523
1402662270858055682,negative,0.008905013689916507
1402662278135226372,negative,0.03430607902218915
1402662282342109185,negative,0.0003200643190882924
1402662285504663552,negative,0.0020638225144577324
1402662285756276739,negative,0.002379368779819175
1402662286272176132,negative,0.0546968578136026
1402662288482521093,negative,0.2719538844948051
1402662290260955141,negative,0.29321604170319504
1402662291456335876,negative,5.1547418745393374e-08
1402662293700288514,negative,8.7524262074723e-05
1402662295981883394,neutral,0.37613281431482276
1402662296489500677,negative,4.418134699420948e-06
1402662299157028866,neutral,0.4397092058723785
1402662305364643846,positive,0.6791223579976803
1402662308506177536,negative,0.002943828468135052
1402662316953513984,negative,4.520999360370291e-06
1402662318677409801,negative,0.00407926509311509
1402662327435108360,negative,0.07379963277091922
1402662330022891522,positive,0.9058853929504738
1402662332006756353,negative,0.016991227618347062
1402662332476624902,negative,0.09499809338374483
1402662339313344514,negative,0.0004078076874556432
1402662339367813121,neutral,0.5458843398878227
1402662339711746051,negative,0.27935324391348665
1402662339925757954,negative,0.005640741551583767
1402662342052171776,negative,1.6056473366064882e-05
1402662343088218116,negative,0.020854188746994025
1402662343734173703,neutral,0.3358218310945649
1402662344904384513,negative,1.2914645558651713e-09
1402662345084739586,negative,0.02219183057945265
1402662347504861190,negative,0.001772171518333342
1402662349065043972,negative,5.002522705007135e-06
1402662351187464196,negative,0.2437601038784652
1402662351845969920,negative,0.25713377043441715
1402662352965754884,negative,5.439034321588387e-08
1402662353615925248,negative,4.011864206624702e-09
1402662356367314946,negative,0.027287377156147326
1402662356900093958,negative,0.0011548208407915752
1402662358015778817,negative,0.005064781904015003
1402662358267449358,negative,0.29440902057247115
1402662360201019392,negative,0.0011655216197294642
1402662361673125894,negative,0.22138437311975892
1402662361908101130,negative,0.0868040619942688
1402662365334847491,neutral,0.37613281431482276
1402662366588903428,negative,2.628414154356387e-05
1402662369722093571,positive,0.6791223579976803
1402662371793985541,negative,0.08761915455448172
1402662373329100809,negative,0.3206770052279904
1402662375946326021,negative,0.12629355262596995
1402662379566080003,negative,0.005441046289981225
1402662389665914881,positive,0.9962735920757743
1402662390987112448,negative,0.19207529259377418
1402662391117123589,negative,0.07686271245688134
1402662392853565447,neutral,0.42595787632087023
1402662397689712646,negative,0.0725674545145524
1402662400755650560,negative,0.005637545918385039
1402662401187717122,negative,0.27935324391348665
1402662401456103429,negative,0.045835993146997905
1402662404610310153,neutral,0.6485316772242992
1402662407189696518,negative,0.013767034408337927
1402662420326330368,neutral,0.35482546865877557
1402662420754096132,negative,0.06632756837620918
1402662424084463629,positive,0.9484889315970845
1402662426252820490,negative,0.1639738696934499
1402662432611475456,negative,0.02198307496297663
1402662432951226370,negative,2.732206285577361e-06
1402662433144123392,negative,0.017812329241188696
1402662435283218439,neutral,0.42731488696630027
1402662435857829891,positive,0.9477931060999414
1402662438663704586,negative,0.05077761273775463
1402662438881927177,negative,0.001546337416543477
1402662439968256011,neutral,0.35773227509696703
1402662442665136130,negative,0.012723002037431924
1402662446314184712,negative,8.7524262074723e-05
1402662447127928835,negative,0.025374224952113035
1402662453968842760,negative,0.04211714422806627
1402662456892272646,negative,0.0011548208407915752
1402662457815060487,neutral,0.37613281431482276
1402662462621728769,negative,2.732206285577361e-06
1402662466077835269,negative,0.0011548208407915752
1402662466778193931,negative,0.14278373290122653
1402662468355244041,negative,2.628414154356387e-05
1402662472096620552,negative,0.239496850751111
1402662478136418311,neutral,0.4785047035876187
1402662480929767429,neutral,0.3697674097288342
1402662483328917504,negative,0.29321604170319504
1402662484536877068,negative,0.239496850751111
1402662484683616260,negative,0.0003200643190882924
1402662487095398403,positive,0.9497220920722442
1402662501762879491,negative,0.00131849925149206
1402662502530437127,neutral,0.4678356693752491
1402662504136839175,negative,3.763313000293753e-06
1402662506099847169,negative,0.09089739463017658
1402662511837593600,negative,5.1547418745393374e-08
1402662517084655624,negative,0.0653317348988736
1402662519412609030,negative,4.653831616489794e-05
1402662519936851972,negative,0.019145298089227995
1402662525003603970,negative,0.055564765071531554
1402662528598040582,negative,0.0051058685911027175
1402662530426757129,negative,0.09089739463017658
1402662532406517762,negative,0.01737811102726519
1402662539402612738,negative,1.705083338479371e-08
1402662544276393995,neutral,0.37613281431482276
1402662544855207952,negative,0.005629741426136483
1402662548412022785,negative,0.04531491646821888
1402662549259231234,negative,0.00188171914618846
1402662552694312965,negative,4.716732394057614e-05
1402662554250350595,negative,0.059131351144464404
1402662557345796099,positive,0.9995845597596971
1402662559585648646,negative,0.0001339775165832444
1402662567135297543,negative,0.00034110264598397397
1402662568649494539,neutral,0.4449003680293143
1402662571275173892,neutral,0.5502858356280268
1402662573942714373,negative,0.16587420390339153
1402662579642716162,positive,0.8032245276405606
1402662580645154821,negative,2.3682488502509038e-05
1402662583371452419,negative,1.9199704443689305e-05
1402662589067321346,negative,0.07724514202951188
1402662591248449537,negative,0.006435955658033327
1402662592481538049,negative,0.27286022323195247
1402662594838777858,negative,0.0004327989725885344
1402662595513958403,negative,0.02016285963635343
1402662598118625283,neutral,0.5666333828789054
1402662602107502601,negative,0.29321604170319504
1402662603776790528,negative,2.514319093829655e-06
1402662609317470210,negative,0.2583396599417602
1402662611334963200,negative,0.17005428278801374
1402662614384193543,negative,0.06615096226732796
1402662615642521602,negative,0.010320231446011024
1402662622080737281,negative,0.00017941002379476525
1402662622097510401,negative,2.1229355882346755e-06
1402662622416281607,negative,0.10470891443198739
1402662623003488258,negative,0.1663786454945429
1402662623619977219,negative,0.09875815040429646
1402662624270159872,negative,0.2051993567673872
1402662626690277384,positive,0.8988943906487561
1402662629202669570,negative,5.1547418745393374e-08
1402662629299179520,negative,8.643653286902341e-05
1402662631035576321,negative,3.2068958474917494e-09
1402662633346678787,negative,0.004024904175972021
1402662633501827077,negative,0.002943828468135052
1402662636739874822,neutral,0.4742964610631184
1402662639357116419,negative,0.004767700226441203
1402662640158220290,neutral,0.3317701162247846
1402662640925749249,negative,0.2408832386696007
1402662641923940365,positive,0.9966411626673135
1402662642414665728,negative,0.1098468041303972
1402662643840688130,negative,0.0007197847378646633
1402662660001386499,neutral,0.49789225920557484
1402662663616880641,negative,9.09475818385989e-05
1402662668201246731,negative,0.2387375422508554
1402662671749718019,negative,0.001430146742328861
1402662673121038343,negative,0.25149332066804553
1402662676946378753,negative,0.005368791364912737
1402662678619901960,negative,6.914237453782989e-05
1402662682059329542,negative,0.02356754873837569
1402662682415800323,negative,0.012723002037431924
1402662683133022210,negative,0.10144163508228843
1402662689986514945,negative,0.16587420390339153
1402662691387457536,negative,0.0002277803171722328
1402662691513241612,negative,4.7231461074075806e-05
1402662691651661825,negative,0.01913927342746703
1402662692817620998,negative,0.0015950805336841358
1402662696806502406,negative,1.647272117727575e-06
1402662699146919939,neutral,0.6450906080214386
1402662700388339713,negative,0.11271731930526545
1402662703525777410,negative,0.00013618590600140252
1402662704167456782,negative,0.0025722891107298937
1402662708625956866,neutral,0.6312773161568215
1402662721779376128,negative,0.06696532734204573
1402662722899152897,positive,0.7113976071456275
1402662723901607943,negative,2.732206285577361e-06
1402662728381218829,negative,0.0008475548117858662
1402662730780250118,negative,0.22425862640257577
1402662740737642497,negative,0.0031724366259021767
1402662757602844673,negative,0.012281249662380209
1402662765534269442,neutral,0.37613281431482276
1402662768042561537,negative,0.21765975894732212
1402662769254670339,neutral,0.6485316772242992
1402662770147938310,negative,9.826359872482903e-07
1402662770307473409,positive,0.7908634163040438
1402662771876052994,positive,0.9002715969071252
1402662772387758089,negative,0.0935891390283034
1402662774363328512,negative,0.10441509465449454
1402662779283255299,neutral,0.37613281431482276
1402662780294082562,negative,0.03520799040513861
1402662782521204738,positive,0.7853783975219508
1402662783725015041,neutral,0.33968790282220235
1402662784127717382,negative,0.07379963277091922
1402662784530272256,neutral,0.41317952023596655
1402662784794509313,negative,0.2022116893880138
1402662784849035268,positive,0.9933078080361396
1402662785666924547,negative,0.008937071370953306
1402662785947942923,negative,0.0024969851727082754
1402662787625754632,negative,0.0028018408173948635
1402662788716281857,negative,3.8165366414512967e-05
1402662789005598724,negative,0.07193968657329299
1402662789081096195,negative,0.00039136989232712097
1402662789978726403,negative,0.0011043585965926353
1402662791006330888,negative,0.19311067094070053
1402662791048216579,negative,0.012312273885177699
1402662791438344201,negative,0.08701473886595401
1402662791836807172,negative,0.013509282267892903
1402662792105283586,negative,0.21765979305939034
1402662792117825538,negative,0.0049573332060130594
1402662794588209152,negative,0.05077761273775463
1402662794818994182,neutral,0.4674843577628381
1402662797872222217,negative,0.005629741426136483
1402662801206923265,negative,0.04531491646821888
1402662802687467521,positive,0.9993981991217709
1402662803601829889,negative,0.13293674836819105
1402662804662927365,negative,0.0020942446531961676
1402662805057249282,neutral,0.37613281431482276
1402662805325500421,negative,0.0028440459847504005
1402662806428733445,negative,0.1637186164793682
1402662806483263493,negative,0.01872133252532278
1402662809331277827,negative,0.09567675054403765
1402662811868745733,negative,0.0017884299386854282
1402662812674056207,negative,0.0858687699959785
1402662813408108551,negative,3.6435773679923663e-06
1402662818969796609,negative,1.0215295265506941e-05
1402662819296915459,negative,3.658987932419908e-06
1402662819791781892,negative,6.932390577271214e-06
1402662820416823300,negative,1.7422616073433609e-06
1402662822677463042,negative,0.046457522448170675
1402662825265303552,neutral,0.3440181575607844
1402662827102453763,negative,1.449969866458584e-08
1402662827643609093,positive,0.6947606128920166
1402662830143422465,negative,0.009984587891215443
1402662831158349824,positive,0.8731823521064682
1402662831166824448,negative,6.827727890703899e-06
1402662831485509635,negative,0.0008286208727561427
1402662832223752198,negative,0.18314918218447548
1402662832739696641,negative,0.004992392449569697
1402662833104506881,negative,0.2053662146986254
1402662836569100292,negative,0.25713377043441715
1402662845632946185,neutral,0.37613281431482276
1402662849240080387,negative,0.0021225367969845226
1402662850045296641,negative,0.07651899018600979
1402662850993197056,negative,0.3216735502101524
1402662854902403077,negative,0.05257543095438471
1402662857230241793,negative,9.607372046733103e-07
1402662869418786818,neutral,0.4309639705259608
1402662870580617223,negative,0.0011548208407915752
1402662874808471552,positive,0.9356425352498621
1402662881037017093,neutral,0.49789225920557484
1402662882681266179,negative,0.0003561539107894097
1402662883272572931,negative,0.3079211287249981
1402662883901771783,negative,7.354249426020352e-05
1402662885348757513,negative,0.2018914251461523
1402662885843685383,negative,0.1971814810893419
1402662886061772800,neutral,0.4737554465528978
1402662891103395845,neutral,0.37613281431482276
1402662892047065090,neutral,0.49789225920557484
1402662893326327811,negative,2.732206285577361e-06
1402662896136593409,negative,0.0017633497268493168
1402662897923379202,negative,0.0017755625287686927
1402662898548215820,neutral,0.43856138550565127
1402662900783800324,negative,1.6112233291230468e-05
1402662902537019392,negative,1.994139629357267e-09
1402662915392561162,neutral,0.3997172214844929
1402662918517370880,negative,0.0026240767519874345
1402662919301746688,negative,0.038482313116449965
1402662925190537220,negative,2.966079725286135e-05
1402662933721759745,negative,0.005629741426136483
1402662944282980362,negative,0.09089739463017658
1402662947789447171,negative,6.9735529457223e-08
1402662948330479616,negative,0.008025792379028892
1402662948951240704,negative,0.00407926509311509
1402662949446164480,neutral,0.3358218310945649
1402662949567729672,negative,4.520677593924825e-13
1402662949718835208,neutral,0.5136446707795853
1402662949869830151,negative,0.0005415692113431103
1402662949928439813,negative,0.051391886831169756
1402662950687608833,negative,3.438709087578497e-05
1402662951518146569,negative,6.932390577271214e-06
1402662953673973765,negative,0.006902978830694807
1402662953862762497,negative,0.04004337541920589
1402662954219225100,negative,0.0005478139747264868
1402662954538049540,negative,1.94208066351576e-06
1402662954907181056,negative,0.07008460545995124
1402662957444644880,negative,4.3011197096313123e-07
1402662957473992711,negative,7.493834927625342e-09
1402662957654462466,negative,0.07724514202951188
1402662957759275009,negative,0.03119106136200889
1402662959046791174,negative,0.06573677159276542
1402662959843848197,negative,0.03505742195261145
1402662961710354436,positive,0.8762693994739659
1402662961999761410,positive,0.9255481950387161
1402662962867888134,negative,0.13293674836819105
1402662963652272131,positive,0.7870729472086413
1402662963945914373,negative,0.01206812904357278
1402662964600180741,negative,0.08339979008261068
1402662965460021251,negative,0.00038074992967975077
1402662965640318978,positive,0.9784838469311076
1402662966235906049,negative,0.003029218062106838
1402662971332046861,negative,0.059145720060052275
1402662971499757574,negative,0.07190138442079817
1402662971998867460,negative,1.2461072330914457e-08
1402662972984549381,negative,0.07270171693922868
1402662975165587457,negative,0.2022116893880138
1402662975845044228,negative,0.000875766500992276
1402662981452943362,negative,1.1038204540650612e-08
1402662982333648896,negative,0.0008260511956136475
1402662983579357188,positive,0.7254352824492056
1402662984145686529,negative,0.21433552074450707
1402662987597504513,negative,0.1353333088135986
1402662990097399815,negative,0.0022924709913995397
1402662990097403914,negative,0.0012312369938290676
1402662991108186117,negative,0.032272145616377285
1402662997521317889,negative,0.16278137928488076
1402662997923930112,negative,0.038482313116449965
1402662998729187333,positive,0.9389792561339485
1402662998892761091,negative,0.0887221285897477
1402662999198945282,negative,0.0002448828471418594
1402663000159526918,negative,2.628414154356387e-05
1402663002315411467,negative,0.06437233826541554
1402663004240498696,negative,0.014055091196469898
1402663012402491395,negative,0.021190803543638434
1402663013430218755,negative,0.06940005012755635
1402663018543132681,negative,5.427370618551922e-06
1402663019163889678,negative,0.000729396404486077
1402663020069855235,negative,0.2287364759135615
1402663021932068865,negative,0.002379368779819175
1402663025086242817,negative,2.4505448549603862e-06
1402663025899835392,negative,0.0482631424476722
1402663029754322948,negative,0.22864906974311708
1402663033688711172,negative,0.0007919551565272163
1402663042769473539,negative,0.00032898961606528875
1402663045772496898,neutral,0.6031659309639666
1402663047504797703,negative,0.00131849925149206
1402663050738651138,negative,0.23516217222802765
1402663052600823808,negative,0.148425211534393
1402663053158760459,positive,0.9477931060999414
1402663058024042505,negative,0.06911100210766787
1402663058112016386,negative,0.1391955863007173
1402663064177156112,negative,0.022021458928791232
1402663068673392650,positive,0.8507555428037965
1402663075103363072,negative,0.0007701636558096141
1402663078626480128,negative,0.23516217222802765
1402663080484556801,negative,0.060229975233889836
1402663083273822212,negative,0.07379963277091922
1402663086742552587,neutral,0.49789225920557484
1402663092283138056,negative,0.0026215077738881497
1402663097031090179,negative,0.0031834439106851347
1402663097681297409,negative,0.04228224902021591
1402663099044405251,negative,0.23516217222802765
1402663099480563712,negative,4.527090870832796e-05
1402663099652575235,negative,0.059717719499111484
1402663100130729984,negative,0.0005095055548999698
1402663101091119106,neutral,0.5734576952979002
1402663101439303683,negative,0.0004420197618268
1402663102798254081,positive,0.9626475946178991
1402663103733682176,negative,2.4020889101599807e-08
1402663106157940737,negative,0.00407926509311509
1402663107281948681,negative,0.06085789804853742
1402663108024229891,positive,0.9389792561339485
1402663110251589637,negative,0.01739422041768549
1402663111103070210,negative,9.842995005146003e-10
1402663112273170434,negative,0.01644716338320466
1402663113212706817,negative,0.0005478139747264868
1402663114227732487,positive,0.9477931060999414
1402663115351863312,negative,0.0009466437795502501
1402663117373333508,negative,0.12472177991314456
1402663117469982735,negative,0.2583396599417602
1402663117998407687,negative,0.00014645529661032545
1402663119143542790,negative,0.00407926509311509
1402663119495761924,negative,0.13151052906166405
1402663119520948227,negative,0.04115253535390997
1402663121160912900,negative,7.403527872701082e-08
1402663121517436931,negative,0.20546738501360143
1402663121773285376,positive,0.7324849872959731
1402663122758946826,negative,0.046457522448170675
1402663125552349188,negative,0.0009466437795502501
1402663126382825472,negative,1.715181741330721e-09
1402663129218232335,negative,5.664279589941051e-05
1402663129746755594,negative,4.479400714283318e-08
1402663131365707781,negative,0.056356965208888776
1402663131483197449,negative,6.833087642027128e-05
1402663131659255808,negative,4.5222049046884197e-10
1402663132531773445,negative,0.21433552074450707
1402663133911650306,negative,0.02545445313493427
1402663135270612992,negative,8.7524262074723e-05
1402663137766219781,negative,5.1952697313096175e-08
1402663138072449030,negative,7.985396982601312e-08
1402663138252804101,negative,0.0012361175345016952
1402663138403758080,neutral,0.542500383411298
1402663138462404611,neutral,0.3358218310945649
1402663138831577094,negative,0.0030662999660410286
1402663139271979010,negative,0.12629355262596995
1402663140463157258,neutral,0.38964458701193794
1402663142233198595,neutral,0.33324426229137505
1402663143680139266,negative,3.7557832577671305e-06
1402663145764790273,neutral,0.6040493912950413
1402663148428136455,negative,0.011787410669531432
1402663150546214920,negative,0.011575062623831206
1402663154220417026,negative,0.0017755625287686927
1402663154866429960,negative,0.07425703143999765
1402663155470327811,negative,0.01224567771749932
1402663155877265419,negative,0.0011548208407915752
1402663156275507207,neutral,0.49789225920557484
1402663158104395784,negative,0.010444545287044056
1402663160323182592,negative,3.78817458945562e-05
1402663162143547394,negative,0.015365163903116305
1402663163867303937,positive,0.6962544444067904
1402663164190380035,negative,0.24963082165934952
1402663173820489741,negative,0.044201098321916835
1402663175556943882,negative,0.12184578529927284
1402663175930142725,neutral,0.5686288859643186
1402663179465986048,negative,0.06911100210766787
1402663181894438913,negative,0.2757201726698487
1402663183156924418,negative,0.0003780936388053609
1402663186239787013,negative,0.0017633497268493168
1402663186696921090,negative,0.25149332066804553
1402663189611941894,negative,0.003420707817267003
1402663190044069890,neutral,0.5730552204236814
1402663194359959552,negative,0.00013618590600140252
1402663195245002754,neutral,0.437369725752128
1402663199544070148,negative,0.06632756837620918
1402663201335091208,negative,0.022161026699646955
1402663205298651144,neutral,0.49789225920557484
1402663214496813064,negative,0.002943828468135052
1402663214584938496,negative,0.0015431125595708254
1402663216044560385,negative,0.0011548208407915752
1402663218368204804,negative,0.07468992793749936
1402663221161598978,negative,0.0011548208407915752
1402663221748764674,negative,0.0026240767519874345
1402663224290463750,negative,5.284024128505566e-06
1402663224697397256,negative,5.5082403873179616e-05
1402663226043736070,negative,0.21139109066500397
1402663226295336972,negative,1.6161205238050717e-14
1402663232754573317,negative,0.008905013689916507
1402663233488576514,negative,0.20269321879066318
1402663240006574080,negative,8.013868034603908e-05
1402663240581144581,neutral,0.46364466503952073
1402663242095370249,neutral,0.4737554465528978
1402663244028841984,negative,0.01224567771749932
1402663248290369538,negative,0.012898073383560256
1402663249787641859,negative,3.080005084373524e-06
1402663250399989761,neutral,0.49789225920557484
1402663253361278976,positive,0.7092297138808719
1402663253839331343,negative,0.09132580270280348
1402663253898039297,positive,0.7134944440403177
1402663256372678657,negative,0.0003200643190882924
1402663257203220485,negative,0.05977686520305812
1402663260642590725,negative,5.5460148343358816e-12
1402663261913464838,negative,0.0013599299873540784
1402663264002183169,positive,0.9982778059470759
1402663264874643463,negative,0.0002277803171722328
1402663265633804296,negative,3.235361937121832e-05
1402663266044817413,negative,6.932390577271214e-06
1402663266564837376,negative,3.298523826437806e-05
1402663266766266369,negative,0.122107119783112
1402663267382743047,negative,0.2812124665127172
1402663268821487619,negative,0.21969415945825102
1402663269198880769,negative,0.010269044209298122
1402663269416980484,negative,0.1302391099123253
1402663269584756738,negative,0.11158276533021631
1402663271245795331,negative,0.13293674836819105
1402663272650784772,negative,0.14589181647661748
1402663272680148995,neutral,0.35525128356768737
1402663274773155846,positive,0.9687658197780467
1402663275523936257,negative,0.011235546151364094
1402663275591090185,positive,0.7134944440403177
1402663280141811712,neutral,0.48061219287488127
1402663280200622080,negative,0.017710759689273863
1402663280645128194,negative,0.011761046093249485
1402663281567883271,neutral,0.6450906080214386
1402663283962826754,positive,0.8095292464164446
1402663287293198345,negative,0.0005159567003299189
1402663287867781124,negative,0.004126016942578545
1402663290422104066,negative,0.000875766500992276
1402663291525206030,negative,0.00015697512370003723
1402663292305346562,negative,0.0023482974627983626
1402663298571681806,neutral,0.6485316772242992
1402663299012087812,neutral,0.46364466503952073
1402663300597485572,negative,0.03823234857541472
1402663302434590725,negative,0.00131849925149206
1402663304892461070,negative,0.11135384169087123
1402663305534115843,negative,5.7171254126307e-07
1402663311947317264,negative,0.056166440016815394
1402663318481948683,negative,0.052148338393297626
1402663319069200388,negative,2.732206285577361e-06
1402663320512049154,negative,0.00131849925149206
1402663322458243078,neutral,0.6450906080214386
1402663324844580866,negative,0.32359009059143207
1402663327101292544,negative,0.06911100210766787
1402663327420067841,negative,0.23516217222802765
1402663329496190982,negative,0.0037763299783006438
1402663330536464385,negative,0.009016124912233177
1402663330746093574,negative,0.2476513235624317
1402663338077822988,negative,0.00019619935798743292
1402663339612852230,negative,0.06937782022416802
1402663339713609735,negative,0.30289885404923694
1402663342871875589,neutral,0.4664645365544175
1402663345472380931,positive,0.9225549543640228
1402663347166887941,positive,0.9565298655173099
1402663348404109315,negative,0.0017633497268493168
1402663355756822533,negative,0.15554373242524522
1402663359909146629,negative,7.796674580381192e-05
1402663360622104578,negative,0.00955713453436531
1402663361020637188,negative,2.937972396854398e-05
1402663368020926470,positive,0.742605423703796
1402663368733954050,negative,0.07379963277091922
1402663369774190601,negative,0.02132923638744052
1402663371774873604,negative,0.00131849925149206
1402663372982784000,negative,0.023636402689287756
1402663376074022917,negative,0.0016346420675831604
1402663377571401728,negative,2.2638305867295453e-06
1402663377990791179,negative,0.00131849925149206
1402663380733804548,negative,0.261693657738441
1402663382344478727,neutral,0.49789225920557484
1402663386567962629,negative,0.00028291023810934565
1402663387889377287,negative,0.00020268668104642557
1402663390586281984,negative,0.009228853868149856
1402663390892462086,negative,0.3079211287249981
1402663391177629696,negative,3.0389684346685066e-09
1402663391504781312,negative,0.015392137753376237
1402663394067595270,positive,0.9254478822625744
1402663394453372931,negative,0.10659998454991694
1402663394516295681,negative,2.339808993366975e-05
1402663407376085005,negative,0.012723002037431924
1402663410043699202,neutral,0.37531269992264765
1402663412476284928,negative,0.27559690975127804
1402663413604552709,neutral,0.46098156566049825
1402663414040875008,neutral,0.49789225920557484
1402663414682509317,negative,0.005441046289981225
1402663415110307845,positive,0.7901260846809669
1402663416842629123,neutral,0.38974219701175333
1402663417702502400,negative,0.00015779668554934419
1402663418318970883,negative,0.2732868834242368
1402663418541268992,negative,5.5460148343358816e-12
1402663419677925378,negative,0.1299516207906306
1402663421083107333,negative,2.7700682320171214e-06
1402663421259169795,negative,0.0004928579288488665
1402663422433579015,negative,0.00131849925149206
1402663423830278145,negative,0.0006524179679945314
1402663425692549124,negative,3.254940820641064e-06
1402663425747165186,neutral,0.4792040500660038
1402663426070134788,negative,0.0734061231144998
1402663426124652546,negative,0.003792407934864152
1402663426208452611,negative,0.1303004119814942
1402663426254589955,negative,3.3103834663268326e-13
1402663426376323079,negative,0.27964972285156864
1402663426791518215,negative,0.016601523510272307
1402663429073248262,negative,0.006168457055382302
1402663431442927621,negative,4.656822766576835e-10
1402663432193810432,negative,0.21433552074450707
1402663432202211335,negative,0.06911100210766787
1402663435087892480,negative,0.10470891443198739
1402663436673327108,negative,0.0011548208407915752
1402663437067505664,negative,0.2031218527706539
1402663438069927941,negative,0.090079110390441
1402663438103498752,negative,0.05257543095438471
1402663438241968129,negative,0.0005197468483421674
1402663438934020096,negative,0.0004934487223894177
1402663439819063296,negative,0.002943828468135052
1402663441345789962,negative,0.023501726105511475
1402663443757420548,neutral,0.408942169628454
1402663445418369024,negative,0.01374974443202867
1402663446202757127,negative,0.0022774999563987663
1402663447754678286,neutral,0.4554258215839872
1402663448425664516,negative,0.05193247984194082
1402663449314856960,negative,0.17191069688563645
1402663449944113162,negative,0.00035377639926720413
1402663450615042052,negative,0.29269409416187353
1402663452347408394,neutral,0.49789225920557484
1402663452531888130,negative,1.2203108984563163e-06
1402663452838174730,negative,0.0001298705217298816
1402663459020476425,negative,2.0557990409157512e-06
1402663459570040834,positive,0.734734033874633
1402663462413733891,negative,4.0246659032262404e-07
1402663464078917634,negative,0.0003126418337802409
1402663465232310275,negative,0.00234657780725221
1402663465601351691,negative,0.00020268668104642557
1402663466939437063,negative,0.0003936650207438356
1402663468143161348,negative,0.06517621209761126
1402663468940120069,negative,1.7155590991088482e-05
1402663469602705412,positive,0.9952448639469245
1402663470609448968,neutral,0.46127768308170247
1402663473478316034,positive,0.8859639593702293
1402663476791812102,negative,0.00034840952724165663
1402663477748113409,negative,0.09267819698975861
1402663479421587458,negative,0.0049710928029672976
1402663480692555792,neutral,0.46127768308170247
1402663481057423362,negative,0.012723002037431924
1402663481485185032,negative,2.3216800701996523e-09
1402663482059898883,negative,0.0013599299873540784
1402663482571464706,negative,6.32609907054926e-05
1402663482919731202,negative,0.13293674836819105
1402663483028692993,negative,1.715181741330721e-09
1402663483246792704,negative,0.07688317338840861
1402663485998256131,negative,0.01984726680073548
1402663486581260293,negative,0.10281772338417419
1402663486694563840,negative,0.02987639784926889
1402663489034915842,positive,0.7659710626165555
1402663489357950981,negative,0.06826407186997632
1402663489701830660,negative,2.6572898175788606e-10
1402663489731239936,negative,0.02339820666407904
1402663489827708937,negative,0.0001094952334858193
1402663490700066817,negative,0.0024166680332652355
1402663490872041474,neutral,0.6032761360887571
1402663494491779080,neutral,0.6031659309639666
1402663494567305216,negative,0.05654369047338406
1402663495582298113,negative,0.03796622629506786
1402663498262401035,negative,0.03296151447836194
1402663498878967814,neutral,0.4678356693752491
1402663499864674306,negative,0.04228224902021591
1402663500208541700,negative,0.0004108780365218857
1402663502377017348,negative,0.0009138615907693024
1402663502666514434,negative,0.15506871554626545
1402663502683201542,negative,0.21433552074450707
1402663502821662722,negative,0.0004327989725885344
1402663503530442756,negative,4.2813279386832146e-08
1402663503744339971,negative,0.002493865149858742
1402663504004407298,negative,0.0002283801831670438
1402663504952193028,negative,0.09300199659429316
1402663504973381636,negative,7.041993821717581e-09
1402663505044574214,neutral,0.6561200377489769
1402663505434718212,negative,0.02073208816906034
1402663508010061838,negative,0.04618828513650146
1402663509620670468,neutral,0.6450906080214386
1402663510337798151,negative,0.29150453131543796
1402663510946029569,neutral,0.41317952023596655
1402663511747072002,negative,0.10470891443198739
1402663512531509248,neutral,0.6353269593981619
1402663512799944708,negative,0.07983752777306279
1402663514146230275,negative,0.00234657780725221
1402663516667002880,negative,0.06632756837620918
1402663516935540740,negative,0.022743217486397033
1402663518856491012,negative,0.001772171518333342
1402663522375458817,negative,0.00407926509311509
1402663522895634432,negative,0.02796245071479608
1402663524057370628,negative,0.07459032600206694
1402663524829208581,negative,3.2680384900161423e-06
1402663525051518981,negative,1.7155590991088482e-05
1402663526074830850,negative,2.514319093829655e-06
1402663528536883202,negative,0.052176498286675164
1402663528683683845,negative,0.0004741480529220017
1402663530223050757,negative,1.5821324469760523e-13
1402663530344726529,neutral,0.49789225920557484
1402663531712028677,negative,0.0019605041981801503
1402663532068540419,negative,0.0010531652085161226
1402663533825990658,negative,6.0246006261078535e-05
1402663533918179334,negative,1.0301289843052347e-06
1402663535822397445,negative,0.015392137753376237
1402663537848295426,neutral,0.5088253157799723
1402663538393559040,negative,0.1971814810893419
1402663539131703296,negative,5.2279248804904805e-05
1402663540717232128,negative,0.06869534047912342
1402663540868239365,negative,0.0015873376873988135
1402663541115658244,negative,1.3534925838305077e-05
1402663541342150657,negative,1.6021572312747443e-05
1402663541392515077,negative,0.15249410076156347
1402663542281707520,negative,0.0030743097725224
1402663542302650375,negative,0.0018341879189749885
1402663542923448333,negative,0.0016856066009950318
1402663544441741314,negative,0.09409506490308253
1402663548426371082,negative,0.00407926509311509
1402663550846488577,negative,0.23516217222802765
1402663551584583690,negative,4.799810124793641e-07
1402663551592976394,neutral,0.33125746945899875
1402663552943538179,neutral,0.4678356693752491
1402663554126336000,negative,0.08149233225415205
1402663554361212929,negative,0.0001080794934094652
1402663554558332928,negative,1.7273862824556206e-05
1402663555342778374,negative,0.0005025829867535954
1402663557523775491,negative,0.21433552074450707
1402663558551277568,negative,0.01166753029680748
1402663558995976199,positive,0.8326779404134695
1402663559889362948,negative,0.06937782022416802
1402663560174505988,negative,0.14377846136086134
1402663561978126341,neutral,0.4486371064855821
1402663563211198475,negative,0.21059427607278267
1402663564419153925,negative,0.005629741426136483
1402663565597753349,positive,0.935416992057846
1402663565769707533,negative,4.831186646598077e-07
1402663567569137669,negative,4.751009001428975e-09
1402663569074839556,negative,0.09063579499909426
1402663569292939269,neutral,0.49789225920557484
1402663570337316866,negative,8.55233602092865e-08
1402663570433773571,negative,0.00014980108987003388
1402663571495043074,negative,0.0023771061188909855
1402663572967133184,negative,0.014039294621451847
1402663573239726085,negative,0.0019496975809303863
1402663575672573959,negative,0.24844790133526085
1402663575726985216,negative,0.032686520239629084
1402663575844438019,negative,0.3100854772536763
1402663576364519425,negative,0.014356967336812859
1402663577991925768,negative,0.11271731930526545
1402663578000310277,neutral,0.37269762817218505
1402663578512076804,negative,1.9773577793964118e-05
1402663582131707910,negative,0.07379963277091922
1402663584128192517,neutral,0.4486371064855821
1402663584677740545,negative,0.00407926509311509
1402663585319378956,negative,0.1295622923919365
1402663585554210818,negative,0.22929993319956118
1402663586393038848,negative,0.15585040364727296
1402663586716061700,neutral,0.4678356693752491
1402663587152343044,negative,0.05464138359512389
1402663587781431298,negative,0.010553557483979707
1402663588020502529,negative,0.002354310849354029
1402663588528070656,negative,0.00029926717871794705
1402663588909682698,negative,0.18795859623648656
1402663589186609165,neutral,0.3358218310945649
1402663591027871749,negative,2.6103950768485325e-14
1402663593716428802,negative,0.000556763374126632
1402663595582820357,negative,0.004312924211668082
1402663596669157380,negative,0.31268358889870496
1402663597621366791,neutral,0.4274047939449264
1402663597705211907,negative,0.06289172141595166
1402663597843550210,negative,8.643653286902341e-05
1402663597931704320,negative,0.07189308657699417
1402663599542345728,negative,0.02987639784926889
1402663600167305217,negative,0.008003243346936622
1402663601899552778,negative,2.9463668383475436e-06
1402663602201444359,negative,0.05655109487266154
1402663603044487168,negative,0.0006656329211654766
1402663603384340482,negative,0.18461533061076485
1402663603740815362,negative,0.008108583572444886
1402663603849814021,negative,0.09205518236013521
1402663604265140226,negative,0.040496984936594004
1402663606987206664,negative,0.031772833219102924
1402663609314983945,negative,0.0561773892089805
1402663610757771266,negative,0.0037473903664601202
1402663611173163012,negative,0.1765349760797645
1402663612771192833,negative,0.024991786768085826
1402663612880150533,neutral,0.5814759510779447
1402663614507593729,negative,0.2155945142213284
1402663615484792832,negative,0.006807829876161893
1402663615723835394,negative,0.008521624223753597
1402663616264933388,neutral,0.5088253157799723
1402663616671797250,neutral,0.37613281431482276
1402663618819366913,positive,0.9514172790177682
1402663620773830657,negative,0.1708079151275053
1402663621998661640,negative,5.1547418745393374e-08
1402663622363389953,negative,0.00014645529661032545
1402663622413852681,negative,3.81670865372019e-05
1402663624133513220,negative,0.0026799294210552165
1402663624401952782,negative,0.21433552074450707
1402663624565473280,negative,0.00042353594567447086
1402663625064697869,negative,0.001110058851413393
1402663625576288257,negative,0.04531491646821888
1402663625639268361,positive,0.8175184811660444
1402663631339278344,negative,0.11408730891176494
1402663631649656832,negative,0.01739422041768549
1402663633063235586,negative,0.060509932409311996
1402663635340701697,negative,0.00027781516722646336
1402663640285827074,negative,0.0016922641965132893
1402663640440922113,negative,0.0024969851727082754
1402663640654921730,negative,0.01739422041768549
1402663640780656641,negative,0.12396052383444016
1402663644140351495,positive,0.6732620951437333
1402663644643659776,negative,0.0564138316055202
1402663644849184779,negative,0.026160995915208294
1402663644987641862,negative,0.022180365814976226
1402663645004324869,negative,4.1368762974673866e-08
1402663645432225793,negative,1.4666632172912389e-06
1402663645608394756,negative,0.0008074754604902396
1402663645893509121,negative,0.07413406513263482
1402663646564655104,negative,0.03933321617121116
1402663646837235715,negative,0.010028415945093993
1402663647785148429,negative,1.26803319733784e-05
1402663648418582535,neutral,0.37613281431482276
1402663649500618753,negative,3.127158254012848e-09
1402663649999736838,negative,0.000624764890780097
1402663652080209926,neutral,0.49789225920557484
1402663652415754250,negative,0.044201098321916835
1402663652658982915,negative,0.0007043340755290863
1402663653573267465,neutral,0.5159436667231726
1402663654236069896,negative,4.893047054063235e-12
1402663655116881931,negative,0.001112021604443877
1402663657524412425,negative,1.221056540050326e-05
1402663658098991105,negative,0.0011606530328197705
1402663658480717825,negative,2.823931475038298e-07
1402663662427516934,negative,1.893270635895757e-07
1402663662515494914,negative,0.05077761273775463
1402663662897221635,negative,0.007234236509918294
1402663663908044807,negative,0.0007848476458267356
1402663664910487552,negative,0.00021232149968691916
1402663665552199680,negative,0.052492431504727426
1402663666168778764,negative,0.008491144329752773
1402663666663792643,negative,0.01967772184158525
1402663666827239432,negative,0.06085789804853742
1402663666890203137,negative,0.018706824473296146
1402663668232433665,negative,0.008025792379028892
1402663668957974529,positive,0.9962735920757743
1402663670216265730,negative,0.000624764890780097
1402663671659171840,neutral,0.4985928500860049
1402663672837808132,negative,1.3437271903856893e-07
1402663672888147976,negative,0.00029796290509091295
1402663672971997194,negative,7.738704655505232e-06
1402663673072607238,negative,0.060229975233889836
1402663675488526336,negative,0.001772171518333342
1402663675677249539,neutral,0.4611977319648699
1402663675698237442,negative,0.0006364201689034415
1402663679888445442,negative,0.22741288632430767
1402663680114888707,neutral,0.4990301113219762
1402663683046711299,negative,0.11107085666551644
1402663685521346561,negative,0.04659691276079612
1402663687664640011,negative,1.8748671874656112e-06
1402663687836536833,negative,0.032686520239629084
1402663688029487108,negative,0.2812124665127172
1402663689036210176,negative,0.0013020748258049508
1402663689254322176,negative,0.0025031793874665097
1402663691137523715,negative,0.1643515967735565
1402663691510759427,negative,0.21433552074450707
1402663692001595392,negative,0.17005428278801374
1402663692748079107,negative,0.32709770686772627
1402663694115426304,neutral,0.3358218310945649
1402663694820126728,negative,0.0029304306750286627
1402663694887174149,negative,0.0025031793874665097
1402663695466090497,negative,0.3029968537174699
1402663697533870093,negative,0.00034309445464125526
1402663697613471747,neutral,0.34467172115086764
1402663697944911885,negative,0.001152248781186787
1402663698825629702,negative,0.21433552074450707
1402663698913763330,negative,0.011125351418832372
1402663699538747393,negative,0.005775006055720155
1402663701472321545,negative,0.00020268668104642557
1402663701740666894,negative,0.2609862066474561
1402663702889893888,negative,0.12218116507000928
1402663703066169351,negative,0.06446761730078081
1402663703552663568,negative,0.12438949516524248
1402663703804325890,neutral,0.5306398704057798
1402663703959511042,positive,0.7421602654611243
1402663704567615490,negative,0.007348297706162109
1402663706056658945,negative,0.0031933456659252965
1402663708153745411,negative,0.003029218062106838
1402663708829093894,negative,0.32709770686772627
1402663710569766912,negative,8.381831400677242e-10
1402663711169388548,negative,0.002244874623491347
1402663711593148422,positive,0.9626475946178991
1402663714009104384,negative,0.006025080050674894
1402663715217055745,negative,0.0002277803171722328
1402663717083529223,negative,0.0564138316055202
1402663720136982529,neutral,0.49789225920557484
1402663720778620930,negative,0.0178173709198559
1402663721839861760,negative,0.11190703588452401
1402663722997403648,negative,0.32359009059143207
1402663723207122952,negative,0.002783252868953416
1402663723383332872,negative,0.011780639408640317
1402663723639132164,negative,6.932390577271214e-06
1402663724725510149,negative,7.91085176522517e-05
1402663726319378434,negative,0.014073181242922563
1402663728013795330,negative,0.00014980108987003388
1402663728596848641,negative,0.036690662709038264
1402663728881995781,negative,2.9185487697547204e-09
1402663729209262086,negative,1.7273862824556206e-05
1402663729351823361,negative,0.023636402689287756
1402663729846644738,negative,0.015518742948527358
1402663730811392003,neutral,0.49789225920557484
1402663731566415877,negative,1.1055216885127105e-06
1402663732371656704,positive,0.8095292464164446
1402663732640206852,negative,5.5460148343358816e-12
1402663733273542667,negative,0.10470891443198739
1402663735135805443,negative,0.1054937006837805
1402663735576068097,negative,0.0010531652085161226
1402663735949512705,negative,0.01585205552295112
1402663737488773123,neutral,0.4227986875496061
1402663738034069509,negative,0.01400282995392792
1402663738151510028,positive,0.7324849872959731
1402663738189156363,negative,0.05077761273775463
1402663738503745544,negative,0.014181892334225446
1402663738616995844,negative,0.2411171381745548
1402663739921469449,neutral,0.39439463283712184
1402663740059885568,negative,0.0024969851727082754
1402663741934690308,negative,0.010320231446011024
1402663744879185927,negative,0.00020268668104642557
1402663745348902919,negative,0.0001719735720332356
1402663747236339713,negative,0.0004961293573923622
1402663747475279879,positive,0.6812359309066204
1402663748544892930,negative,0.22493346794813412
1402663749903962114,neutral,0.49789225920557484
1402663750210043905,negative,0.03784718540157027
1402663751443156992,negative,1.8596890736033477e-07
1402663751623528453,negative,2.6150722077761275e-08
1402663752089100296,negative,2.0977860438846528e-07
1402663753401913345,negative,0.13187762227680255
1402663753418776592,negative,0.00021290651948464523
1402663753519337477,negative,0.0024969851727082754
1402663757562720262,negative,0.0001298705217298816
1402663757625634820,negative,0.011761046093249485
1402663757772361728,negative,0.32709770686772627
1402663757990465539,negative,0.006796617225349921
1402663758225412096,neutral,0.5395785286239229
1402663758745542656,positive,0.9481649725617022
1402663760993689604,negative,1.7155590991088482e-05
1402663762356670464,negative,2.1449042302717276e-06
1402663762906292228,positive,0.7177341859674041
1402663763334078467,negative,0.0024969851727082754
1402663763933896716,negative,0.12629201350902708
1402663764730724359,negative,7.901228358052136e-06
1402663765766774785,neutral,0.4107659124484626
1402663766068707331,neutral,0.37613281431482276
1402663768199413763,negative,0.06349841834265853
1402663768212004865,negative,0.0004493918342676687
1402663769050947585,negative,1.7273862824556206e-05
1402663775279398913,negative,0.0987784634572506
1402663775946383365,negative,0.0004108780365218857
1402663777091436548,negative,1.7155590991088482e-05
1402663778597154817,negative,1.910363973865725e-06
1402663780333592579,negative,0.05864260160136763
1402663782216876033,negative,0.0018538497906761572
1402663782942400513,positive,0.9962735920757743
1402663785647718402,negative,0.22864906974311708
1402663787510079491,neutral,0.46373486844027784
1402663790349635585,negative,0.06928104158874523
1402663792119529473,negative,0.19803774624810624
1402663793159774214,negative,0.04123740071814202
1402663794006974474,neutral,0.4156008394074045
1402663795659624454,positive,0.9962735920757743
1402663796318035970,negative,0.01224567771749932
1402663796540387328,negative,9.056750408819682e-07
1402663796909477888,neutral,0.46364466503952073
1402663797194637324,negative,0.06446761730078081
1402663797689622530,negative,0.004549569254550962
1402663798364794881,negative,0.010137785884964414
1402663798603931654,negative,0.0380318568596381
1402663800294285328,negative,0.0017755625287686927
1402663802999607300,negative,0.001149407598508122
1402663804350218241,positive,0.9723142897613274
1402663804446642176,negative,0.21035390491563616
1402663804778000387,neutral,0.3358218310945649
1402663805625241600,negative,0.00020268668104642557
1402663805793021954,positive,0.7621329915870502
1402663805864214535,negative,0.007824492957395481
1402663806527053825,neutral,0.6127708296472801
1402663808632557570,negative,0.004839155798648058
1402663809857228804,neutral,0.49789225920557484
1402663810117287938,negative,0.2754104732179606
1402663810209665040,negative,0.0004941682028879365
1402663810364739587,negative,0.0024969851727082754
1402663810431963139,neutral,0.4744541669089408
1402663810436059144,negative,0.03065907018876169
1402663810545160193,negative,4.105583086001163e-09
1402663810935164937,neutral,0.5306398704057798
1402663811212062721,negative,0.03743729878331558
1402663812592025602,negative,7.5166372560171005e-06
1402663812772286465,positive,0.6766837466775665
1402663813170728965,negative,0.016601523510272307
1402663813254729732,negative,0.00215914727485023
1402663814311600128,negative,0.0024969851727082754
1402663814693326851,negative,0.00018324802329712958
1402663820028485636,neutral,0.49789225920557484
1402663822377295872,neutral,0.38964458701193794
1402663824113782791,negative,3.331959261811508e-08
1402663824826716164,negative,0.14278373290122653
1402663825271296005,negative,0.00020268668104642557
1402663825531355143,negative,1.7155590991088482e-05
1402663826038870016,negative,4.105583086001163e-09
1402663828194840581,positive,0.8222255158431281
1402663828656168963,negative,0.32673242677688463
1402663828974931969,negative,0.009016124912233177
1402663829004177409,negative,0.00014296227653321232
1402663829687898113,neutral,0.5730552204236814
1402663829851590664,negative,1.241526946100823e-05
1402663829973221382,negative,0.10225914080891241
1402663830233169922,negative,0.015293409255561592
1402663832720396288,neutral,0.5123133187456889
1402663832783310852,negative,0.01606630024457497
1402663833349599250,negative,0.13339317767866538
1402663833467080710,negative,0.004012488323465793
1402663833869619206,negative,0.2411171381745548
1402663834914070528,negative,0.01016136567279997
1402663835643920387,negative,8.425870352482243e-09
1402663836486930434,negative,1.7155590991088482e-05
1402663836923142144,negative,0.0016856066009950318
1402663837065744392,positive,0.9903132043537272
1402663837250248704,positive,0.9964062753698587
1402663837518778372,negative,0.006025080050674894
1402663838047260678,negative,0.0017633497268493168
1402663838571499527,negative,0.09063579499909426
1402663840974839808,negative,0.21654223313435828
1402663841457217546,negative,0.22821616684985674
1402663841524326400,neutral,0.408942169628454
1402663843885690887,negative,0.06446761730078081
1402663844971962368,negative,0.008194108307918925
1402663845261369353,negative,3.235361937121832e-05
1402663845789847555,neutral,0.33578759158135824
1402663848243609604,neutral,0.3358218310945649
1402663848537210883,negative,0.10470891443198739
1402663848885248005,negative,8.321196742509313e-05
1402663849665384458,neutral,0.42731488696630027
1402663850193915913,negative,0.02219183057945265
1402663851926171649,negative,1.7155590991088482e-05
1402663857391341573,negative,1.7155590991088482e-05
1402663858293051396,negative,0.32709770686772627
1402663859836665865,negative,2.7711961278642674e-06
1402663862311305220,negative,0.06497765028487051
1402663864978841600,negative,0.1999331438758283
1402663865553412101,negative,1.7155590991088482e-05
1402663865796771841,negative,0.015502892611590456
1402663867046457344,negative,2.3618024008254194e-06
1402663867088523274,positive,0.7732741075896913
1402663867373785092,negative,0.008835429017008062
1402663867382181890,negative,0.07325869377567247
1402663868548227076,negative,0.10645609538288267
1402663870699917312,negative,0.0007201762776437858
1402663872570478596,negative,4.2295258280660825e-09
1402663872671236106,negative,0.146673071549875
1402663873543557123,negative,0.2117822163162227
1402663875330428928,negative,0.05131832377183612
1402663875636600833,negative,1.2515174819002003e-07
1402663876307607557,negative,7.354249426020352e-05
1402663877259763712,negative,0.002701680201848702
1402663877456900097,negative,0.0018538497906761572
1402663877733670914,negative,0.0009466437795502501
1402663882154459138,neutral,0.3703428921750256
1402663882502676485,negative,0.013767034408337927
1402663883886768128,negative,0.0004108780365218857
1402663884608229379,negative,0.007752784512533954
1402663885535125505,positive,0.847089807937189
1402663886340476937,negative,0.00015396736679187787
1402663887619739657,negative,0.0925928539506085
1402663887825145863,negative,0.07259394147788527
1402663888852852738,positive,0.7470326468787389
1402663890530537476,negative,0.01224567771749932
1402663890815684608,positive,0.8309189674151615
1402663891017113602,positive,0.9999289033932661
1402663891155439619,negative,0.07983752777306279
1402663891772002304,neutral,0.38964458701193794
1402663891797168129,negative,8.441346150918525e-08
1402663892048875521,neutral,0.3425976300673797
1402663893479178241,negative,0.002922291711442786
1402663895475568640,positive,0.9012071553892459
1402663897157541889,negative,4.758035791103846e-08
1402663897845407747,negative,1.6757872833837799e-06
1402663898008887302,negative,8.811527472662652e-06
1402663898147393543,neutral,0.4190935437062381
1402663898218704903,negative,0.09817661975693076
1402663898692599812,negative,3.4026518104813205e-06
1402663900743675909,negative,0.06911100210766787
1402663901100187651,negative,0.0024959112890923663
1402663901519568897,positive,0.9962735920757743
1402663903427956738,negative,7.901228358052136e-06
1402663904233373700,negative,0.004263590944065014
1402663904413683716,negative,0.0009466437795502501
1402663905281908740,negative,0.06904187015378999
1402663905353162754,negative,3.7972651400685984e-05
1402663906489864196,negative,0.02854198244499914
1402663907425148934,negative,0.009020072472520265
1402663908373114885,negative,0.01994107668819574
1402663910097014791,negative,0.0010531652085161226
1402663910591901700,negative,0.019315538577933403
1402663911657115653,negative,0.031772833219102924
1402663914060632066,negative,0.00020268668104642557
1402663914899488771,negative,2.732206285577361e-06
1402663915063021578,negative,1.715181741330721e-09
1402663915385982986,negative,0.0024969851727082754
1402663916061265920,neutral,0.4408253108413711
1402663916371693571,negative,6.38780861995621e-07
1402663916950495248,negative,0.014848866428121579
1402663919865454596,negative,0.0005451800489987271
1402663921992011777,negative,0.08150342887850937
1402663922986070016,negative,1.1575482209763005e-05
1402663923208405001,negative,0.015571033550958555
1402663924193972225,negative,0.3079211287249981
1402663924231704583,negative,0.00017941002379476525
1402663924357550085,negative,0.02042068057372082
1402663926744166400,negative,0.20839083522426471
1402663927251668994,negative,6.130898926417174e-05
1402663927415201798,neutral,0.6503430015264552
1402663928375742467,negative,0.08339979008261068
1402663929323610118,negative,2.7053729305997924e-19
1402663930833551368,negative,0.08339979008261068
1402663931055902725,negative,0.06937782022416802
1402663931420762118,negative,0.03484595400511363
1402663931668226048,negative,0.00015317327843265428
1402663932133793795,negative,0.0935891390283034
1402663932188311553,neutral,0.49789225920557484
1402663933119455236,neutral,0.39439463283712184
1402663933178155017,neutral,0.3475956646417961
1402663933547319307,negative,0.08496365055702683
1402663934205874180,positive,0.983043083827059
1402663934843293700,negative,1.715181741330721e-09
1402663935560519690,neutral,0.4137930597481538
1402663935686463491,negative,8.195346612448989e-06
1402663936491757568,negative,0.0007771642762556344
1402663936550445062,negative,0.0013731367992561492
1402663936672124931,negative,1.7273862824556206e-05
1402663936885940226,negative,0.03500127724217177
1402663938412748806,negative,1.6224394532401254e-16
1402663938429493254,negative,0.21433552074450707
1402663939205480448,negative,0.0021296668885355755
1402663939419353096,negative,0.03123408631906742
1402663940744695809,negative,0.0014186680162002283
1402663941327798280,neutral,0.37137062280538924
1402663941906522122,positive,0.6602591862108771
1402663942376263680,negative,5.664836509390292e-05
1402663943303217152,neutral,0.37613281431482276
1402663943412322304,negative,0.0019536068440899152
1402663943970201601,negative,0.19311067094070053
1402663945782059015,negative,0.007772060913015071
1402663953730355200,negative,0.004476765942951985
1402663954023960577,negative,1.7155590991088482e-05
1402663955152216067,negative,0.062340597070590885
1402663955303219208,negative,0.004917393205780014
1402663955491966976,negative,3.847217991636555e-10
1402663956154552324,neutral,0.43897800242845086
1402663956351750144,negative,0.1765349760797645
1402663956741865473,negative,0.21765979305939034
1402663956855074824,negative,0.0630543106486439
1402663957526163459,negative,5.163558967109043e-05
1402663958880960518,negative,2.0053722708747962e-05
1402663960021774337,negative,1.7155590991088482e-05
1402663960172695559,negative,0.011158141861858768
1402663960671838217,negative,2.029057922693371e-06
1402663961372278785,negative,4.735093001344997e-06
1402663961707810826,negative,0.005828059579880551
1402663962697682947,negative,6.0246006261078535e-05
1402663962827706376,negative,5.3985070245747965e-05
1402663964220211201,negative,0.0011548208407915752
1402663964220301318,neutral,0.5675764379367939
1402663964979478533,negative,0.010430076093258722
1402663970482294785,negative,0.014356967336812859
1402663971333840897,negative,7.999507787518073e-05
1402663972021673992,negative,0.09875815040429646
1402663972847996934,negative,0.02074895161880797
1402663973485527046,positive,0.9840494203078056
1402663973883891722,negative,0.019069234147858133
1402663974085222401,positive,0.7407072211121191
1402663974227873802,negative,0.022323148292018945
1402663975318392838,negative,0.32709770686772627
1402663975469322248,negative,6.11995777524306e-09
1402663979227430924,negative,0.0987784634572506
1402663980171247617,negative,0.00012981047782477576
1402663981588828166,negative,0.00033247717012535144
1402663981781766154,negative,0.0014365785387138016
1402663982767480832,negative,0.18185354940778564
1402663983342145541,neutral,0.49789225920557484
1402663984445153283,neutral,0.568440926224993
1402663984982077441,negative,0.0023771061188909855
1402663985212764166,negative,0.025751288647849157
1402663986450022401,neutral,0.49789225920557484
1402663986508750855,negative,0.22821616684985674
1402663986647252992,negative,0.008025792379028892
1402663986940817414,negative,2.732206285577361e-06
1402663987129552896,positive,0.689162549895392
1402663987360059392,negative,0.15795937800198306
1402663987393839113,negative,3.6237743032781165e-06
1402663987653791746,negative,0.07270171693922868
1402663989444845571,negative,1.7273862824556206e-05
1402663989767819272,negative,1.0465840858967187e-11
1402663990334005262,negative,0.004430111404912722
1402663990782742532,negative,0.043642099552369244
1402663991751622658,negative,0.00014542277889497343
1402663992666042372,negative,0.059145720060052275
1402663993295130625,negative,0.10588256597481213
1402663993588817921,negative,0.018439535237967253
1402663994138271749,negative,0.00036429740233580527
1402663995752996866,neutral,0.6249440959750684
1402663995966902282,negative,0.010550707286842388
1402663996344393730,negative,3.140892679078116e-05
1402663997015429123,negative,2.1449042302717276e-06
1402663997611155468,negative,1.7155590991088482e-05
1402663999779610628,negative,2.273167126598677e-09
1402664000391987200,positive,0.7995643654868858
1402664001956425730,negative,0.18425407198793964
1402664003378335758,negative,0.0016856066009950318
1402664006352052225,negative,0.06085789804853742
1402664009631928324,negative,1.245295007591559e-09
1402664010227539968,negative,0.31968265581519295
1402664011192209416,negative,0.009066832996434892
1402664013759197188,negative,0.004661586593483536
1402664015143317506,negative,0.011462769222602682
1402664015403311119,neutral,0.36579820699353094
1402664016309280773,neutral,0.46127768308170247
1402664016498073607,neutral,0.4737554465528978
1402664016816873472,negative,0.07379963277091922
1402664017303384067,neutral,0.4737554465528978
1402664018498760708,negative,0.21760466093969125
1402664019077611526,negative,0.010890584006532193
1402664019736080395,positive,0.7937273549415789
1402664021342445568,negative,0.23516217222802765
1402664023640915972,negative,0.00010764769114251951
1402664024513421313,negative,1.7155590991088482e-05
1402664026165891079,negative,0.0005027510037143125
1402664027105415169,negative,0.004426782253090606
1402664027424280579,negative,0.0018585174898644117
1402664027612975111,negative,0.010553557483979707
1402664029856972800,negative,7.531689341497955e-05
1402664032478322700,positive,0.9802865408236136
1402664032574836740,negative,1.7155590991088482e-05
1402664032650289152,negative,0.030029238979305265
1402664033539530765,neutral,0.367261038995328
1402664036953645061,negative,0.23516217222802765
1402664039138922500,negative,0.018694606503432205
1402664040099467268,negative,0.10140378941223072
1402664043236802563,negative,0.1378763640501679
1402664045858246658,negative,7.675367602921043e-09
1402664046080430085,negative,0.03642942025312162
1402664046105608195,positive,0.955200352945918
1402664046307037187,negative,6.892588651510253e-07
1402664047292600324,negative,0.31251327812974533
1402664047493984258,negative,0.05997424638888551
1402664047548502019,negative,0.0030297368454360336
1402664047909163018,negative,0.14278373290122653
1402664047976271882,negative,0.00131849925149206
1402664048899112970,negative,0.10659998454991694
1402664049137971201,negative,0.31793229079579644
1402664049322741769,negative,0.0003450109811258425
1402664049754742790,neutral,0.408942169628454
1402664052103565317,negative,0.16384691783761343
1402664052128509954,negative,0.007662764256112027
1402664052799770632,negative,0.0010246297862077747
1402664055064649729,negative,0.0009466437795502501
1402664055609888772,negative,0.0011120870279489722
1402664055731535875,positive,0.7606062320069646
1402664055832260612,negative,0.04876614156462202
1402664059368054802,negative,0.07761114451061897
1402664059552636928,negative,0.01996783108557213
1402664061293281283,neutral,0.3358218310945649
1402664062572449793,negative,0.22090379262499857
1402664063017099271,negative,0.04058054173291837
1402664063658778626,positive,0.9995845597596971
1402664063914676224,negative,0.11333237095894784
1402664064497635328,negative,0.1637186164793682
1402664067278512130,negative,0.21433552074450707
1402664067421122561,negative,0.0023771061188909855
1402664068125802499,negative,0.32709770686772627
1402664068746551296,neutral,0.44094788290650255
1402664068889157634,neutral,0.45068963193287265
1402664068926877706,positive,0.9053648093540515
1402664069132337160,negative,0.05997424638888551
1402664069404954626,negative,0.024556844101852188
1402664070910820357,negative,0.23516217222802765
1402664073758744579,negative,1.4108432567386029e-06
1402664073850916867,negative,0.015668460502288935
1402664075486715905,negative,0.0015426147233599512
1402664076501737479,negative,0.013767034408337927
1402664076736700425,negative,0.2621435295041906
1402664078024212484,negative,0.0013086176358971047
1402664078036905986,negative,0.0009038890221231026
1402664080498909186,negative,0.03577998175954379
1402664081119711236,negative,0.04897441751313658
1402664082138927106,negative,0.27559690975127804
1402664082327719939,neutral,0.6405367958679489
1402664082692620288,negative,0.03065907018876169
1402664082952577029,negative,0.08064187674794018
1402664084231819266,neutral,0.6302736398171706
1402664084349333511,negative,6.932390577271214e-06
1402664087004364806,negative,0.06911100210766787
1402664087641853954,negative,0.0004262004642939426
1402664088006758403,negative,0.007126281839897013
1402664088950411266,negative,0.03119106136200889
1402664089571241991,negative,0.23516217222802765
1402664091110498306,negative,0.0987784634572506
1402664092192677888,negative,0.002656020268286838
1402664092339511301,negative,5.428714911983298e-06
1402664096009539586,negative,0.0009466437795502501
1402664096521129986,negative,0.1885649404484406
1402664097951502336,negative,0.10369484640705583
1402664098861572097,negative,0.0016346420675831604
1402664099327229956,neutral,0.6450906080214386
1402664099381755906,negative,4.105583086001163e-09
1402664100048539651,negative,0.011488307187773262
1402664103219503110,negative,0.08154071556995883
1402664103286562834,positive,0.7609868129581999
1402664103634685954,negative,1.7155590991088482e-05
1402664103919902726,neutral,0.45068963193287265
1402664104184135682,negative,0.007984412685059955
1402664105270448129,negative,0.000624764890780097
1402664105710919681,negative,0.06349841834265853
1402664105933160452,negative,5.5460148343358816e-12
1402664106059051017,negative,8.219717184135478e-05
1402664106918879237,positive,0.7485700723797433
1402664107023777802,negative,0.032686520239629084
1402664107308900353,negative,1.8487860887802588e-05
1402664109687164935,negative,2.2054572504351685e-07
1402664110886641669,negative,0.07680981400040632
1402664111931023367,negative,2.029057922693371e-06
1402664112098877449,positive,0.8754412727166906
1402664112962916352,negative,0.00131849925149206
1402664113214525444,negative,2.0900789422073274e-09
1402664113596256256,neutral,0.3358218310945649
1402664113713651717,negative,0.00011357953936867049
1402664115525586949,negative,0.32359009059143207
1402664117597523970,negative,8.032237832720006e-08
1402664118809681926,negative,0.1364208734878067
1402664121225695234,negative,0.12396052383444016
1402664121967992845,negative,7.670778686735321e-05
1402664122492362765,negative,0.0002754546797253139
1402664123897372680,negative,0.24963752673384276
1402664124992086026,negative,0.03085793275695922
1402664127957549056,positive,0.7159168140403928
1402664130616737793,neutral,0.4126064726152716
1402664131505893386,negative,0.0007617261025850532
1402664131564560391,negative,0.14278373290122653
1402664132193787923,negative,6.3593719220646155e-09
1402664133657600016,negative,0.004274319506380921
1402664133917478913,negative,0.011776455629158371
1402664136010514441,negative,0.11907478214876598
1402664137080066054,negative,1.893270635895757e-07
1402664137377845248,negative,0.00016652982801321887
1402664137478508550,negative,0.0016856066009950318
1402664137730269189,negative,0.009216939328456776
1402664138963308548,negative,0.00020268668104642557
1402664139902881798,negative,0.04166684421099293
1402664140360105990,neutral,0.49789225920557484
1402664140645273602,negative,0.09749915278724053
1402664142411026437,positive,0.8141392913248807
1402664143128252419,negative,0.00407926509311509
1402664143837188100,negative,0.0005787768869594005
1402664146668228609,neutral,0.5000239759388333
1402664146768957440,negative,0.014055091196469898
1402664147146399745,negative,0.0006656329211654766
1402664147221987338,negative,1.8108255623374292e-06
1402664147481935884,neutral,0.5675764379367939
1402664147507105797,negative,0.0033364756319652737
1402664149084217346,negative,0.001546337416543477
1402664149658882054,negative,0.001772171518333342
1402664149977550855,negative,0.007234236509918294
1402664151831433219,negative,0.003991451006001597
1402664152074702854,negative,0.01582823783614034
1402664153538613251,negative,5.745820939717914e-08
1402664154033446915,negative,0.007234236509918294
1402664154067001348,positive,0.8364527274405094
1402664154754961415,negative,0.18484430813035202
1402664156172541962,negative,0.06632756837620918
1402664156340310017,negative,0.0013291019017595716
1402664156784955393,negative,0.0032621240653231127
1402664159410544648,negative,0.0023771061188909855
1402664159746134023,negative,0.0005054838044322452
1402664159788023811,negative,0.1189076974072669
1402664160412979200,negative,0.2794653930830212
1402664160870162433,negative,0.001772171518333342
1402664161952382982,negative,0.007268333472630147
1402664164481449987,negative,0.0005054838044322452
1402664165588803585,negative,0.010320231446011024
1402664165777547273,negative,0.004747936085815009
1402664166100451328,negative,0.25713377043441715
1402664167966916612,negative,2.029057922693371e-06
1402664168835145729,negative,0.011488307187773262
1402664168864587777,neutral,0.3358218310945649
1402664169023938560,negative,0.0009466437795502501
1402664170252800001,negative,0.03119106136200889
1402664171817287685,negative,0.11794983638474398
1402664172840701952,negative,6.932390577271214e-06
1402664172895277057,negative,0.0015431125595708254
1402664175256678400,negative,0.01114776665676775
1402664176468779014,negative,0.004476765942951985
1402664177869672455,negative,9.290609379547144e-05
1402664178482098179,negative,0.30721801832976103
1402664179773980674,negative,0.06194378336300432
1402664180214382598,negative,0.09225036837669616
1402664180931497992,negative,0.022782861247636472
1402664180931571716,negative,0.003786130267831199
1402664182982586370,negative,0.0342182941175269
1402664183490043907,negative,5.0243950431496524e-08
1402664183557152774,negative,0.007760549597619375
1402664184949714946,negative,1.8037129975149825e-06
1402664185171959816,neutral,0.4651496474142663
1402664185981374465,negative,0.17286345898033248
1402664187147472899,negative,6.651198753874491e-05
1402664187944333314,negative,0.006446414901877963
1402664188913332232,neutral,0.5072847843397149
1402664189437612036,negative,0.0005997591701763231
1402664189651570688,neutral,0.3448406345051728
1402664190175809536,negative,0.04264367444334982
1402664190175854596,positive,0.9878661524588132
1402664190515585027,negative,0.015744489457661895
1402664191576580099,negative,1.0895718431905855e-09
1402664194328072192,negative,0.08968472232688393
1402664194713980931,negative,0.04211714422806627
1402664195544526850,negative,0.00012291807995073675
1402664196651823108,negative,0.01484172488492658
1402664197213802504,negative,0.0049573332060130594
1402664199680053250,negative,0.1295622923919365
1402664200351141901,negative,0.02081145724847078
1402664200485445636,neutral,0.3358218310945649
1402664202985164806,negative,0.005293714949664123
1402664203010416649,negative,0.0024969851727082754
1402664203115106304,neutral,0.49789225920557484
1402664203698147330,negative,0.01194108304827912
1402664203954102275,negative,0.13105292598311288
1402664204264411143,negative,0.04123740071814202
1402664205371822090,negative,0.07622538756310888
1402664206223216644,negative,0.2812124665127172
1402664206382604291,negative,0.04531491646821888
1402664207724785666,negative,0.10140378941223072
1402664207754182669,negative,0.18067214713394303
1402664207833878529,negative,0.11794983638474398
1402664208219750400,negative,0.1708079151275053
1402664208429420552,neutral,0.33687396889773297
1402664209171759104,negative,0.09297856513231333
1402664210644021262,negative,0.09025667302957242
1402664211143069701,negative,0.02382058475239144
1402664211940007938,neutral,0.49789225920557484
1402664213596803072,negative,0.05933202814165601
1402664213953327112,negative,5.179283770616476e-06
1402664214536376321,negative,0.08481700947267462
1402664214859108353,neutral,0.6450906080214386
1402664214913814530,negative,0.23516217222802765
1402664215186489348,neutral,0.3374674755446546
1402664218193809408,negative,0.0006481522355555033
1402664218256674819,negative,0.010202593214027873
1402664218403475456,negative,0.005817289266886484
1402664218793373697,negative,0.001570740807557807
1402664218944487430,negative,5.1547418745393374e-08
1402664219519115273,negative,0.1424949999022555
1402664219644940290,negative,0.023636402689287756
1402664220924207109,negative,1.7273862824556206e-05
1402664221087776777,neutral,0.37613281431482276
1402664221616267266,positive,0.9547880616863362
1402664222711074822,negative,0.0025722891107298937
1402664223482728452,neutral,0.40909563371415475
1402664224598511618,negative,7.479208679675142e-05
1402664225923796993,negative,4.741470845526375e-06
1402664226913755144,positive,0.9991074612603734
1402664227190591493,negative,0.11988313624368291
1402664227819692037,negative,0.1584810346356401
1402664228750868482,negative,4.21350572765418e-07
1402664229648453636,positive,0.9633894245446962
1402664230147571721,neutral,0.5558581316687224
1402664230462103557,negative,0.11794983638474398
1402664231917531144,negative,0.13496821920128937
1402664232907325440,positive,0.997967852303334
1402664233326755858,negative,6.0246006261078535e-05
1402664234438246403,negative,1.1326348263908552e-11
1402664234710863872,negative,0.14716837035805594
1402664234757013511,negative,0.015668460502288935
1402664234941620228,neutral,0.4392282592740697
1402664235675570187,negative,0.027872534561979776
1402664237906939906,negative,0.10470891443198739
1402664238003462144,negative,0.08139259472112187
1402664238766870533,negative,3.030388439545368e-09
1402664241535062025,negative,0.0018538497906761572
1402664242302668801,negative,0.09060425196202514
1402664242508189699,negative,0.000624764890780097
1402664242654990337,negative,1.3534925838305077e-05
1402664246601715714,negative,0.01197677290523826
1402664247063199750,negative,0.0020638225144577324
1402664248258486285,neutral,0.49789225920557484
1402664248518533132,negative,0.23516217222802765
1402664249021841410,negative,5.745820939717914e-08
1402664249487466497,negative,0.000245174018768877
1402664250057834496,negative,0.017291605467287016
1402664252322766859,negative,5.5460148343358816e-12
1402664252813479946,negative,0.11565769482281937
1402664253371338754,negative,0.0022833832973048708
1402664256152158214,negative,0.0009466437795502501
1402664257645338625,negative,0.11580891254207387
1402664257918021635,negative,0.0003369692304877636
1402664258257707010,negative,0.0012863298087586112
1402664259281166337,neutral,0.6545109756699847
1402664260015210496,negative,4.442143303391203e-12
1402664262267506692,negative,0.00347428679257711
1402664262733029382,neutral,0.49789225920557484
1402664263135727620,negative,0.018608531282295757
1402664266109493252,negative,0.10291771889438019
1402664266713468930,negative,0.005629741426136483
1402664266742874115,negative,4.105583086001163e-09
1402664268454055936,negative,0.11794983638474398
1402664270115086340,negative,0.27188841683403064
1402664270266081280,negative,0.0049573332060130594
1402664270370910211,negative,0.0005478139747264868
1402664271906025473,negative,3.2680384900161423e-06
1402664272807837696,neutral,0.40909563371415475
1402664273269211137,negative,0.15059556546733027
1402664274133147649,negative,2.7887918468772116e-06
1402664275534139394,negative,0.10869669960734156
1402664275647336453,negative,0.11794983638474398
1402664277945860100,negative,0.0021237407661403563
1402664278172344330,negative,0.01249821563193233
1402664278910550017,neutral,0.37858211342563475
1402664279178887169,negative,2.1449042302717276e-06
1402664280286236675,negative,4.5643162839533715e-06
1402664280554708995,negative,0.0033764098083457197
1402664280839921668,negative,0.16617318793139843
1402664281095692289,negative,0.03597708700599577
1402664282442055685,positive,0.954267856653197
1402664283155177478,positive,0.993359409062386
1402664284044206081,negative,2.4738450320766444e-05
1402664284065189894,negative,0.04871350524565638
1402664284090298370,negative,0.008921278175253186
1402664284090368002,negative,2.689833137294466e-10
1402664284128169986,negative,0.020854188746994025
1402664284438646785,negative,0.013407254867586904
1402664285667422211,negative,0.2553037722512382
1402664285822767115,negative,0.026368032520492128
1402664285919141892,positive,0.8276481451319961
1402664285973663744,negative,0.04209073995814182
1402664285990535170,negative,0.0278492980806161
1402664286099439620,negative,0.0003105522433375018
1402664286187569159,negative,0.005180294637628742
1402664286422437900,negative,3.6178418071397236e-06
1402664286472654848,negative,0.000499441842375583
1402664286581706752,negative,0.09487513410951279
1402664286636449793,negative,1.7155590991088482e-05
1402664286808272896,negative,0.007387599988502635
1402664286833549312,neutral,0.5130605840822943
1402664286846083072,negative,0.01998727286281825
1402664286875492354,negative,0.04871350524565638
1402664286938222594,negative,0.00970790511761553
1402664286955003906,neutral,0.6433439868276961
1402664286997123081,negative,0.2211313781598493
1402664290679767040,negative,0.12755237015909246
1402664291078189064,negative,0.108988401004057
1402664292965617667,negative,3.330447602251233e-05
1402664293552754692,negative,0.02545445313493427
1402664295679381508,negative,0.159851298487005
1402664295993905156,negative,4.141556638541855e-07
1402664296086003712,neutral,0.408942169628454
1402664296962736137,negative,0.001487835632180568
1402664297344294913,neutral,0.42191422235854953
1402664297738686465,neutral,0.6190898420591122
1402664298850271233,negative,0.025192449601868228
1402664300414750720,negative,0.18373687427183868
1402664301203181568,negative,0.0021237407661403563
1402664301362622465,neutral,0.4050012563469651
1402664302792908805,neutral,0.409974496813949
1402664304638414854,neutral,0.46318326475361027
1402664305556955138,negative,0.06911100210766787
1402664306349576200,negative,0.1695156832627057
1402664307255656451,negative,0.000875766500992276
1402664307528175620,negative,4.8159141674858013e-05
1402664307649703941,negative,0.22380524473039246
1402664308195172353,negative,0.01739422041768549
1402664308572672007,negative,0.081449849411829
1402664311659581452,negative,0.04552963553389047
1402664311970009089,negative,0.005738822450990754
1402664313802928135,positive,0.6675456347719884
1402664313911971841,negative,0.0007148359674862623
1402664315308630020,neutral,0.40909563371415475
1402664315371626501,negative,5.290134456362307e-05
1402664316202065927,negative,5.841517786780147e-05
1402664316508180488,negative,6.932390577271214e-06
1402664318093737994,negative,0.12528201215239979
1402664321012879360,negative,0.11794983638474398
1402664321574965249,neutral,0.3358218310945649
1402664321583308808,negative,4.527090870832796e-05
1402664322145435648,neutral,0.40909563371415475
1402664322833190917,negative,0.020215244683704826
1402664324192145409,negative,0.0314943889411591
1402664325156847618,neutral,0.3576131035191087
1402664325433774085,neutral,0.40909563371415475
1402664325920219140,negative,0.01739422041768549
1402664327023403009,neutral,0.40909563371415475
1402664328701091841,negative,0.09063579499909426
1402664328944361473,negative,0.007752784512533954
1402664330160705537,negative,0.13222983075397016
1402664332832485381,negative,0.21433552074450707
1402664335084769281,positive,0.9414446508923792
1402664336766738441,negative,0.00017941002379476525
1402664336959709188,negative,0.004867490349178865
1402664337605541891,negative,0.0010310927572267157
1402664337869881345,negative,0.13748679564637734
1402664341082673152,negative,0.012462333610050193
1402664341103681539,negative,0.0015156882597873675
1402664341783076868,negative,0.2748177366188215
1402664341942456326,negative,0.31732489718339985
1402664342605205504,negative,0.06085789804853742
1402664342919827464,negative,0.0007663267587389715
1402664344014536704,negative,2.732206285577361e-06
1402664344492593155,negative,0.0021321836137158387
1402664345310466052,negative,0.0033751658557036913
1402664346187087872,negative,4.6976922331691266e-05
1402664349211238400,negative,1.6726323349122769e-09
1402664349697728519,negative,0.001772171518333342
1402664349769113607,positive,0.9007587684287234
1402664350465376256,negative,0.003070489712433926
1402664350989623296,negative,1.6260096025381914e-05
1402664351245418507,negative,0.07007114522107323
1402664351496998912,negative,0.005286774075212312
1402664356303736838,negative,0.1781349193221631
1402664357113307145,negative,0.059008218204549726
1402664357385981956,negative,0.0049573332060130594
1402664357419356160,negative,2.732206285577361e-06
1402664358279254017,negative,0.00020929983014206395
1402664358757470211,neutral,0.49789225920557484
1402664359449538561,negative,0.09422356446987117
1402664359927615488,negative,0.04417894209729724
1402664361387343875,negative,2.8749439189710077e-05
1402664361920024584,negative,0.17844319298939187
1402664362054230024,negative,0.025833552508144703
1402664362746302465,negative,3.3722965672400494e-06
1402664362909839368,negative,0.27559690975127804
1402664363249504256,negative,0.007564872133059047
1402664363631251459,neutral,0.49789225920557484
1402664368819609604,neutral,0.40909563371415475
1402664369121595396,negative,6.932390577271214e-06
1402664369406709762,negative,0.013767034408337927
1402664370828677122,negative,0.11794983638474398
1402664371189321729,negative,0.0010531652085161226
1402664371306782725,negative,0.10858178037141308
1402664374708408323,negative,0.0020959452946268382
1402664376595890182,negative,2.7524467996555133e-07
1402664378026147848,neutral,0.6040493912950413
1402664380123303947,neutral,0.40909563371415475
1402664381259845637,negative,0.21433552074450707
1402664382245580802,negative,0.044253854485244735
1402664382249766912,positive,0.9477931060999414
1402664382883053568,negative,0.023636402689287756
1402664383004696589,negative,0.05292388440097632
1402664383474511877,neutral,0.40909563371415475
1402664384153927688,negative,0.08311975694301833
1402664384393105415,negative,1.715181741330721e-09
1402664384430841859,negative,1.4155767989618051e-08
1402664385278054407,neutral,0.3916352286666657
1402664387136131076,positive,0.9861518427785475
1402664387761127432,negative,0.004440933349989505
1402664389937872898,positive,0.6779399412764926
1402664392446119936,negative,2.1229355882346755e-06
1402664393935044613,neutral,0.40909563371415475
1402664394727776265,negative,0.010911785453122087
1402664395256250368,negative,0.04876614156462202
1402664399521918981,negative,0.0005478139747264868
1402664400117456901,negative,0.0024969851727082754
1402664401161883649,positive,0.7080653876691578
1402664401858174976,neutral,0.49789225920557484
1402664402269229058,negative,0.09420399054278314
1402664402613067778,negative,0.01043185840160359
1402664404873662465,negative,5.1793630956265385e-08
1402664404924182528,neutral,0.38395795074393496
1402664405825953795,neutral,0.49789225920557484
1402664406987718665,negative,0.148425211534393
1402664407512109062,neutral,0.40909563371415475
1402664407826677761,neutral,0.3499352441185855
1402664408028004352,negative,0.008395314293911374
1402664409709879303,negative,1.0672740302410762e-07
1402664410171195397,neutral,0.49789225920557484
1402664411349852160,negative,0.002830691416211879
1402664411744047104,negative,1.2528809375421792e-08
1402664412692070401,negative,0.17636222614564
1402664413727965184,negative,0.11794983638474398
1402664414008987649,negative,0.01441831927999481
1402664414466166788,positive,0.701928064041631
1402664415590244355,negative,0.23475993127835598
1402664415925780486,negative,0.07379963277091922
1402664416135593986,negative,2.242556205960165e-06
1402664416252936195,negative,0.0006656329211654766
1402664417037275138,negative,0.0024350585082734077
1402664417234456576,negative,0.010320231446011024
1402664420136914944,neutral,0.3870735892968001
1402664423001444353,negative,0.21433552074450707
1402664423949484032,negative,0.002401771585169262
1402664424616480774,negative,1.3439954306181061e-05
1402664424960413696,negative,0.019384971353053757
1402664427766362119,negative,1.4125939979643808e-07
1402664428508680193,negative,0.07838209304626007
1402664433294454786,negative,0.19311067094070053
1402664435513233413,neutral,0.408942169628454
1402664437325209602,negative,0.18760693662253133
1402664437857894407,negative,8.294608933709634e-05
1402664438428282882,negative,0.10768734885768058
1402664438793216003,negative,0.2476513235624317
1402664439569129478,negative,0.11794983638474398
1402664439762067458,negative,0.004460256885119575
1402664440013729796,negative,0.012723002037431924
1402664440194011136,negative,0.00011357953936867049
1402664442211471366,neutral,0.3331649605206095
1402664443583029252,negative,0.08859395932976476
1402664445466365955,neutral,0.40909563371415475
1402664446485479426,negative,0.0009466437795502501
1402664446879752194,negative,0.320989734291795
1402664448226177028,negative,0.008025792379028892
1402664449094397952,positive,0.8852566306683173
1402664449807458305,negative,1.5115885401747036e-07
1402664450092568582,negative,0.024669788084769606
1402664450604347392,negative,0.005064781904015003
1402664450868527113,negative,0.023336213223260262
1402664452269481990,negative,0.2051078942539852
1402664454333026306,positive,0.8222255158431281
1402664455150972930,neutral,0.3765594605308496
1402664457076101122,negative,2.602473469425609e-08
1402664458019913736,negative,0.008025792379028892
1402664458619658242,neutral,0.49789225920557484
1402664459160723464,negative,0.02433037373594866
1402664460234506241,negative,0.27727401342063945
1402664461450756097,neutral,0.5533970533999424
1402664461736058881,neutral,0.40909563371415475
1402664462537179137,negative,0.0001456980707250063
1402664463065661444,negative,0.0024969851727082754
1402664464596574209,negative,6.932390577271214e-06
1402664464642674694,negative,5.054200024145068e-10
1402664467901657094,negative,0.11794983638474398
1402664468623114249,negative,1.7012618524825846e-07
1402664468715393025,neutral,0.45865158599960215
1402664470003003400,negative,0.06085789804853742
1402664471294668804,negative,0.06826407186997632
1402664471676526593,negative,0.054436672811590564
1402664472754405387,negative,0.014356967336812859
1402664473106784259,negative,0.04496977802988854
1402664473895317510,negative,8.459211642359321e-06
1402664475069763586,negative,2.959884775283244e-07
1402664476168441865,negative,0.019069234147858133
1402664476634198019,neutral,0.40909563371415475
1402664477955350531,negative,0.14830701784955844
1402664478370582536,negative,0.21700786916551124
1402664481780604929,negative,0.07212179631381589
1402664482258579462,negative,0.29110704015181765
1402664484301414408,negative,0.03973312973261511
1402664487526834179,negative,0.308199125160694
1402664487828721664,negative,3.438709087578497e-05
1402664488353026048,positive,0.9978458586473153
1402664488533438470,negative,1.1712953018876584e-05
1402664491519778818,negative,8.116749280478849e-05
1402664492283138062,negative,0.002354310849354029
1402664493428187145,neutral,0.40909563371415475
1402664493944029185,positive,0.7230477661435435
1402664494095028224,neutral,0.35509496682161057
1402664494346772485,negative,2.732206285577361e-06
1402664494459916292,neutral,0.40909563371415475
1402664494711685127,negative,0.012269927732643364
1402664494883651590,negative,0.11794983638474398
1402664495634436106,negative,0.01960318913701029
1402664496662028290,negative,3.6489685142592463e-05
1402664498557820936,negative,0.11794983638474398
1402664499539329027,neutral,0.3402002040945113
1402664500478636032,negative,0.2621435295041906
1402664500755636227,negative,0.043362825358225054
1402664502420779012,negative,2.732206285577361e-06
1402664503356055555,negative,0.000875766500992276
1402664503586787333,negative,2.2458735781709575e-06
1402664504035581955,neutral,0.49789225920557484
1402664505373605894,negative,0.06171359045095568
1402664505860055041,neutral,0.6043760317790686
1402664506849959952,negative,1.0467713917373264e-05
1402664507349086210,negative,0.001772171518333342
1402664508921892868,negative,0.07036827798874311
1402664509165256705,negative,0.011844095479651824
1402664510142435330,negative,0.006796617225349921
1402664510620581905,negative,0.011778674740513518
1402664511132385280,negative,1.2696957735198212e-11
1402664511216119816,neutral,0.37613281431482276
1402664512046735360,negative,1.715181741330721e-09
1402664512386392064,negative,9.162842832791832e-05
1402664514353565704,negative,0.056166440016815394
1402664515666432003,negative,9.290609379547144e-05
1402664516584984579,negative,0.07379963277091922
1402664516614119427,negative,0.0049573332060130594
1402664517071511557,negative,0.0647262059420475
1402664519168675843,negative,0.008024727921383732
1402664519881613320,negative,0.28319568016475527
1402664520313606144,negative,4.525461243963463e-05
1402664520460521473,negative,0.29938978565204044
1402664521391558657,neutral,0.49789225920557484
1402664522914148355,negative,0.0038316690698460324
1402664523174137857,negative,0.01559704798417543
1402664526995144705,negative,8.935899420308488e-08
1402664527074893828,neutral,0.3916352286666657
1402664527691460609,neutral,0.40909563371415475
1402664528190611457,neutral,0.577909136773818
1402664528421261328,positive,0.8122869640975685
1402664528979038208,negative,0.03523189846248541
1402664530304438277,negative,2.8824937602644013e-05
1402664530589716482,negative,0.000466970526965849
1402664532074455047,negative,0.1457192901830232
1402664535677411332,negative,3.0130862012283668e-05
1402664536843468817,negative,0.00014536436575297067
1402664537925599240,neutral,0.4327245072249844
1402664538600771591,negative,1.8752409318939655e-08
1402664538877595664,negative,0.03119106136200889
1402664540265979905,neutral,0.5306398704057798
1402664540895076361,negative,0.026160995915208294
1402664542316924933,neutral,0.3916352286666657
1402664543155798023,negative,0.25713377043441715
1402664543294308355,neutral,0.40909563371415475
1402664543361318919,neutral,0.4985928500860049
1402664543692722176,negative,1.0087034355186276e-07
1402664544573480965,positive,0.8051453546134779
1402664544699359237,negative,5.768428750639391e-13
1402664544900726790,negative,0.2966803027267906
1402664545378881538,negative,0.17897627640461902
1402664547316600836,negative,2.2769637965136102e-06
1402664547501105157,negative,0.2411625866384691
1402664547618488322,negative,2.1449042302717276e-06
1402664548524560387,negative,8.7524262074723e-05
1402664549187207170,negative,0.018337601446515164
1402664549405315080,negative,2.0734230400456807e-07
1402664550093234180,negative,4.2295258280660825e-09
1402664551074746369,negative,0.008491144329752773
1402664551171203075,positive,0.742605423703796
1402664551456415747,negative,3.235361937121832e-05
1402664554082058240,negative,3.436127473844043e-05
1402664555445161996,negative,1.7113266622899076e-07
1402664555512221705,neutral,0.40909563371415475
1402664556443340807,negative,0.22881414534057185
1402664556468609025,neutral,0.5641732929172742
1402664557835870208,negative,0.010399567199207687
1402664558574067716,negative,0.09875815040429646
1402664559475933185,neutral,0.40909563371415475
1402664562403463176,neutral,0.3697178874513354
1402664563431071749,neutral,0.43553799104827096
1402664563644928005,negative,0.13786804021132623
1402664564165120003,negative,0.0010376969280709559
1402664564328701955,negative,0.3029968537174699
1402664566362984450,negative,0.0010706868879465908
1402664567981883394,negative,0.22881414534057185
1402664568195850247,negative,0.001110058851413393
1402664571131908096,negative,0.00013618590600140252
1402664571769397257,negative,0.006796617225349921
1402664572008402945,negative,2.7456023447319935e-13
1402664572402683904,negative,0.0007458674458452634
1402664573245792259,negative,0.008025792379028892
1402664577628770309,negative,0.2369710931082333
1402664578610307076,negative,4.755984334013018e-10
1402664579814072322,negative,0.25697732828758163
1402664582141915147,negative,1.3673090924541182e-08
1402664584343965702,negative,7.520215197524708e-09
1402664584587231237,negative,0.004503006993703149
1402664584780124161,negative,0.0049573332060130594
1402664586789146642,negative,0.14278373290122653
1402664587762229252,negative,0.0012665961147395827
1402664590115225602,negative,1.5402863009253763e-16
1402664590895419400,negative,0.018901704344843742
1402664592707366914,positive,0.9611958417475951
1402664593055494147,negative,0.0025876386656400645
1402664594016018434,negative,0.049331930181335366
1402664595358113796,neutral,0.40909563371415475
1402664595899158547,negative,1.715181741330721e-09
1402664596826112001,negative,0.16384691783761343
1402664597958578176,negative,3.149852752629883e-05
1402664598717800449,neutral,0.5159436667231726
1402664599078457346,negative,0.22821616684985674
1402664599342682118,neutral,0.40909563371415475
1402664602312351745,neutral,0.6450906080214386
1402664602928812034,negative,0.005830638450637226
1402664605403410432,negative,0.04443002023381119
1402664605504126981,negative,0.03129878851156294
1402664606393323520,neutral,0.40909563371415475
1402664607710388229,neutral,0.40909563371415475
1402664608540803072,negative,0.22881414534057185
1402664613527838721,negative,3.399001154217159e-11
1402664613775396870,negative,6.0246006261078535e-05
1402664614056370188,negative,0.08166823703646844
1402664615021101056,negative,0.00012948049459435976
1402664615318896647,positive,0.7340987150135698
1402664615549489155,negative,0.03244565630814915
1402664615855730693,negative,0.004753571869634936
1402664620029001728,negative,0.001110058851413393
1402664620343635973,negative,0.003792407934864152
1402664621069279236,negative,4.741470845526375e-06
1402664621727703045,positive,0.8699121553817265
1402664621765541890,neutral,0.41889062857537257
1402664621819969536,negative,0.21433552074450707
1402664624231698432,negative,0.0014885251652147539
1402664625712386049,positive,0.954267856653197
1402664625783595008,negative,0.04436594230379611
1402664625888432134,negative,2.732206285577361e-06
1402664626320457730,negative,0.012723002037431924
1402664626840653832,negative,6.932390577271214e-06
1402664627109076999,negative,0.18787971957742344
1402664627448733696,negative,2.732206285577361e-06
1402664628350504962,positive,0.997967852303334
1402664629663322121,negative,0.10577957008250018
1402664630862979074,negative,0.00407926509311509
1402664631320125440,negative,0.11357477024235652
1402664635422195715,negative,0.0003391559644046158
1402664636466540549,negative,0.00407926509311509
1402664636965609475,negative,1.7155590991088482e-05
1402664638140108810,neutral,0.40909563371415475
1402664639100502025,negative,4.2295258280660825e-09
1402664640287551493,negative,0.00023331181947593515
1402664641357041666,neutral,0.3358218310945649
1402664644418977792,negative,0.21433552074450707
1402664644712488964,negative,0.12766574320420906
1402664645631037443,negative,0.00040876403967348357
1402664646528704516,negative,0.240620195960747
1402664647568863237,negative,0.06085789804853742
1402664651654144007,neutral,0.40909563371415475
1402664652107038724,negative,0.1637186164793682
1402664652782419975,negative,0.010662991506052433
1402664657572306945,positive,0.7569137010687867
1402664657924628480,negative,0.031097481179579445
1402664662085378049,negative,0.006486888855732657
1402664665067446274,positive,0.9412015962618493
1402664667047157760,neutral,0.6230272421479565
1402664668091584519,negative,0.1361224667859779
1402664669609869312,neutral,0.49789225920557484
1402664669697949703,negative,0.010566592332846233
1402664670805245967,positive,0.9007587684287234
1402664671585394697,negative,0.2022116893880138
1402664671920930822,negative,0.040052276896831475
1402664673967738885,negative,8.121148825313424e-15
1402664674013896704,neutral,0.40909563371415475
1402664674257256456,negative,0.002354310849354029
1402664674286579712,negative,0.0002363036942210705
1402664674664095748,positive,0.7324849872959731
1402664674718486533,neutral,0.49789225920557484
1402664675066716163,negative,8.810895570681323e-08
1402664677432254464,negative,4.741470845526375e-06
1402664677486776322,negative,0.00019896609950283345
1402664677822320643,negative,0.03124806167698839
1402664678128553990,negative,3.78817458945562e-05
1402664681303597056,negative,9.042139279792993e-06
1402664681450487816,neutral,0.40909563371415475
1402664681769246730,negative,0.003880938150379514
1402664681832071171,negative,0.25720347052747533
1402664681890852875,negative,9.156910219608566e-14
1402664682788380675,neutral,0.40909563371415475
1402664686387089412,negative,0.0006656329211654766
1402664687246979072,negative,0.2715220889220143
1402664687515443208,negative,0.022104241439070228
1402664690455613443,negative,0.035850493035549984
1402664692435324931,negative,0.001110058851413393
1402664692594708490,negative,0.00011653571205797017
1402664694263992320,negative,0.0033764751176194835
1402664695308423169,negative,0.11794983638474398
1402664695505502216,negative,0.05173982784649326
1402664696910520322,negative,5.745472819849457e-08
1402664701910261768,negative,0.00015412197537666657
1402664702732386305,negative,0.10946830305834687
1402664703105679360,negative,0.07379963277091922
1402664703604703232,neutral,0.40909563371415475
1402664704548483073,negative,0.00035484624038250125
1402664705353736195,negative,0.1815998583180995
1402664706536620036,negative,0.046578445514274806
1402664710575624192,negative,0.18082195489420824
1402664710647042057,negative,2.010462149421876e-06
1402664710789599233,negative,0.00015248088686033515
1402664711380951047,negative,0.21433552074450707
1402664712878256130,negative,0.11447635007465386
1402664713390014467,neutral,0.40909563371415475
1402664713775894531,negative,0.009357144057792446
1402664713910116356,negative,0.2010462196911511
1402664714426015755,negative,0.11794983638474398
1402664714740584454,negative,0.061615465810211115
1402664715415953414,negative,0.11988313624368291
1402664718662258690,negative,0.22821616684985674
1402664719014666243,negative,0.18787971957742344
1402664721413726213,negative,0.01777544600945403
1402664721757704201,negative,0.04668442161651411
1402664722747609091,neutral,0.3376821973409736
1402664723368267776,negative,0.10537622642540533
1402664724521697282,negative,0.0001747188628970048
1402664726195326976,neutral,0.40909563371415475
1402664728011345925,negative,0.13363301319885934
1402664728535633925,negative,0.13890298066704918
1402664728539840514,neutral,0.40909563371415475
1402664729823301633,negative,0.11794983638474398
1402664729982783492,negative,0.08511434718777766
1402664730163138566,negative,0.00131849925149206
1402664731039653891,negative,3.3340015029748057e-06
1402664732063055873,neutral,0.40909563371415475
1402664732247695364,negative,0.1663786454945429
1402664732360839173,negative,4.167209668219137e-05
1402664732822212611,negative,0.00131849925149206
1402664734130847745,neutral,0.44782734011397646
1402664735716397058,negative,0.0443818304287069
1402664737381523457,negative,0.0023806270729309
1402664738341937152,positive,0.9112360467672754
1402664738723610631,negative,0.11794983638474398
1402664740871192584,negative,0.009167850983804012
1402664743064768513,negative,0.3079211287249981
1402664743614169093,negative,0.0022752576872444655
1402664743819751429,negative,0.28011705058747727
1402664744071270402,negative,0.11794983638474398
1402664744201474048,negative,0.0035639928440201743
1402664745661042693,negative,0.00016236186553588035
1402664745921126401,negative,3.669308279787492e-05
1402664746743107587,negative,0.014848866428121579
1402664747510779906,negative,0.308199125160694
1402664752506097664,negative,0.045133733312883166
1402664752548024330,negative,8.459013830423304e-12
1402664752963375107,negative,0.04846421149118965
1402664753038774273,negative,0.000518612031230072
1402664753655422977,negative,0.00012942525712701157
1402664754007658501,negative,1.360195871007172e-09
1402664755899338760,negative,0.00010240593852743458
1402664756541067268,negative,0.00131849925149206
1402664756561973251,negative,0.008003243346936622
1402664756666904576,negative,0.00023030922166243992
1402664759091208198,negative,9.112118592804634e-05
1402664759195967499,negative,0.023636402689287756
1402664759955234821,negative,0.0017607967873729475
1402664760810876931,neutral,0.4349717936225199
1402664761418993665,neutral,0.40909563371415475
1402664762475962385,negative,3.438709087578497e-05
1402664762840813568,negative,0.0049573332060130594
1402664763163881482,negative,0.00058378350867546
1402664764136898561,negative,1.5093386080526966e-07
1402664764312932356,neutral,0.48263704817532305
1402664764589940745,negative,0.013767034408337927
1402664764795506688,negative,0.0008831024496277283
1402664765902802947,negative,0.0235741630115908
1402664766192115721,negative,5.724105010780245e-05
1402664766250926085,negative,0.14092498814958218
1402664766930407426,neutral,0.43907357235134437
1402664768603893767,negative,0.0006161387205419919
1402664768721334273,negative,1.631869563596844e-10
1402664768733954048,negative,0.05933202814165601
1402664770864615424,negative,0.0542617540389876
1402664773683224582,negative,9.958445602840511e-10
1402664773859397633,neutral,0.5136446707795853
1402664774886952966,negative,0.0005032502815203525
1402664776313020416,negative,0.0030297368454360336
1402664776464011264,negative,2.732206285577361e-06
1402664777474772996,negative,0.21433552074450707
1402664779282518016,negative,0.010566592332846233
1402664780331163648,neutral,0.49789225920557484
1402664780989665284,negative,0.06446761730078081
1402664783103631363,negative,0.11888122508382248
1402664783229472778,negative,0.001546337416543477
1402664783313317890,negative,0.06911100210766787
1402664787738202114,negative,0.08789108694819113
1402664789101457408,negative,0.06446761730078081
1402664789541801992,negative,0.21433552074450707
1402664791592902656,negative,0.10767709699519522
1402664793236979714,negative,0.03159826902136864
1402664794818285573,negative,0.049331930181335366
1402664795111833607,positive,0.7461673593352246
1402664796693184514,negative,0.1261854335463566
1402664796714057733,negative,0.19836287565354593
1402664796965777418,negative,0.08944755343682735
1402664797561397256,positive,0.7585018193469192
1402664799511662596,negative,0.11190703588452401
1402664801285722116,negative,0.0017239044025635193
1402664801508200448,negative,0.02074895161880797
1402664802405781513,negative,5.152800441548977e-05
1402664803081101316,negative,0.0011548208407915752
1402664806163922949,neutral,0.33687396889773297
1402664806465818624,negative,0.02045409592923452
1402664806885249024,neutral,0.40909563371415475
1402664807069782022,negative,0.0006860245403291455
1402664807308931085,neutral,0.4195266264728037
1402664811557761024,negative,0.0002520170332861014
1402664813914996736,negative,0.02435454960234975
1402664815592681474,negative,0.0025876386656400645
1402664820680310787,negative,0.11794983638474398
1402664821154328581,negative,0.00407926509311509
1402664821359890436,negative,1.0335141894037976e-14
1402664821611433987,negative,3.9590439670168856e-05
1402664822232293377,neutral,0.49789225920557484
1402664822404169728,negative,0.001425506962787833
1402664823641493510,negative,6.0246006261078535e-05
1402664825059262476,negative,3.6179136925725146e-05
1402664825512247299,negative,8.032237832720006e-08
1402664827483570178,neutral,0.40909563371415475
1402664827856867333,negative,0.2812124665127172
1402664828649545728,positive,0.9302871273208557
1402664829027065856,negative,0.11794983638474398
1402664829161254920,negative,0.08266042018803837
1402664829517766658,negative,0.009625874058405455
1402664829693870080,negative,5.1547418745393374e-08
1402664831522643969,negative,0.11794983638474398
1402664831602331648,negative,0.019384971353053757
1402664832155934726,negative,0.00014108715441678331
1402664835549208580,negative,0.022701737921870968
1402664836677488641,negative,0.0036963589127610784
1402664837155639296,neutral,0.40909563371415475
1402664837671497735,positive,0.9999951714137912
1402664837780496390,negative,0.006435955658033327
1402664839290445824,neutral,0.6450906080214386
1402664839609294860,negative,0.044312274810746635
1402664839839993860,negative,0.001367912369851043
1402664839890313223,negative,8.866415958539798e-06
1402664839919591426,negative,0.0023771061188909855
1402664843530878980,negative,0.1316554423310336
1402664844655009799,negative,0.0681826618394985
1402664844709576716,negative,0.002401771585169262
1402664844873113602,negative,0.00016730993671583094
1402664845997219842,negative,0.011488778375649
1402664846659833857,negative,0.0059010565646962524
1402664848547270656,neutral,0.4486371064855821
1402664849839210496,negative,0.023046274187054756
1402664850074095624,negative,0.00804450246071103
1402664850413735943,negative,0.07983752777306279
1402664851864965125,negative,9.958382328066554e-05
1402664852339019778,negative,0.0027866758269523015
1402664852959764480,negative,4.205452808047328e-06
1402664853676888074,negative,0.00027781516722646336
1402664856222797826,positive,0.987663647944695
1402664856445140993,negative,2.732206285577361e-06
1402664861604196353,negative,0.06349841834265853
1402664862359212037,negative,0.006816556246501168
1402664863684513793,negative,0.0024969851727082754
1402664865156763650,negative,2.628414154356387e-05
1402664866733772815,negative,0.002920739478910469
1402664867165872138,negative,0.01224567771749932
1402664869170720769,negative,0.05090432911346711
1402664870185689095,negative,0.02074895161880797
1402664871079120899,negative,0.002478157871324595
1402664871821447173,negative,0.0018301321136546696
1402664872186421251,negative,0.09241187123740884
1402664872689778699,negative,0.0011845149758526827
1402664875705475072,negative,7.931606503712391e-06
1402664876061904903,negative,0.06085789804853742
1402664876242243587,negative,0.05090432911346711
1402664876565270531,negative,0.00131849925149206
1402664877223821320,negative,0.002644872486627084
1402664877731233796,negative,0.04258011744510042
1402664879253823489,negative,0.0014065153698387962
1402664879518109709,neutral,0.49789225920557484
1402664880008839178,negative,5.1547418745393374e-08
1402664880805658625,negative,0.11092906498490547
1402664884685447169,negative,3.78817458945562e-05
1402664884807122946,negative,0.008512072182973575
1402664886518358018,negative,0.22095949512487686
1402664886803517441,negative,0.012027607991339976
1402664892717535239,negative,4.80636843185555e-07
1402664893103448065,negative,0.001772171518333342
1402664893111844868,negative,0.0002538684414097634
1402664894797860872,negative,0.1350700950346563
1402664895020216322,negative,0.004503006993703149
1402664895078928384,negative,0.046457522448170675
1402664896333025284,negative,3.847217991636555e-10
1402664902226071553,negative,0.00024345377104177755
1402664905451376645,negative,0.06296363922341258
1402664906046988289,negative,0.30789868843926327
1402664911000543233,negative,0.0015059370852596235
1402664911088541703,negative,0.0006178646180255716
1402664912250359808,positive,0.9114927437390004
1402664916557996043,positive,0.8395100659740579
1402664917212217352,negative,0.3079211287249981
1402664920601219072,negative,0.14266273805943394
1402664922711007236,positive,0.9506777883972952
1402664923126247426,negative,2.4495914059345406e-06
1402664923277279237,negative,2.1556145505220686e-06
1402664923541479429,negative,0.32359009059143207
1402664926448074756,positive,0.664034785443747
1402664928452960263,negative,0.027295318088104346
1402664929652584448,negative,0.0005271496179503533
1402664933322637315,negative,0.1365509655171763
1402664939526004741,positive,0.742605423703796
1402664943548129285,negative,0.002354310849354029
1402664946467577858,negative,0.15844549034615296
1402664946891100168,negative,0.05717078670051464
1402664948216565768,positive,0.8477513882366361
1402664948703113217,neutral,0.6450906080214386
1402664951244861446,negative,0.014048099166578263
1402664957783728134,neutral,0.49789225920557484
1402664958773563399,negative,0.01374974443202867
1402664963341176832,negative,0.00131849925149206
1402664966746955779,negative,0.006592984099695986
1402664968433111040,positive,0.6801475028143942
1402664975152390147,negative,0.22493346794813412
1402664977442521091,negative,5.103036577094043e-06
1402664977790640130,negative,0.00407926509311509
1402664979866787842,neutral,0.37297668290779046
1402664980214861834,negative,0.0397928952988544
1402664981326405637,neutral,0.4737554465528978
1402664985277444096,positive,0.7028510578097845
1402664987957542912,negative,0.0018363585259087755
1402664991195602946,negative,0.0017633497268493168
1402664993741541382,negative,0.002192610920594118
1402664993808584713,negative,0.0006479435982892287
1402664997671641088,negative,0.01224567771749932
1402665005632438281,negative,0.28786281651827306
1402665012976627717,neutral,0.6450906080214386
1402665014176124928,neutral,0.46127768308170247
1402665015853858829,negative,0.0025233867774138645
1402665019741986820,positive,0.7324849872959731
1402665024745787399,negative,4.746460872018287e-06
1402665025685409799,negative,0.05681264158603934
1402665032568217604,negative,0.32359009059143207
1402665032861814789,negative,0.0014093345917316187
1402665033168007168,neutral,0.3314485969135163
1402665035470680068,negative,0.04515043814183289
1402665036611457025,negative,1.5184364211381793e-06
1402665041401454594,negative,0.06098369733192535
1402665048217210884,negative,0.10967085582297503
1402665049366446093,negative,0.0031834439106851347
1402665054202257413,negative,0.06366293381591454
1402665057654382592,negative,2.732206285577361e-06
1402665061957709826,negative,0.1312212162650133
1402665063333441539,negative,0.0011548208407915752
1402665071151665157,negative,0.12499391538435965
1402665071617138688,negative,0.22784872495107647
1402665075601772548,negative,0.13339317767866538
1402665076931366935,negative,0.1790289743806921
1402665081410883587,negative,0.05077761273775463
1402665084653080577,negative,0.05681264158603934
1402665089698865157,negative,0.07212025924023883
1402665093737943040,neutral,0.4513605618894927
1402665094102896644,negative,0.022199053516332674
1402665100276809738,neutral,0.6450906080214386
1402665100792709122,neutral,0.3403391890910929
1402665105423228937,negative,7.654028923608146e-10
1402665105565835268,negative,4.229418783506657e-08
1402665114835238913,negative,0.20822374175517297
1402665116169084931,negative,0.2369710931082333
1402665116471005186,negative,3.680521551238772e-08
1402665116546572294,negative,0.00131849925149206
1402665119755218948,positive,0.9998665365058848
1402665120564719620,neutral,0.45068963193287265
1402665125522264067,neutral,0.37613281431482276
1402665132816220167,negative,0.040706550443392324
1402665135441842179,negative,0.0017633497268493168
1402665138679955458,negative,0.005629741426136483
1402665138935799812,negative,0.1257529575674506
1402665140609335296,neutral,0.37613281431482276
1402665142920359944,neutral,0.5203904417341677
1402665146275794949,negative,3.6275092407081466e-07
1402665146917474315,negative,2.1229355882346755e-06
1402665156354592770,negative,0.1637186164793682
1402665168438497285,negative,0.29726460140500166
1402665168564330498,negative,3.985062764092583e-05
1402665168803450880,neutral,0.4678356693752491
1402665172280414210,negative,0.23809253539358155
1402665173182189572,negative,0.04531491646821888
1402665173970788353,negative,0.3287787673344768
1402665174499315717,negative,0.25713377043441715
1402665176248246275,neutral,0.5159436667231726
1402665178446106625,negative,0.1824292409437348
1402665178668339214,negative,2.628414154356387e-05
1402665179536670727,negative,0.11794983638474398
1402665180664942601,negative,0.2692963416579097
1402665183005216769,neutral,0.4850743770790363
1402665184183848971,negative,0.0009466437795502501
1402665184829841415,neutral,0.45865158599960215
1402665185039507459,negative,0.00011611463971961015
1402665187572912130,negative,0.008025792379028892
1402665189292511232,negative,0.0009466437795502501
1402665189959507968,neutral,0.40909563371415475
1402665193134514186,negative,0.09063579499909426
1402665194745118725,negative,0.16915916928437558
1402665194925481986,negative,0.00608440967559176
1402665195030421506,neutral,0.568440926224993
1402665195370070016,negative,0.005629741426136483
1402665196548730891,negative,0.010714915143642645
1402665197202968576,negative,6.32086476034587e-10
1402665198205427721,negative,0.012723002037431924
1402665198847209474,neutral,0.44309047952124225
1402665199950254083,negative,2.9263147252180617e-05
1402665204673040387,negative,0.11643371905207726
1402665207734878222,negative,0.013031897450225661
1402665209211330563,negative,0.31251327812974533
1402665212688338946,negative,0.22821616684985674
1402665213984378886,neutral,0.33125746945899875
1402665215771168769,negative,0.028619848077944116
1402665221123186688,negative,0.1466716355603242
1402665222997958657,neutral,0.3314485969135163
1402665225384607751,negative,2.628414154356387e-05
1402665227204935681,neutral,0.43897800242845086
1402665227934650371,negative,0.000502971614637876
1402665230757466112,neutral,0.37613281431482276
1402665231936069641,positive,0.7964271535582131
1402665234461085709,negative,0.012608213168847988
1402665234972741632,negative,2.6053360510515647e-06
1402665237019508737,negative,6.082692145800515e-05
1402665237933920261,negative,0.0021273995062674415
1402665239586480131,negative,0.25519271298826846
1402665240882515969,negative,0.015294616299054545
1402665241377452033,negative,0.25859563176725864
1402665244363788294,negative,0.0016922641965132893
1402665248729952258,neutral,0.37613281431482276
1402665249078132737,negative,0.12174267407274539
1402665250566991874,negative,0.001866622975723384
1402665256921468933,neutral,0.49789225920557484
1402665257320001537,negative,0.0662603627104653
1402665259291353088,negative,0.0021554239936899373
1402665269525352452,negative,3.505428344208401e-06
1402665275598819336,negative,0.2637213825236421
1402665280103407618,negative,0.0008831024496277283
1402665293093216258,negative,3.251944036518128e-05
1402665294288543752,negative,0.028133447324597383
1402665295077117954,negative,0.010395002758697062
1402665296930873344,neutral,0.36475375249217895
1402665297044193280,negative,0.28786281651827306
1402665298675867653,negative,0.07379963277091922
1402665300408086529,negative,0.0007617261025850532
1402665301578240002,negative,0.0049746879769874625
1402665301972561925,negative,0.00015943141040682728
1402665302232604674,negative,6.932390577271214e-06
1402665307819282434,negative,0.21856367831797746
1402665308385693696,negative,0.2414034983753596
1402665308889010180,neutral,0.3403391890910929
1402665314542817281,negative,0.2414034983753596
1402665319374729220,neutral,0.3314485969135163
1402665319735476226,negative,0.00228046643130255
1402665322105147397,negative,0.09277024163898029
1402665328048476168,neutral,0.49789225920557484
1402665330464497668,negative,0.0003368608494620645
1402665332297306114,neutral,0.40909563371415475
1402665332700028928,negative,3.9198900040213785e-05
1402665332981051393,negative,0.0011548208407915752
1402665333186519046,negative,1.063670342482192e-07
1402665334956560387,positive,0.7324849872959731
1402665337301184516,negative,0.07259394147788527
1402665345081647106,neutral,0.40909563371415475
1402665345261916163,negative,0.010662991506052433
1402665348931936263,negative,0.2022116893880138
1402665350991319052,negative,0.000875766500992276
1402665356766875652,negative,3.78817458945562e-05
1402665357383458823,neutral,0.33968790282220235
1402665361296834560,negative,0.00024933689810146626
1402665364962656259,negative,0.12687473993792178
1402665365461688325,negative,0.001143569746319645
1402665366627622913,negative,0.0002872211485314526
1402665370348048392,negative,1.0693810160806847e-05
1402665370746560531,negative,0.11794983638474398
1402665372122222595,negative,0.0024969851727082754
1402665372784996353,negative,0.03412522245178828
1402665372919140352,negative,3.438709087578497e-05
1402665374391455752,negative,0.06171359045095568
1402665374978555909,neutral,0.3358218310945649
1402665375255482373,negative,1.5641034519750828e-10
1402665376568258563,negative,0.0024969851727082754
1402665376740089863,negative,0.008746639203646281
1402665377092583425,neutral,0.40909563371415475
1402665377520402432,negative,2.1009803857411633e-06
1402665378124341249,neutral,0.45132140422210837
1402665389075664899,negative,0.05016357021872819
1402665395824349184,negative,6.602447902153437e-09
1402665398701547520,negative,0.0012640323843465364
1402665398848401411,negative,0.01890520494531151
1402665406859464706,negative,0.013031897450225661
1402665407572545537,negative,0.007756523109950955
1402665410215002119,negative,0.15585040364727296
1402665412597256198,negative,0.002354310849354029
1402665417898856448,negative,2.819119356750056e-16
1402665418930724865,negative,0.011585685934797793
1402665419379556353,negative,0.3079211287249981
1402665420327428099,neutral,0.3409746272769325
1402665424328744960,negative,0.006941859141702691
1402665431484219392,negative,0.2692963416579097
1402665433191391237,negative,0.06254915122727706
1402665434479042561,negative,0.2239177361304614
1402665439340204033,negative,0.02828800280990718
1402665440023830537,negative,4.229418783506657e-08
1402665440116154372,negative,0.10618224674033035
1402665443739979779,negative,0.048703808660471276
1402665444188819459,negative,0.19622259133506342
1402665449616252929,negative,0.1353333088135986
1402665454548787202,negative,0.03134698264614915
1402665465235783680,negative,0.00131849925149206
1402665466976509953,negative,0.005697272154336837
1402665468536709124,negative,0.0004334045624392561
1402665468725497858,positive,0.8230505141149491
1402665469174239242,neutral,0.5285438683033102
1402665471556587521,negative,0.0005336084329663042
1402665474102603778,neutral,0.4478322696013009
1402665484500283403,negative,0.3079211287249981
1402665485183893511,negative,0.18787971957742344
1402665487083900931,negative,0.009131174859843052
1402665488363274242,negative,0.032323870881593296
1402665489789296645,negative,0.0007778498464314666
1402665490238083079,negative,0.0017935384349600225
1402665492133842948,negative,0.07459032600206694
1402665492297535489,neutral,0.49789225920557484
1402665492402343939,negative,2.187422693734456e-09
1402665494499495940,negative,0.23516217222802765
1402665495166324736,negative,0.0011548208407915752
1402665498026852352,negative,0.0002277803171722328
1402665508126834688,negative,0.12129414040063193
1402665511205343233,neutral,0.5285438683033102
1402665511469596672,negative,0.0008662522307021036
1402665512933498881,negative,0.011488778375649
1402665513566846980,neutral,0.49789225920557484
1402665514258870275,negative,2.520156712064188e-08
1402665514791583751,negative,0.0009466437795502501
1402665515919761414,negative,0.175460970839797
1402665517593280517,negative,0.05933202814165601
1402665518809632774,negative,0.10967085582297503
1402665519417790478,neutral,0.36475375249217895
1402665519715655689,negative,0.009131174859843052
1402665520659320834,negative,6.0246006261078535e-05
1402665522047631360,negative,0.06826407186997632
1402665522408431619,positive,0.9358689208417971
1402665523578654724,neutral,0.3334813713994933
1402665523700240384,neutral,0.40909563371415475
1402665523888918535,negative,3.463773891766028e-08
1402665526959263746,negative,0.00407926509311509
1402665527567335428,negative,0.03496720109665099
1402665528137760774,positive,0.9246279747654603
1402665528309788674,negative,3.7405848192309857e-07
1402665529240862724,negative,0.003013283883202852
1402665529647697927,negative,0.0003799855323749405
1402665533523300358,negative,0.0017633497268493168
1402665533691006977,negative,0.11927035403942943
1402665533997203477,negative,4.525461243963463e-05
1402665534974464003,negative,0.0027513158393354937
1402665539173036040,negative,4.105583086001163e-09
1402665539332345858,negative,0.0014065153698387962
1402665540188049409,neutral,0.46127768308170247
1402665540733263875,negative,0.011488307187773262
1402665541236670466,positive,0.7824390787377038
1402665542482268160,negative,0.0770096925049541
1402665542813577216,negative,0.1039341412341179
1402665556466180098,negative,0.10750519392390023
1402665557489504259,negative,0.06911100210766787
1402665558307389457,neutral,0.49789225920557484
1402665558353629188,neutral,0.6264681938772393
1402665562271059974,positive,0.9489149379848523
1402665566461124616,negative,0.00131849925149206
1402665572240875528,negative,0.001547161592087074
1402665572912058381,negative,0.29110704015181765
1402665573692104708,negative,0.24012656752313255
1402665576082952192,neutral,0.5159436667231726
1402665578876256256,neutral,0.3314485969135163
1402665579929124864,negative,4.64494272117845e-10
1402665580189081604,negative,0.07379963277091922
1402665582491848704,negative,0.0017633497268493168
1402665587034181635,negative,0.20076720378156443
1402665594089095178,neutral,0.6450906080214386
1402665595435376645,negative,0.00131849925149206
1402665596752482305,negative,0.0007617261025850532
1402665599730343939,negative,0.07379963277091922
1402665600065880068,negative,6.633678920045123e-05
1402665608270000136,negative,0.00131849925149206
1402665608723021825,negative,0.008835429017008062
1402665614146220033,negative,4.2516844648408435e-06
1402665620613779466,negative,0.0016700967520391732
1402665621922451457,negative,0.01829308711525661
1402665627039502337,negative,0.0005478139747264868
1402665634014527489,neutral,0.5588124469394277
1402665638888456200,negative,3.264438320501556e-05
1402665641086181379,negative,2.3573196773219792e-06
1402665645125287943,negative,0.1971814810893419
1402665647570575361,neutral,0.49789225920557484
1402665654382219265,negative,0.04085964655544331
1402665656240250888,neutral,0.3569643381022693
1402665658303791107,negative,0.07425703143999765
1402665661013364741,neutral,0.49789225920557484
1402665661487357955,negative,0.24732257992968432
1402665662179389451,negative,0.1466716355603242
1402665664473673744,negative,0.29321604170319504
1402665664557596672,neutral,0.5675764379367939
1402665670718988289,neutral,0.3314485969135163
1402665671239077896,negative,0.004832349940521795
1402665673675902981,positive,0.7324849872959731
1402665676951654400,negative,0.2387375422508554
1402665677014519808,neutral,0.49789225920557484
1402665680672075789,negative,0.0017633497268493168
1402665682957918213,negative,0.0008914846000690372
1402665683473866759,negative,8.925714178485105e-06
1402665683796869129,positive,0.972942978777726
1402665685197668352,neutral,0.442250453662281
1402665697436737547,negative,0.040408497880388465
1402665699659689990,negative,0.010395002758697062
1402665699684798469,negative,0.2023917449355421
1402665699810623490,negative,0.32359009059143207
1402665702822121482,negative,0.07379963277091922
1402665705745661954,negative,0.05257543095438471
1402665706030866435,negative,0.000845646614544819
1402665715182804997,negative,0.00131849925149206
1402665726276771843,neutral,0.6274708568440207
1402665726570344449,negative,0.02767844661159025
1402665730630369280,negative,0.12745017928656305
1402665734392750082,negative,0.030799593168294087
1402665740373790726,negative,2.732206285577361e-06
1402665750121304067,positive,0.7300840865009319
1402665750284828675,neutral,0.5285438683033102
1402665750653849606,negative,0.0002759344549919837
1402665754873536519,neutral,0.606905186869221
1402665763819896834,negative,0.005629741426136483
1402665774150475776,negative,0.010320231446011024
1402665777669578756,negative,0.09089739463017658
1402665778701340681,neutral,0.42159194423265695
1402665793968615425,negative,0.0002904644442403307
1402665794262257664,negative,0.234936155512837
1402665797932179457,negative,8.7524262074723e-05
1402665800289357834,negative,3.4717955993933355e-05
1402665801061183494,negative,0.002351155330302513
1402665805481922563,negative,0.0013365495668855082
1402665808006950918,negative,5.7171254126307e-07
1402665809793662976,negative,0.02540365867735426
1402665809953103885,negative,5.5460148343358816e-12
1402665810007662593,negative,0.00027781516722646336
1402665810661982217,neutral,0.5203458730174669
1402665813304283142,negative,0.05257543095438471
1402665815644778501,negative,0.0016150880069538158
1402665817309843463,negative,0.002192610920594118
1402665829267689480,neutral,0.4737554465528978
1402665829544693762,negative,0.00362980997281409
1402665832468078601,neutral,0.49789225920557484
1402665843901841408,negative,0.00022158512840436952
1402665851040550927,negative,0.05090432911346711
1402665853540352012,negative,0.013767034408337927
1402665854978953236,negative,0.00011190493040334167
1402665855046098946,neutral,0.44094788290650255
1402665855469686790,negative,1.8176506360915554e-06
1402665865812889600,neutral,0.33143242112734467
1402665873463201798,negative,2.1662104244630376e-07
1402665875338153984,negative,0.030490460242115755
1402665876348882946,negative,0.1564059982242687
1402665876474765324,negative,2.9598048832351593e-06
1402665877993136128,neutral,0.5370065039519608
1402665879943401474,negative,0.07277081439847301
1402665892434087941,neutral,0.5131625441424894
1402665897291046914,neutral,0.37223058291928746
1402665898796851202,negative,0.002354310849354029
1402665898889056257,negative,0.00131849925149206
1402665900495548419,negative,0.09792778411219034
1402665901145608193,negative,3.419013190380474e-07
1402665904345911297,negative,0.0009530412748977022
1402665912637997062,negative,0.060912613512431726
1402665914567479303,negative,0.043642099552369244
1402665914873548807,negative,0.08297780056307068
1402665915515277325,neutral,0.49789225920557484
1402665918564605952,negative,0.0747225035895747
1402665918694576137,negative,0.03269935206022368
1402665925250322433,negative,0.005343010416203061
1402665926303047680,negative,0.00022158512840436952
1402665928177983494,negative,0.13293674836819105
1402665931814342661,neutral,0.420158921072304
1402665936642002947,negative,0.22881414534057185
1402665937627713544,negative,0.00407926509311509
1402665943210381316,neutral,0.3385252644667176
1402665948662874116,negative,0.3079211287249981
1402665949841526785,positive,0.9962735920757743
1402665952144236548,negative,0.010395002758697062
1402665952878247947,negative,0.005373096229338741
1402665956695027715,negative,1.5468834468103e-06
1402665963749793793,neutral,0.631915742925607
1402665964618067973,negative,0.0747225035895747
1402665969068224512,negative,0.06826407186997632
1402665970095767554,negative,0.012452631906876968
1402665971161219074,neutral,0.3358218310945649
1402665971798659072,negative,0.23871696831429615
1402665971861573633,negative,8.85022154929093e-05
1402665971916095494,neutral,0.4792687081820201
1402665973300277254,negative,0.07327265420672746
1402665974399176713,neutral,0.3949865075985073
1402665976068558852,neutral,0.40909563371415475
1402665976768909313,negative,0.041730742479349374
1402665980879413252,negative,1.7155590991088482e-05
1402665982812958725,negative,0.012224265654479493
1402665982909456389,negative,0.013031897450225661
1402665983282712576,negative,2.2810191176232202e-10
1402665983337242625,negative,0.007151043385816285
1402665984226480128,negative,0.0002328909685873848
1402665984432001034,negative,0.0001750212288404159
1402665985266626568,negative,0.008025792379028892
1402665985333735428,negative,0.035689662690044276
1402665991365136388,negative,0.08063401755387396
1402665991499399174,negative,1.4267557687766997e-07
1402665991562272773,negative,0.03733235336625141
1402665992153673733,negative,0.04531491646821888
1402665992220811265,negative,0.013031897450225661
1402665995718770695,neutral,0.6274708568440207
1402665995899215879,negative,0.15612200195600637
1402665997027332098,negative,0.027264704448294954
1402665998155751426,negative,5.57705259326818e-08
1402665999112065033,negative,6.833087642027128e-05
1402666000974295043,positive,0.7589861810346669
1402666002127765506,negative,0.30648915497127915
1402666002652057601,negative,0.09935196261447
1402666005713850372,neutral,0.6274708568440207
1402666005739053056,negative,0.32709770686772627
1402666009060904975,negative,0.2692963416579097
1402666009929072642,neutral,0.49789225920557484
1402666011422343171,negative,0.25713377043441715
1402666011783045122,neutral,0.43130417721661407
1402666012361826306,negative,0.23951550191146082
1402666012948979720,negative,0.25697732828758163
1402666021023109127,neutral,0.44681344558293196
1402666024642748424,negative,0.006103093543231666
1402666028262473732,negative,0.07079856240824084
1402666031185907721,negative,0.08283761697575637
1402666031492087816,negative,0.06911100210766787
1402666034021158919,neutral,0.49789225920557484
1402666036844011529,neutral,0.6274708568440207
1402666041206001664,negative,0.05116039094428367
1402666042330058761,neutral,0.5285438683033102
1402666043730956289,negative,7.36807779773877e-07
1402666044225998853,neutral,0.6450906080214386
1402666047560429569,neutral,0.4765217181802401
1402666048940281857,neutral,0.408942169628454
1402666051154944002,negative,0.002354310849354029
1402666051381325827,negative,0.02201234051531052
1402666051725369350,negative,0.1020792407843701
1402666057589047298,negative,0.0019166869277022088
1402666059073785857,negative,0.00025110035602584263
1402666062093631488,neutral,0.4863080567690729
1402666062731169798,negative,2.2458735781709575e-06
1402666062940942343,neutral,0.5393526757761705
1402666065029648387,negative,0.0027707428738827427
1402666070260002821,neutral,0.4863080567690729
1402666074697502721,negative,0.12816400679217738
1402666075637043204,negative,0.1637186164793682
1402666078359232517,negative,0.015392137753376237
1402666078363389954,negative,0.25713377043441715
1402666081915899907,negative,0.013031897450225661
1402666093840306180,negative,0.00131849925149206
1402666102581248007,neutral,0.49789225920557484
1402666104372224010,negative,0.02384497493806029
1402666104510689291,negative,0.11626604312597585
1402666108688142338,neutral,0.5892816638711716
1402666110525321217,neutral,0.49789225920557484
1402666111926259720,positive,0.9996348763427346
1402666112807059463,negative,0.04531491646821888
1402666115134898181,negative,0.25713377043441715
1402666121740787712,negative,0.0948908403365332
1402666122529345537,negative,0.3277886424343507
1402666123024343043,negative,0.0034953235040083965
1402666127378063365,negative,0.2516114695055688
1402666131610030081,negative,0.0002759344549919837
1402666131769417733,negative,0.03645638597004736
1402666132121739265,negative,0.01371860137515634
1402666133400920070,neutral,0.34131119318016123
1402666133543604226,negative,0.03269935206022368
1402666134529363971,neutral,0.38964458701193794
1402666135103868931,negative,0.009119412992262842
1402666136517369858,neutral,0.33685555249934607
1402666137482104841,negative,1.7155590991088482e-05
1402666140317491204,negative,0.013407254867586904
1402666140971802629,negative,2.3145523943216986e-06
1402666141651193863,negative,1.5008870664280646e-07
1402666141907099652,neutral,0.371357177097143
1402666143610032128,negative,0.0005077947815931594
1402666144138412038,neutral,0.44782734011397646
1402666146088751105,negative,0.14828130269374895
1402666150593548288,neutral,0.37553208440891495
1402666150648070157,negative,0.27559690975127804
1402666151218274310,negative,0.012454240225287173
1402666152413761537,negative,0.0049573332060130594
1402666153563013121,negative,1.7155590991088482e-05
1402666154401964036,negative,2.732206285577361e-06
1402666155681144838,negative,0.035300904113082655
1402666156645883904,negative,2.732206285577361e-06
1402666157870616576,negative,5.1547418745393374e-08
1402666159103688707,negative,0.0006483406437317
1402666160508837905,negative,0.0005871817685613547
1402666163184799744,negative,0.23008827725991599
1402666163461574660,negative,0.11794983638474398
1402666163868418054,neutral,0.6078495118646416
1402666164032094216,negative,0.00031189835316721706
1402666164036243457,negative,1.0213292904720652e-05
1402666164661149697,negative,0.09277024163898029
1402666164803850247,negative,0.08093685692036826
1402666164883427330,neutral,0.4274047939449264
1402666164900319236,negative,0.0027866758269523015
1402666166821208068,neutral,0.40909563371415475
1402666166934544390,negative,0.00019550762206755977
1402666167651737603,neutral,0.6450906080214386
1402666167727181829,negative,0.2812124665127172
1402666168008183821,negative,0.00044851136330409933
1402666169354555393,neutral,0.39872048050538694
1402666170168250371,negative,0.05221188417703409
1402666170734551048,negative,0.04335503624668083
1402666173163003908,negative,0.003522125276460161
1402666175008493572,neutral,0.3845709177442849
1402666175406956547,negative,0.22483741081285596
1402666188791033857,negative,0.31251327812974533
1402666189189533698,negative,0.1189076974072669
1402666190598721544,negative,0.0020697829321759337
1402666195577344001,negative,8.309186619553463e-07
1402666201587798017,negative,0.06911100210766787
1402666207560581124,negative,0.05568004281895343
1402666212002349061,negative,0.0013331423528499793
1402666216213340167,negative,0.00131849925149206
1402666226174902286,positive,0.972942978777726
1402666226430709766,negative,0.028552154272012596
1402666228020305921,neutral,0.5730552204236814
1402666228653645827,neutral,0.37613281431482276
1402666232487219214,negative,0.00018205901509632907
1402666234932609028,negative,0.21921412548362115
1402666241693827075,negative,0.011126689875891467
1402666243509919745,neutral,0.49789225920557484
1402666246701785090,negative,0.00029796290509091295
1402666248891256836,negative,0.002922291711442786
1402666249889452040,negative,0.00131849925149206
1402666250027769859,neutral,0.37701989124250856
1402666251802005505,neutral,0.49789225920557484
1402666261235048448,negative,0.0038200775506610986
1402666269199900673,neutral,0.5278451048448968
1402666273625026563,negative,2.3027841879847134e-09
1402666277068587015,negative,0.060912613512431726
1402666280663068677,neutral,0.42159194423265695
1402666287839449092,negative,1.3869884666951197e-11
1402666288141508610,negative,0.001110058851413393
1402666292671401989,neutral,0.655450136834394
1402666293241815046,neutral,0.5967550022057925
1402666305673699334,neutral,0.4737554465528978
1402666316583034888,negative,0.01374974443202867
1402666327966375939,negative,0.04531491646821888
1402666328037629953,negative,0.00259531199861574
1402666328096448515,negative,0.25713377043441715
1402666328939503616,negative,0.00839085456270696
1402666328947892224,negative,0.07780057363440793
1402666328956223491,neutral,0.49789225920557484
1402666335625228295,negative,0.27813888370754003
1402666337244172288,negative,0.00022040460839181775
1402666338926145539,negative,0.0006040779415535703
1402666339496566785,negative,0.04531491646821888
1402666351504801793,neutral,0.41289481523666693
1402666352419147777,negative,0.1189076974072669
1402666356043046912,negative,0.00037876812022988673
1402666364909801473,negative,0.024687198033589503
1402666367992614921,negative,0.023636402689287756
1402666368617619464,negative,0.01097297239821717
1402666368663752707,negative,0.22784872495107647
1402666369099907076,negative,0.016601523510272307
1402666374615425030,negative,0.05912331902078133
1402666375332696071,negative,0.011682759703529225
1402666376674881542,negative,0.18468980397104398
1402666384044269576,neutral,0.49789225920557484
1402666390604103680,negative,0.002922291711442786
1402666394542645250,neutral,0.47697210391394973
1402666397231206403,negative,0.03079672799821579
1402666404646641665,negative,1.5008870664280646e-07
1402666406852890626,negative,0.007091321047144774
1402666414184579079,negative,0.04531491646821888
1402666415623225344,neutral,0.48439634580644964
1402666418924134402,neutral,0.3781044245050003
1402666422606647300,neutral,0.49789225920557484
1402666426826174467,negative,0.22881414534057185
1402666430030516226,negative,2.986013374935972e-06
1402666431494471683,neutral,0.36579820699353094
1402666433696440321,negative,0.05966088061594133
1402666436145856515,negative,0.2850785490431879
1402666441279746048,negative,0.05175924035410083
1402666443041390603,negative,0.19622259133506342
1402666446493192192,neutral,0.49789225920557484
1402666456878305284,negative,0.0676922749993801
1402666463526277122,negative,0.0016922641965132893
1402666464595881986,negative,0.09464735602695262
1402666465048903686,negative,0.20581796682782405
1402666466848161795,neutral,0.3697178874513354
1402666470912430082,negative,0.01374974443202867
1402666475404546048,neutral,0.51548405406628
1402666479028293633,negative,1.547776796189128e-07
1402666480777502720,negative,0.012454240225287173
1402666484007116817,negative,8.305074354913395e-08
1402666488796958723,negative,0.0528495873637011
1402666494438293514,negative,0.0020697829321759337
1402666498770997252,negative,0.22821616684985674
1402666499760926721,negative,0.0006702627653246909
1402666502512328705,negative,0.0003765258185029135
1402666506576699393,negative,0.005775006055720155
1402666506736046080,negative,0.04531491646821888
1402666511119044609,negative,0.00131849925149206
1402666512146644999,negative,0.04531491646821888
1402666514088611840,negative,0.04531491646821888
1402666515279851522,neutral,0.6450906080214386
1402666517297307650,negative,0.04531491646821888
1402666521235791873,neutral,0.46127768308170247
1402666521751605254,neutral,0.3697178874513354
1402666526222716934,negative,0.04531491646821888
1402666530777743366,negative,0.2761970135731294
1402666532627488780,negative,0.0022105532595235065
1402666540760195077,negative,6.641426952419365e-06
1402666543482347521,negative,0.08104912684708733
1402666544899969027,neutral,0.6450906080214386
1402666548477706245,positive,0.7340987150135698
1402666548519739392,negative,0.12553382732500068
1402666551627632645,negative,0.04531491646821888
1402666560100220931,negative,0.04531491646821888
1402666563296190465,negative,0.04531491646821888
1402666563694739460,negative,0.32359009059143207
1402666564281942021,negative,0.0017633497268493168
1402666564999073796,negative,0.0012786319277773702
1402666568006373378,negative,0.0014093345917316187
1402666568820084738,negative,0.17104279986070384
1402666569352744962,negative,0.12553382732500068
1402666570061647872,negative,0.012454240225287173
1402666572230103043,negative,0.29110704015181765
1402666572460838915,negative,4.1567716733214285e-08
1402666577259073541,positive,0.9158124403494511
1402666579461029888,negative,0.12553382732500068
1402666579486183426,negative,0.3079211287249981
1402666583135293445,negative,0.0008914846000690372
1402666586650120193,negative,0.06911100210766787
1402666586851397633,negative,0.05911510954937884
1402666587220500484,negative,0.060912613512431726
1402666587526774786,negative,0.11794983638474398
1402666588260769793,negative,0.02486850368966115
1402666594875150337,negative,0.06098369733192535
1402666595290320901,negative,0.060912613512431726
1402666599698636800,negative,7.82767311698215e-05
1402666599706939401,negative,2.6687160222577456e-06
1402666602265522183,negative,0.19343646031929657
1402666602596909061,negative,0.011608795687469134
1402666603272093699,neutral,0.5454294334440499
1402666608615727108,negative,0.04741422824572732
1402666608905031685,negative,3.155976532712916e-05
1402666609957875717,negative,5.9579427973437695e-06
1402666612596035594,negative,0.1257529575674506
1402666613002752001,negative,0.21433552074450707
1402666614387060746,negative,0.005027863179855113
1402666615855108099,negative,0.0003266888383021514
1402666616287027205,negative,0.15612200195600637
1402666616291213312,negative,0.1295622923919365
1402666616454844420,neutral,0.46032205549277255
1402666620351352841,negative,0.0009466437795502501
1402666622117191683,negative,0.10869669960734156
1402666623375331333,negative,0.003713527484539811
1402666624935677955,negative,0.16930649624770105
1402666627829800975,negative,0.0003369692304877636
1402666627926212610,negative,0.0020771759152603464
1402666631332077573,negative,1.6727068290467225e-05
1402666633722843141,negative,0.029909150092423085
1402666637254344710,negative,0.0015943373921416544
1402666640605696000,positive,0.7034129911174342
1402666645122957316,neutral,0.37613281431482276
1402666656212697092,neutral,0.49789225920557484
1402666662378229761,neutral,0.37613281431482276
1402666663187787785,negative,0.3231383694420891
1402666665788203009,negative,0.012454240225287173
1402666668980047878,negative,0.06826407186997632
1402666669491855364,negative,0.0028880185305588104
1402666670536208385,negative,4.545803836764526e-05
1402666675636477957,negative,0.0016700967520391732
1402666681588228102,negative,0.07425703143999765
1402666682301169672,negative,3.251944036518128e-05
1402666683202998277,positive,0.9625563000896279
1402666697702658055,neutral,0.46127768308170247
1402666698394701831,negative,0.043642099552369244
1402666704501723138,positive,0.9998346173284736
1402666704539467785,negative,0.31980897773501327
1402666708708507659,neutral,0.3314485969135163
1402666715826245641,negative,0.012723002037431924
1402666717847949314,negative,0.004503006993703149
1402666722260303872,negative,5.7171254126307e-07
1402666723757678595,negative,0.07425703143999765
1402666728048447491,negative,5.36028617324865e-06
1402666728665006080,negative,0.0029716285534205425
1402666728828686339,negative,5.963230807919373e-12
1402666735375990788,negative,0.0770096925049541
1402666738030948365,negative,0.00022158512840436952
1402666743479377922,negative,3.769748063770575e-07
1402666745194745856,negative,0.0019726432593717364
1402666745727496194,negative,0.06098369733192535
1402666747187150857,negative,0.07259394147788527
1402666748629991433,negative,8.7524262074723e-05
1402666752929042433,negative,0.0003200643190882924
1402666758583029760,negative,0.11794983638474398
1402666759358976006,negative,3.4880959686860604e-09
1402666759749001216,negative,0.014723776646620668
1402666761367982080,negative,0.0007427379679096118
1402666761540063232,negative,4.741470845526375e-06
1402666763423305730,positive,0.8335088350906303
1402666765394616324,negative,0.15658978656255682
1402666768796168195,negative,4.235697846362341e-06
1402666769546989575,negative,9.290609379547144e-05
1402666770591272963,negative,0.17769900815805376
1402666771623075844,negative,0.0002829752909247522
1402666771690278914,positive,0.9780021762246549
1402666773669896198,negative,0.0007617261025850532
1402666773992837127,negative,0.0043446626472224805
1402666775322505218,neutral,0.40909563371415475
1402666777201545225,negative,3.2493262267212315e-07
1402666777843322881,positive,0.9255481950387161
1402666779197935617,neutral,0.5976391073968749
1402666780221378562,negative,0.00017631450890138618
1402666781282639873,negative,0.0033434236307162725
1402666782566096906,negative,0.0012665961147395827
1402666786844286979,neutral,0.34232990986850786
1402666787171299329,negative,5.976690659929915e-07
1402666789406978054,neutral,0.40909563371415475
1402666794003963907,negative,0.07023006128420756
1402666794062581767,negative,0.059717719499111484
1402666794272309249,neutral,0.3358218310945649
1402666794331119617,negative,0.21101872846731
1402666795832680448,negative,0.007301615955448866
1402666795853615104,negative,1.389484002466563e-10
1402666799901118465,negative,0.20396631214241284
1402666800240812035,negative,0.1475548162193037
1402666800693727237,negative,0.13394671237635683
1402666800723247110,negative,0.0016998784036826066
1402666800777732100,negative,0.21881622695821315
1402666802254073863,negative,0.016982341523244227
1402666803512459270,negative,0.0009466437795502501
1402666803642437640,negative,5.768059775155144e-07
1402666807169851398,negative,0.006817621443493984
1402666808084152320,negative,0.22821616684985674
1402666808876974086,negative,0.16357067364769767
1402666809426382848,negative,2.732206285577361e-06
1402666809518694400,neutral,0.384438792611484
1402666811544555522,negative,0.27935324391348665
1402666814740516872,negative,0.01341347224707668
1402666820008620035,neutral,0.6033602809302653
1402666822764220419,negative,0.006683188805047508
1402666827092799497,negative,0.03693929605916326
1402666828166533129,negative,0.11230190732154678
1402666830121078787,negative,0.22493346794813412
1402666830255247366,negative,0.0028108144975639176
1402666832390131721,negative,0.09089739463017658
1402666833975689221,negative,0.009471081438659724
1402666836236271628,negative,1.8402458858584172e-08
1402666836626481163,negative,0.007948585512600118
1402666842943115271,neutral,0.6048318564234116
1402666843417059329,negative,3.95796275494009e-05
1402666845191213068,negative,0.0003200643190882924
1402666848647364609,negative,0.06911100210766787
1402666850945806343,negative,0.0006833573165622841
1402666854829723656,neutral,0.6387765042918215
1402666860567535618,negative,0.03245387338303001
1402666861498667015,neutral,0.568440926224993
1402666862291341317,negative,0.009583231483303893
1402666865709797378,negative,0.005665954737360401
1402666867454615553,negative,0.20040595561163702
1402666869274906634,neutral,0.6435576736330226
1402666875893522442,negative,4.7231461074075806e-05
1402666880918331397,negative,0.15612200195600637
1402666880951783427,negative,0.046995566233893345
1402666883841617921,negative,0.09089739463017658
1402666883946528774,negative,0.0025096995351848225
1402666884772859909,negative,4.756363403663318e-06
1402666884852559879,neutral,0.49789225920557484
1402666887323033602,negative,0.19558868091538303
1402666887725596678,neutral,0.3314485969135163
1402666887897653251,negative,0.04198511068439705
1402666891513061378,negative,0.03684770008555016
1402666893635432451,negative,0.002244874623491347
1402666894331625472,negative,0.06826407186997632
1402666900488962052,negative,0.012895672320878335
1402666900639858689,negative,6.311329046394877e-06
1402666900824412162,negative,0.09409589194969414
1402666902456094720,neutral,0.47697210391394973
1402666913881374721,negative,0.0916415796553244
1402666914929840134,negative,0.3105364086203619
1402666915550482432,negative,0.18796574318776013
1402666915798061058,neutral,0.4164327610259809
1402666917052170248,negative,0.1496412217130702
1402666921561104389,negative,0.00974867543628711
1402666922399997960,negative,6.130898926417174e-05
1402666923301670912,negative,0.004429729052027545
1402666924291526658,negative,0.03119106136200889
1402666926162296834,negative,0.012454240225287173
1402666926510383107,negative,0.013767034408337927
1402666927537934338,negative,0.0008400644184925606
1402666928087482375,positive,0.7355093453736364
1402666928666296323,negative,0.06826407186997632
1402666929928736768,negative,0.07981438509542091
1402666930998292482,negative,0.13293674836819105
1402666931329683466,neutral,0.5734576952979002
1402666934068469761,negative,0.05475818412778196
1402666934320181249,negative,2.291687092306621e-05
1402666934580256772,negative,6.458786451522102e-05
1402666935293255680,negative,0.03645638597004736
1402666935800717325,negative,0.024556844101852188
1402666935892983815,negative,0.0003284853608542792
1402666937289748493,negative,0.052796153595986606
1402666937457463297,negative,2.732206285577361e-06
1402666938145427463,negative,0.1185098622764899
1402666938313158661,negative,5.1547418745393374e-08
1402666940737458177,negative,0.0916415796553244
1402666942130012160,neutral,0.38964458701193794
1402666942410985488,negative,0.0017935384349600225
1402666943321186310,negative,4.167209668219137e-05
1402666945162395665,negative,0.043642099552369244
1402666945263161344,negative,0.016304915397632708
1402666947477655554,neutral,0.47363622427331886
1402666948664737800,negative,0.0016442177138911258
1402666949843243009,negative,0.2281016996141662
1402666950451412994,negative,1.01477566909083e-06
1402666950468190211,negative,0.000845646614544819
1402666950778667011,negative,1.4395458989938445e-08
1402666953836318722,neutral,0.3911091763232002
1402666954121433089,negative,0.0025233867774138645
1402666954402455561,negative,0.0020236128352407075
1402666954838753281,negative,6.932390577271214e-06
1402666956252143619,neutral,0.3364805870432152
1402666957963415552,negative,0.06452886642785977
1402666965030912002,neutral,0.486359672507584
1402666967815892993,negative,0.013767034408337927
1402666969556475907,negative,2.1229355882346755e-06
1402666976992976899,negative,0.028552154272012596
1402666978150686723,negative,0.0025865993809296
1402666978599444481,negative,0.17743816225545553
1402666978867826689,negative,0.11442270020202777
1402666979232829440,negative,0.20860830548532172
1402666984404312067,negative,0.19207529259377418
1402666984505069571,negative,0.11477355389243289
1402666986430205952,negative,0.26429218937246507
1402666987260502021,negative,0.04583992548422194
1402666990158897155,positive,0.694136606405408
1402666992344219667,negative,0.012454240225287173
1402666995330420740,negative,0.012454240225287173
1402666997918404615,negative,2.594282712305317e-05
1402666998530809863,negative,0.03520799040513861
1402667000623767563,negative,0.012454240225287173
1402667001076719619,neutral,0.5285438683033102
1402667001177333780,negative,1.9909073880747888e-06
1402667003723272195,neutral,0.33143242112734467
1402667005094907911,negative,6.204106324375245e-05
1402667007645032453,negative,5.860443797568017e-07
1402667010765492230,neutral,0.4161012013576689
1402667012095102980,negative,0.15612200195600637
1402667016851501059,negative,0.021373976665841798
1402667019363835904,neutral,0.3697178874513354
1402667026083110916,negative,0.00131849925149206
1402667030432604160,negative,0.013922890842405607
1402667030642311168,negative,3.2413235356405077e-07
1402667034232635399,negative,0.012452631906876968
1402667035696455683,negative,0.06826407186997632
1402667042214457347,negative,0.00013688551676176088
1402667042675867649,negative,0.026441819218689412
1402667047318962181,neutral,0.37613281431482276
1402667048283607045,neutral,0.49789225920557484
1402667051085410306,neutral,0.48738644593295855
1402667051160936452,negative,0.0025722891107298937
1402667051240546306,negative,0.012454240225287173
1402667051433578498,negative,0.0024805555367230785
1402667052033265669,neutral,0.42731488696630027
1402667058014339074,negative,0.039656571762138465
1402667061365538817,negative,0.25149332066804553
1402667061550137348,negative,0.00407926509311509
1402667061818634247,negative,0.2928676736142457
1402667066335895555,negative,0.0005363793437102021
1402667067061506048,neutral,0.4449003680293143
1402667068634304519,neutral,0.568440926224993
1402667073105453063,negative,0.11813809310998474
1402667073248141313,negative,0.3029968537174699
1402667073566806017,neutral,0.5674479575165152
1402667073747234818,neutral,0.40909563371415475
1402667075324231680,negative,0.08501513071626333
1402667076188258306,neutral,0.3314485969135163
1402667077522104323,negative,3.387738898678361e-05
1402667079329882113,neutral,0.35538669454809396
1402667081103982593,negative,0.003551807662866395
1402667082236444673,negative,0.0010381238683589997
1402667085520637956,negative,5.7171254126307e-07
1402667085600276486,neutral,0.49789225920557484
1402667087068385287,negative,0.03269935206022368
1402667088133734407,negative,0.011282216362904206
1402667088704016391,negative,0.0049573332060130594
1402667088720896005,negative,0.08900690664612401
1402667090893590533,negative,0.03119106136200889
1402667091648462848,neutral,0.40909563371415475
1402667093397549060,negative,0.043642099552369244
1402667093930225666,negative,4.105583086001163e-09
1402667094005719040,negative,0.0006483406437317
1402667096182444033,positive,0.727517123473774
1402667097730203648,negative,0.042707570291818875
1402667098745323520,neutral,0.49789225920557484
1402667101073063938,negative,0.00038303876135765643
1402667102281080832,negative,0.09241187123740884
1402667102507569157,neutral,0.42481320533818673
1402667103765905409,negative,0.06904187015378999
1402667104919244800,negative,0.018591946869865858
1402667105741426688,positive,0.9743430795110283
1402667107410657284,negative,2.930993014767177e-07
1402667107838464005,negative,3.6444934531672796e-05
1402667108098527235,positive,0.978153617686429
1402667109843357699,negative,0.1824292409437348
1402667111785418752,negative,0.0010505805344996333
1402667112351600642,negative,0.1295622923919365
1402667112359989248,negative,0.0013599299873540784
1402667115195338752,negative,0.0006483406437317
1402667116122103816,negative,8.545594167825269e-06
1402667116596273154,negative,0.11813809310998474
1402667118244634626,negative,0.005798690231259155
1402667118320132102,negative,0.3143893309825648
1402667118483619844,neutral,0.5301025468569445
1402667118580178953,negative,4.619094416822166e-06
1402667119200907264,negative,0.0015588317193554336
1402667119221874692,negative,0.03269935206022368
1402667119314100229,negative,0.10286991504670501
1402667120215920651,neutral,0.6450906080214386
1402667120345989123,negative,0.2609862066474561
1402667122426355712,negative,0.1902468900431735
1402667122690514947,negative,0.013922890842405607
1402667123340722185,negative,0.0024969851727082754
1402667125811126277,negative,0.11357477024235652
1402667125827899402,negative,0.02300509996377304
1402667129233620998,negative,0.17951031470468679
1402667129267183616,negative,0.0009466437795502501
1402667131049844736,negative,0.0001263850885271204
1402667132949831681,negative,4.600474752945516e-08
1402667136120725506,positive,0.8971742087830035
1402667137068568580,neutral,0.4288558791275312
1402667139702591495,negative,0.008025297315768258
1402667139774009346,negative,0.01723932388830367
1402667140424114182,negative,3.600203183544452e-15
1402667140700770304,negative,0.06098369733192535
1402667141963321344,negative,0.026277811723524187
1402667142558978050,negative,0.002379368779819175
1402667143284547590,negative,0.235816309216285
1402667146522603520,negative,0.11315388818716313
1402667147248160768,negative,0.000651777212501486
1402667147978067971,negative,0.1824292409437348
1402667148712071168,negative,0.0024969851727082754
1402667149332729863,negative,0.0017584414752755608
1402667149655740423,negative,0.15495724647875161
1402667150406475777,negative,0.04659691276079612
1402667150679105540,negative,0.00030814740077861883
1402667151480299523,negative,0.10470891443198739
1402667152264544259,negative,0.04156739858096709
1402667152545550336,negative,2.7355148103107523e-06
1402667152935620610,negative,0.017120573613637363
1402667156089802759,negative,0.00044465329561599624
1402667157545172997,negative,0.017443764434759527
1402667161211056132,negative,0.0008068095287796413
1402667161857007617,negative,0.2022116893880138
1402667164088274953,negative,0.01826581608934728
1402667164394532867,negative,0.02300509996377304
1402667166487429127,negative,0.0024969851727082754
1402667168546832386,positive,0.7134944440403177
1402667169410949128,negative,0.09208698409616332
1402667170023280642,negative,0.0008071478676438674
1402667170098786312,negative,2.657793146604445e-06
1402667173244514306,negative,0.03846434626844556
1402667174880231425,neutral,0.37613281431482276
1402667176079855616,negative,0.0024075189618734533
1402667177766010881,neutral,0.4344108640422549
1402667178252509185,neutral,0.38163962155162046
1402667178852237314,neutral,0.40909563371415475
1402667179988881410,negative,2.7355148103107523e-06
1402667180123213831,negative,0.0006656329211654766
1402667180240654342,negative,0.07818873733602175
1402667180840435733,negative,0.05181149816892835
1402667181083697154,negative,0.10588256597481213
1402667184120340482,negative,2.7355148103107523e-06
1402667184241917960,negative,0.21433552074450707
1402667185366081542,negative,7.106980935680057e-09
1402667185496068103,negative,1.3534925838305077e-05
1402667185625960448,negative,0.0064080093765378834
1402667186590785539,negative,0.0023008783521622405
1402667187568054276,negative,4.831186646598077e-07
1402667189002440716,negative,7.436213496908273e-05
1402667189350682625,neutral,0.40783044101537314
1402667189820329984,negative,0.011488307187773262
1402667190013341697,negative,0.08352982280544467
1402667191732932614,negative,0.303890566925993
1402667193175744514,negative,0.21616627111920514
1402667193662328832,neutral,0.33873293304025015
1402667194438221832,negative,0.0022234788096543866
1402667196443250690,negative,4.756363403663318e-06
1402667198326493190,positive,0.9420775752776726
1402667198410379267,negative,1.7273862824556206e-05
1402667200129998851,neutral,0.4274047939449264
1402667201136627715,negative,0.0009466437795502501
1402667201371545606,negative,0.16142658633194656
1402667201937747968,negative,1.914001765721361e-06
1402667202537476096,negative,0.006558162115234629
1402667203829321731,negative,0.0249403597150894
1402667205007917061,negative,0.012888153478031635
1402667206132092929,neutral,0.47697210391394973
1402667206727643137,negative,0.0039517885314916176
1402667209609068549,neutral,0.4846424145450931
1402667209642721281,neutral,0.40909563371415475
1402667210028503048,negative,0.0016856066009950318
1402667210028601347,negative,0.051586269076614844
1402667212238954496,neutral,0.37137062280538924
1402667213035687938,negative,0.2937926586999595
1402667213384044557,negative,0.0001298705217298816
1402667214239502336,negative,0.0006483406437317
1402667214243827713,negative,0.12907714056090996
1402667214768050177,negative,0.22629170584102215
1402667215959252992,negative,0.09573420642492488
1402667216814972936,negative,0.02165985668141724
1402667219084054532,negative,2.1009803857411633e-06
1402667219503439872,negative,0.11794983638474398
1402667220333957121,negative,0.011488307187773262
1402667221256638471,negative,0.07724514202951188
1402667222011633666,negative,0.15829150673250575
1402667222800142350,negative,0.006796617225349921
1402667223790112773,neutral,0.42755866745518784
1402667224788127746,negative,0.18459858958932926
1402667225589374983,negative,0.0021084987228716166
1402667225694314498,positive,0.7136231530634731
1402667228659699714,negative,0.001487835632180568
1402667230295433220,negative,8.7524262074723e-05
1402667230970748932,negative,0.2812124665127172
1402667233046896641,negative,0.013922890842405607
1402667233101422595,negative,0.1291541992381759
1402667235160825858,positive,0.9962735920757743
1402667237560000514,positive,0.6984062217065632
1402667238742761482,negative,4.105583086001163e-09
1402667238998560771,negative,7.901228358052136e-06
1402667239921356802,negative,6.011482603829134e-05
1402667241796165641,negative,0.0009287941395553056
1402667243159404556,negative,0.00020268668104642557
1402667244623179783,neutral,0.49789225920557484
1402667246242217985,negative,0.0007453080674383016
1402667248473587717,negative,6.932390577271214e-06
1402667248804839424,negative,0.11148473475651621
1402667252382670851,negative,2.7355148103107523e-06
1402667252764266506,negative,4.469307021803598e-12
1402667254265769985,negative,0.08245432309369352
1402667255322886155,negative,3.9093694582230954e-10
1402667256107175940,negative,0.0017755625287686927
1402667256535031811,negative,2.628414154356387e-05
1402667257642336258,negative,0.04228224902021591
1402667257696866314,negative,2.514329373168593e-08
1402667257705152520,negative,0.003517616800545781
1402667258145542146,negative,0.06540461290579168
1402667260616089604,negative,0.003001059786141732
1402667261559820293,neutral,0.5118676324292408
1402667261849186313,negative,7.64933517929553e-08
1402667264667697153,negative,0.0022273845214640722
1402667264684482564,negative,0.1501008035567516
1402667265158529031,negative,1.715181741330721e-09
1402667265707982850,negative,0.007348297706162109
1402667266043490306,negative,0.00407926509311509
1402667270975918081,negative,9.11480159901699e-06
1402667272032993284,negative,0.11813809310998474
1402667272980815878,negative,0.0033369567330791645
1402667272993480710,negative,0.00020268668104642557
1402667273169555461,negative,0.010948574679926307
1402667275338014723,negative,0.0009466437795502501
1402667276453789701,negative,0.006971842733003479
1402667277934288902,positive,0.9998846471459352
1402667282426388482,negative,0.25175936043600733
1402667283277881344,negative,0.0009395554443728622
1402667283680477188,positive,0.9414446508923792
1402667283726614536,negative,0.04293082984931908
1402667284829773825,negative,6.4251700953167255e-06
1402667286713020417,neutral,0.40909563371415475
1402667287274999809,neutral,0.40909563371415475
1402667288042643459,negative,0.2917985415262092
1402667288399073282,neutral,0.37613281431482276
1402667288994721793,negative,0.011488307187773262
1402667289225400320,negative,0.008025297315768258
1402667289271488515,negative,0.0074932453372621
1402667289338691588,negative,0.00018590214446530807
1402667290735386626,neutral,0.48728019602140255
1402667295785238536,negative,9.290609379547144e-05
1402667297274273796,negative,3.3340015029748057e-06
1402667298377375748,negative,0.3251904220160809
1402667298578735106,negative,1.063670342482192e-07
1402667299488808964,negative,0.011488307187773262
1402667300638101512,negative,0.20361426813863143
1402667300646436865,negative,0.0022234788096543866
1402667301384622085,positive,0.7356359305599923
1402667302252945408,negative,0.00023176519823309356
1402667302747709440,negative,0.009048929786398669
1402667303758598150,negative,0.21042175091906026
1402667304043876360,negative,0.0522070867456433
1402667304236638211,negative,0.000230296200302909
1402667304874283008,neutral,0.42102024161398705
1402667305369104388,positive,0.8410723772716554
1402667305801244673,negative,1.7273862824556206e-05
1402667305952239621,positive,0.7092297138808719
1402667306719879169,negative,0.07129568908261169
1402667307189612556,negative,3.0130862012283668e-05
1402667309622337545,negative,0.0004108780365218857
1402667310306009093,negative,0.027190192578553537
1402667310918344708,negative,0.03642942025312162
1402667311580991491,negative,0.1185098622764899
1402667312356872197,negative,7.54403749776342e-06
1402667312801533959,negative,0.00131849925149206
1402667313720143873,negative,0.0034390309465839796
1402667314730864644,negative,0.2598752982088726
1402667314974240779,negative,0.0009527689412810997
1402667315552980996,negative,0.11813809310998474
1402667316849094664,negative,0.00014542277889497343
1402667317859786755,neutral,0.5290317796528806
1402667318514180101,negative,3.6444934531672796e-05
1402667319621468163,negative,0.00032055636650190977
1402667322641367047,negative,0.013390443579891893
1402667323950080004,negative,0.04655136317756937
1402667325455843332,negative,0.010550707286842388
1402667325564899335,negative,0.22603030414061503
1402667330593771528,negative,0.049697754654914904
1402667331659059208,negative,0.1398060047689536
1402667331847852037,negative,3.746915979473664e-10
1402667332309327875,negative,0.12599504819578242
1402667332389027842,negative,0.00017941002379476525
1402667333143994378,negative,0.0003103391960994401
1402667334855282689,negative,0.014348451473292062
1402667336126111748,negative,0.05374166305342827
1402667337371770885,negative,7.415373247146007e-10
1402667337451556870,negative,0.0014186680162002283
1402667339708047360,neutral,0.6512513965002893
1402667339808755718,negative,0.021659480661826623
1402667341020864514,negative,0.06826407186997632
1402667341662638082,negative,0.04876614156462202
1402667341763203081,negative,4.9173657156445785e-06
1402667342014844929,negative,3.1337227303776037e-06
1402667343004717064,negative,0.04531491646821888
1402667343294128132,negative,0.02456434976070016
1402667344950972423,negative,0.013922890842405607
1402667345147990016,negative,0.11993110106260793
1402667345588494339,negative,0.18796574318776013
1402667346871799811,negative,0.0005478139747264868
1402667348046274561,negative,0.001090857525373319
1402667350768472071,negative,0.012454240225287173
1402667351468920836,positive,0.7912471853922739
1402667352303583235,negative,0.1189076974072669
1402667352626503684,negative,0.25713377043441715
1402667354195206144,negative,4.672710869855227e-08
1402667354300026890,negative,0.11642426213214878
1402667354497114115,negative,0.0043765745462335985
1402667355453460483,negative,0.0009281316585294677
1402667356644462594,negative,0.012454240225287173
1402667357064110090,negative,3.235361937121832e-05
1402667358213263360,negative,0.1063562886503035
1402667358913695750,neutral,0.40909563371415475
1402667361052803083,negative,0.08482726428369738
1402667362067881988,negative,0.006856700760489733
1402667363376500741,negative,0.003786130267831199
1402667366572605440,negative,5.755394650153462e-05
1402667367092703235,negative,0.006489763316424048
1402667367558168577,negative,0.18232890795259163
1402667368053149696,negative,0.12916320095629658
1402667369374400517,negative,0.0035086375676672186
1402667369776963586,negative,0.001110058851413393
1402667370112421888,negative,2.4996050890644206e-05
1402667371102363652,neutral,0.40909563371415475
1402667372503261190,negative,0.00011357953936867049
1402667372507500554,negative,5.842072387977074e-05
1402667374378160134,negative,2.5139751418956343e-06
1402667374793347073,neutral,0.3499352441185855
1402667375468683273,negative,0.2029804953486519
1402667375850409985,neutral,0.6527647069445395
1402667376076787718,negative,0.2799815445015739
1402667376236240902,negative,0.00020268668104642557
1402667376336855046,negative,0.0005141878179537537
1402667376336904199,neutral,0.6202962595472885
1402667377150545924,negative,0.0002349747770137063
1402667377821728781,neutral,0.5734576952979002
1402667377930670083,negative,0.2562086456957239
1402667379746918404,negative,0.0030333387478559517
1402667380543733760,negative,0.0008831024496277283
1402667381802082309,negative,0.0023771061188909855
1402667385677615107,negative,0.09365175290187668
1402667387367964678,negative,0.013329478111476004
1402667389913907200,positive,0.8656053398531461
1402667391025238018,negative,0.3079211287249981
1402667396146532352,positive,0.985209966824661
1402667396343767045,positive,0.8364527274405094
1402667396486270976,negative,6.932390577271214e-06
1402667396536717315,negative,5.0243950431496524e-08
1402667396599590925,negative,0.08569608730129531
1402667398029877256,negative,1.864664333684882e-07
1402667398797406213,negative,0.013922890842405607
1402667399086739459,negative,0.21616627111920514
1402667399418191886,negative,2.2723154983913553e-05
1402667400475164681,negative,0.034818523621319174
1402667401187975169,negative,0.0001706639149373469
1402667401204862976,negative,2.9598048832351593e-06
1402667404874948617,negative,0.00783166452208134
1402667405231468551,negative,0.0023771061188909855
1402667405994774534,negative,0.012454240225287173
1402667406334496768,negative,0.09085838354094262
1402667407940915205,negative,0.006918361180848712
1402667408544829445,neutral,0.3376971601675658
1402667408930770949,negative,0.00023365681397916792
1402667410012790788,negative,0.03890922006430171
1402667410478481410,negative,0.00943798854937901
1402667410763681794,negative,0.012027607991339976
1402667411690696705,negative,0.01671615182964773
1402667412642844674,negative,0.012454240225287173
1402667412701519873,neutral,0.4846424145450931
1402667412886016003,negative,0.16737897377795993
1402667414333104131,negative,0.0014492942690450534
1402667415117385735,negative,3.14802345587945e-05
1402667415356555264,negative,0.12324311763632129
1402667416912596993,negative,3.6360314825607676e-08
1402667417608851456,negative,0.001533283347511873
1402667419617931265,negative,0.04785767940886459
1402667420343541762,negative,0.05933202814165601
1402667420620365827,negative,8.671222971109663e-06
1402667420859383810,negative,0.02903463702161519
1402667423145267200,negative,0.01301280538663274
1402667423279599617,negative,0.00011660898999944712
1402667423313108994,negative,0.014554324718923034
1402667424818905097,negative,0.031772833219102924
1402667425087229957,negative,0.00020268668104642557
1402667428262334464,negative,0.08054201425353015
1402667431001313285,negative,0.09060425196202514
1402667433354272771,negative,0.036770550273226496
1402667435296104453,positive,0.9996951098640584
1402667435359182848,negative,0.062370033566031706
1402667435417874436,negative,0.10140378941223072
1402667435602370562,negative,5.165879104084835e-07
1402667436139290635,negative,0.006918361180848712
1402667439679180807,neutral,0.5290317796528806
1402667441944150022,negative,0.0005459094101832026
1402667442518867968,negative,0.07707403770577731
1402667442766331909,negative,1.2056416474175487e-05
1402667443139534851,negative,0.002912664424265548
1402667443428921351,negative,0.001110058851413393
1402667443546435589,negative,0.03457888297004997
1402667443567349760,negative,8.980318185932066e-08
1402667446549598210,neutral,0.49789225920557484
1402667447807787009,negative,0.0022336322720021055
1402667448499851271,negative,1.715181741330721e-09
1402667448713818117,negative,0.05933202814165601
1402667449460432900,negative,3.478041864615817e-05
1402667449477173252,negative,1.470969488170046e-07
1402667449804333063,neutral,0.3993385983078583
1402667449921716230,positive,0.9963812122007896
1402667451809153035,negative,0.009150549348586763
1402667453553909760,negative,4.229418783506657e-08
1402667453851877381,negative,0.056267677391079504
1402667454195773443,positive,0.9990908704894425
1402667454883577861,negative,3.8149651046397166e-13
1402667455647031300,negative,0.06826407186997632
1402667455852449792,negative,0.0023771061188909855
1402667455990964229,positive,0.935416992057846
1402667456808763392,negative,0.00928971097977542
1402667459266629632,negative,0.2575659314299378
1402667459778318336,negative,0.06826407186997632
1402667459858010121,negative,0.01829308711525661
1402667460399095809,negative,0.0005478139747264868
1402667460629835780,positive,0.9999394012415423
1402667460776574986,negative,0.06446761730078081
1402667461753946115,negative,0.0003746818260665679
1402667462957674498,negative,0.013031897450225661
1402667464245325828,negative,3.235361937121832e-05
1402667464723402756,positive,0.954267856653197
1402667465872711691,negative,0.011488307187773262
1402667466455760903,neutral,0.3334813713994933
1402667470016614400,negative,9.069888782369256e-06
1402667470545096708,positive,0.6905900771438357
1402667470960402439,negative,0.04531491646821888
1402667471572803586,negative,0.2526405559470445
1402667471832813576,negative,0.001110058851413393
1402667472692580352,negative,0.07555743034711478
1402667475330797574,negative,3.8061123819436296e-06
1402667475636981760,negative,0.0013020748258049508
1402667477390274563,negative,0.17217119203601655
1402667478807769091,negative,6.650845958106318e-06
1402667479671902210,negative,1.0199950401449308e-08
1402667479709716485,negative,0.1765349760797645
1402667480343093267,negative,0.27286022323195247
1402667481320329226,negative,0.00970790511761553
1402667481920069637,negative,0.1475548162193037
1402667482100506626,negative,0.012891417334514876
1402667482494742528,neutral,0.46318326475361027
1402667482763177985,negative,0.0009161302615239787
1402667484629639168,negative,0.0564138316055202
1402667485833449472,negative,1.8069480455566356e-05
1402667486395482117,negative,0.027882263835012605
1402667487188094978,negative,0.012452631906876968
1402667487305637888,negative,0.04117290367181401
1402667488152887303,negative,0.00014241791977367475
1402667488794513411,negative,0.29841165505812506
1402667489935376393,neutral,0.37613281431482276
1402667490245844996,negative,0.013767034408337927
1402667490606567425,negative,4.105583086001163e-09
1402667490988154883,negative,1.715181741330721e-09
1402667491483131907,negative,0.0007617261025850532
1402667492682653697,neutral,0.3314485969135163
1402667494570086403,negative,0.00894177830985641
1402667495270629376,neutral,0.34408407089177917
1402667501851496450,positive,0.8304132545909564
1402667501868224513,negative,0.00011357953936867049
1402667503373930505,negative,0.0016856066009950318
1402667505148207105,negative,0.16402370792108767
1402667505303404551,negative,0.14278373290122653
1402667505982885888,negative,0.00020268668104642557
1402667507048198151,negative,0.0017935384349600225
1402667507568328710,negative,2.3045728380324654e-06
1402667508323307523,neutral,0.40909563371415475
1402667509199814656,negative,0.0018301321136546696
1402667510273658881,negative,0.06904187015378999
1402667511070531589,negative,0.00020268668104642557
1402667511741571073,negative,0.0011606530328197705
1402667512114946048,negative,0.0016856066009950318
1402667515508035593,negative,0.2459866575739014
1402667518469328901,neutral,0.40909563371415475
1402667519471669249,negative,2.1902963917285724e-11
1402667519983431683,neutral,0.3373919588998191
1402667520537075713,negative,0.23147231126870801
1402667521556291585,negative,0.2812124665127172
1402667522743230464,negative,0.06061112893132124
1402667523326234626,neutral,0.3358218310945649
1402667523775082501,negative,0.1438813972593036
1402667524026736643,neutral,0.40909563371415475
1402667524223811592,negative,0.19059670968516898
1402667525280829440,negative,0.0009466437795502501
1402667526694359041,negative,0.0005889655997732594
1402667527898030085,negative,0.05911510954937884
1402667528908722179,negative,0.05214682835583685
1402667529089212417,negative,0.013206512418107734
1402667529726799877,negative,3.78817458945562e-05
1402667530779496450,negative,0.001931579632708797
1402667530951475205,negative,0.04280709061721464
1402667532142755840,negative,0.005293714949664123
1402667532188798985,negative,0.003029218062106838
1402667532364963841,negative,0.012454240225287173
1402667533258432513,neutral,0.5281789346055156
1402667533312970759,negative,0.024673463232097247
1402667533690458112,positive,0.824456373005704
1402667535057797120,negative,0.008025792379028892
1402667536173441032,negative,4.782220108338934e-07
1402667536555155456,negative,5.8788184133299e-07
1402667537020694528,positive,0.6794764316359808
1402667537356238850,negative,0.006504993978130253
1402667537490382849,neutral,0.5008162321247858
1402667538346020868,negative,0.10568265972059576
1402667540057296898,negative,0.23809253539358155
1402667540422217730,neutral,0.49789225920557484
1402667540602621955,positive,0.7801076962767632
1402667541177290752,neutral,0.6274708568440207
1402667542469087237,negative,0.15243639809227816
1402667544167731201,negative,0.0004584959261107726
1402667544968892416,negative,0.00131849925149206
1402667545409298436,negative,2.628414154356387e-05
1402667545564528646,negative,0.22629170584102215
1402667545715527685,negative,0.12806381259424787
1402667546130661380,negative,0.06911100210766787
1402667547019857922,negative,0.19311067094070053
1402667547699392519,negative,0.020707632580263154
1402667547971899395,negative,8.7524262074723e-05
1402667548370472961,neutral,0.38260638955725207
1402667548559118337,positive,0.9996348763427346
1402667549549080579,negative,0.18715311207137042
1402667549830025220,negative,0.010850468571020577
1402667550136274952,negative,1.715181741330721e-09
1402667550392172550,negative,0.10470891443198739
1402667551679713281,negative,0.0916415796553244
1402667553579733001,negative,0.029059667197296045
1402667554141880325,negative,0.10869669960734156
1402667554854821892,negative,0.002244874623491347
1402667555739901952,negative,0.11556632476683736
1402667556180275203,negative,3.4054513329487545e-09
1402667559137206272,negative,0.010366428953676739
1402667559770546181,negative,3.2364208626787507e-07
1402667560676569091,negative,5.7171254126307e-07
1402667560907284480,positive,0.7355093453736364
1402667561184120839,positive,0.6782092883722031
1402667561616019456,negative,0.020257845451704937
1402667563046293509,negative,0.0024969851727082754
1402667564262625281,negative,0.00010048782621648573
1402667565093109766,negative,0.26125552512301087
1402667565386813445,negative,0.0004108780365218857
1402667565781037062,negative,0.016121626890380346
1402667566137491460,negative,0.26125552512301087
1402667567236501505,negative,0.008846084428780715
1402667567274151939,negative,0.05199184526579257
1402667568108814344,negative,2.2428043914972846e-08
1402667568150761481,negative,0.26125552512301087
1402667569853652993,negative,4.809413015818551e-06
1402667570004738048,negative,4.766066426229381e-05
1402667571401351173,neutral,0.4603140844572616
1402667572152180737,positive,0.954267856653197
1402667573712412679,negative,0.0016856066009950318
1402667574211624972,negative,0.01984726680073548
1402667574865842177,neutral,0.4407686014587586
1402667575679541248,negative,0.17632601764987182
1402667575788589071,negative,0.13791459198062325
1402667577206247424,negative,0.00021316442727171343
1402667577420173318,negative,1.7155590991088482e-05
1402667577680203785,negative,0.11813809310998474
1402667578120675334,negative,0.002658360702036699
1402667579773272069,neutral,0.40909563371415475
1402667580104511488,negative,0.06768258248407405
1402667580322729986,negative,0.06375730089056249
1402667581094436869,negative,1.715181741330721e-09
1402667581140520963,negative,3.200177240392786e-06
1402667582235217937,negative,0.0002759344549919837
1402667583577468941,negative,0.00016236186553588035
1402667583900372993,negative,0.17133634083706353
1402667585297162240,negative,0.0916415796553244
1402667585817174016,negative,0.26842186081646563
1402667585825615872,negative,0.001487835632180568
1402667586005790723,neutral,0.33578759158135824
1402667586085609472,negative,0.0004108780365218857
1402667586307903491,negative,0.19541139543123848
1402667586345709576,negative,0.01762261932201017
1402667587054575622,negative,0.1295622923919365
1402667588547747840,negative,0.002900634987771333
1402667589399101448,negative,0.010395002758697062
1402667590435094530,negative,5.143757044348499e-10
1402667590481321991,negative,0.05935936005919112
1402667591550869505,negative,0.20246891683607987
1402667592544927750,negative,0.03119106136200889
1402667592612028422,negative,0.00020268668104642557
1402667593480257538,negative,0.31980897773501327
1402667594180530177,negative,0.25994996559978367
1402667595698933762,negative,0.0005701529611992092
1402667596135141380,positive,0.7109182164299525
1402667597653495821,negative,0.00020268668104642557
1402667597980700677,negative,0.00022924340196206946
1402667598035234818,negative,0.08352982280544467
1402667599050182666,negative,1.5333795245701917e-07
1402667599142469632,negative,0.001110058851413393
1402667599427772416,negative,0.0027866758269523015
1402667600128118790,positive,0.8507555428037965
1402667600396554241,negative,0.0001910257575753272
1402667601319374848,negative,0.015668460502288935
1402667601730342916,negative,0.011158141861858768
1402667602279796736,negative,0.009016357157153848
1402667602342821888,negative,0.00038652362814769656
1402667606025330690,negative,1.4155767989618051e-08
1402667612518203398,negative,0.046252364786125336
1402667615689089026,positive,0.9606796523167651
1402667615697440773,negative,0.021373976665841798
1402667615936565251,neutral,0.35538669454809396
1402667618125950984,neutral,0.3304660273011069
1402667618880962563,negative,0.04228224902021591
1402667622404087810,negative,0.11794983638474398
1402667623091945476,negative,0.11406100068865264
1402667623351992328,negative,0.002912664424265548
1402667624580931588,positive,0.8229481634993676
1402667626279718912,neutral,0.39020076079152033
1402667626434867206,negative,0.06826407186997632
1402667627969880067,negative,0.012723002037431924
1402667628825546760,negative,2.1719879496128155e-07
1402667629337362433,negative,0.018439535237967253
1402667630960549890,positive,0.6794764316359808
1402667631811956743,neutral,0.408942169628454
1402667632579563521,negative,0.0006481500090455856
1402667633837854720,negative,0.011483663251106096
1402667634106286080,negative,0.0020970130031985794
1402667636861947904,negative,0.001231762822046334
1402667637105102848,negative,8.534799890857935e-06
1402667637105172480,negative,0.04531491646821888
1402667637662957569,negative,9.679238989425006e-06
1402667638820573189,negative,0.011488307187773262
1402667640196374530,positive,0.6794764316359808
1402667640649404420,negative,0.11357477024235652
1402667640733192192,negative,3.4387071747029143e-06
1402667641735626755,negative,0.0016423855783880604
1402667641983148038,negative,0.087324943963655
1402667645128876037,negative,0.09862418788743404
1402667646844235777,negative,0.019069234147858133
1402667648853458951,negative,1.161000178103991e-06
1402667649251819522,negative,0.050950005310969534
1402667649407008769,negative,0.08685992631673226
1402667649834926083,negative,0.0024350585082734077
1402667650711425034,negative,0.2652274561984591
1402667652452130825,negative,0.00020268668104642557
1402667652598820864,negative,0.008790224225296468
1402667654352097283,negative,0.23990610161084908
1402667654624784387,negative,0.0916415796553244
1402667655446814721,neutral,0.40909563371415475
1402667656864583688,neutral,0.366870513229527
1402667657384583169,negative,9.431789965823797e-05
1402667657439100933,neutral,0.46127768308170247
1402667658403713024,negative,0.0011800777788087524
1402667658873610241,neutral,0.48263704817532305
1402667659645304833,negative,0.00489186626984168
1402667659674652672,negative,0.009625874058405455
1402667660001828875,negative,0.0021133450419313802
1402667663546105868,neutral,0.40909563371415475
1402667663910916106,positive,0.7355093453736364
1402667663994896388,negative,0.1889731943884357
1402667664527462412,negative,0.0916415796553244
1402667664561119242,negative,0.0007692792529032948
1402667665475485704,negative,0.012888153478031635
1402667667136253959,negative,0.00407926509311509
1402667667220279297,negative,0.2580033912098201
1402667667371216896,neutral,0.4230798242996369
1402667667870343176,negative,0.0005054838044322452
1402667669497786373,neutral,0.5522845307256441
1402667672438022151,negative,0.19580861580219303
1402667673855668224,negative,0.09089739463017658
1402667675197886465,negative,0.22821616684985674
1402667675382321154,negative,0.004499879412330209
1402667675533430784,negative,0.24355581147591304
1402667676187738113,negative,0.0003200643190882924
1402667676598681603,negative,0.06000407068409906
1402667680075767810,negative,0.0013599299873540784
1402667680897945602,negative,3.3647388041142484e-05
1402667680952324096,negative,0.0020697829321759337
1402667681107660800,negative,0.014348451473292062
1402667681636093955,negative,0.00020268668104642557
1402667682437242882,neutral,0.40909563371415475
1402667683552710656,negative,2.2010614199579412e-08
1402667683657756674,negative,0.046406351742604074
1402667684542754818,negative,0.06069511982917812
1402667684832153601,negative,0.03642942025312162
1402667685809332227,negative,0.21433552074450707
1402667686644092929,negative,0.07707403770577731
1402667688065961985,negative,0.0001631246552766624
1402667688439078920,negative,0.0003267943170524957
1402667689383010315,negative,0.0018363585259087755
1402667689609515009,negative,0.021611789479292716
1402667690297376771,negative,0.013031897450225661
1402667690305724417,negative,1.715181741330721e-09
1402667691996033024,negative,9.217089087557542e-07
1402667692490952712,negative,4.234173545032909e-05
1402667692537094155,negative,1.0401846615935693e-05
1402667693715693577,negative,0.026679273922355622
1402667694239928322,negative,4.105583086001163e-09
1402667694554587138,negative,0.1872676807725007
1402667694562947077,negative,0.01772936185288904
1402667694810402816,negative,0.005085040453532411
1402667695439597570,negative,2.0270902079389125e-06
1402667696270020610,negative,0.2917985415262092
1402667696450383873,negative,0.016337877556260122
1402667698874617861,negative,0.08698672919736224
1402667699352842243,negative,0.2022116893880138
1402667700455944200,negative,0.16870188891786503
1402667700460077058,negative,0.006860538587899262
1402667701613498368,negative,0.013769791888127107
1402667702284697601,negative,1.9734123545387822e-05
1402667702397943815,negative,0.0987784634572506
1402667702775394306,negative,0.04531491646821888
1402667704050458624,positive,0.8166729393871575
1402667704151166995,negative,0.0017633497268493168
1402667705807822857,negative,0.007008275262967404
1402667706533437441,negative,0.09063579499909426
1402667706625802241,negative,0.15095590544026627
1402667706692800523,negative,0.2573883729122583
1402667707036807168,negative,0.005232146832889419
1402667707707834378,negative,0.012454240225287173
1402667708068552708,negative,0.19311067094070053
1402667708228018177,negative,0.027264704448294954
1402667708647456773,negative,0.09000872087949513
1402667710081912838,negative,0.00010396183939087552
1402667711382102023,negative,3.553674381931605e-05
1402667711516323843,positive,0.742605423703796
1402667712363573264,negative,0.09063579499909426
1402667712468426753,negative,0.09897658446053365
1402667712795463685,negative,0.09862418788743404
1402667715056357381,negative,2.1449042302717276e-06
1402667715245006855,negative,3.78817458945562e-05
1402667716230619138,negative,0.12218116507000928
1402667717518368774,negative,0.003991451006001597
1402667718243926023,negative,0.013922890842405607
1402667718533320710,negative,0.0003346313041123455
1402667720164978690,negative,0.004965022612714952
1402667720341139459,negative,0.007087933234741652
1402667721758855169,negative,0.0004108780365218857
1402667722706755586,negative,0.2369710931082333
1402667722836787207,negative,0.0001719735720332356
1402667723243634690,negative,0.06911100210766787
1402667723734327296,negative,0.23871696831429615
1402667723738566666,negative,0.0020697829321759337
1402667723847577608,positive,0.669903218429456
1402667723876864002,negative,0.002464332697994044
1402667725391118347,negative,0.01723932388830367
1402667726527774720,negative,0.008025792379028892
1402667728540999685,negative,2.9263199475100144e-11
1402667728910139392,negative,8.952533473807893e-11
1402667729279143936,negative,0.29212907571123553
1402667729522499595,negative,1.7155590991088482e-05
1402667730034212867,negative,0.05077761273775463
1402667730201985024,negative,0.007356294711303338
1402667730793373703,negative,0.043642099552369244
1402667730881454084,negative,0.0049573332060130594
1402667730973626372,negative,0.00099820638165967
1402667731464433670,neutral,0.655450136834394
1402667731682476043,negative,0.002912664424265548
1402667732227837962,negative,0.02300509996377304
1402667732752080896,positive,0.7333198910712643
1402667732882137088,negative,0.20655263226964274
1402667732890533888,negative,0.011488307187773262
1402667733683261446,negative,0.26842186081646563
1402667734723407875,negative,0.09089739463017658
1402667734761099273,negative,0.10470891443198739
1402667734970765312,negative,1.954840725345923e-08
1402667737558700034,negative,0.0024143473325932406
1402667738267586560,negative,0.005828059579880551
1402667739030949890,negative,0.00020268668104642557
1402667739228131334,negative,0.014103608038195046
1402667740389904385,negative,0.02074895161880797
1402667740666777608,negative,8.267322808886699e-08
1402667740805144578,negative,0.02048006926545037
1402667741014863873,negative,0.0002457292985424539
1402667742415699970,negative,8.7524262074723e-05
1402667743233679360,negative,0.286652047949747
1402667744575823872,negative,0.00020268668104642557
1402667745070751746,neutral,0.3402002040945113
1402667745137860614,negative,0.17658388021993474
1402667746337382404,negative,0.0032721089970619752
1402667747302051840,neutral,0.3403391890910929
1402667747968946179,negative,1.7155590991088482e-05
1402667748572942342,neutral,0.46127768308170247
1402667750317772801,negative,0.00019899615345773472
1402667751064354822,negative,1.715181741330721e-09
1402667752284901381,negative,0.036770550273226496
1402667754709266434,negative,0.012454240225287173
1402667755036422154,negative,3.5345043381380393e-06
1402667755514519553,neutral,0.40909563371415475
1402667757016133636,neutral,0.45865158599960215
1402667757779492870,neutral,0.49789225920557484
1402667760241594381,negative,1.7155590991088482e-05
1402667760782647301,negative,4.1174582979509865e-06
1402667760853811200,negative,0.014421615694485428
1402667760992370695,negative,0.001110058851413393
1402667764347768836,negative,0.32359009059143207
1402667765844963330,neutral,0.37613281431482276
1402667767984181252,neutral,0.49789225920557484
1402667769448042502,neutral,0.40909563371415475
1402667770593136641,negative,0.0024969851727082754
1402667770836361225,negative,6.282338977241946e-05
1402667771251597315,positive,0.9999394012415423
1402667771540951044,negative,0.00031189835316721706
1402667772858048516,negative,0.2812124665127172
1402667774091141122,negative,0.08164280229089323
1402667777333288965,negative,3.0642926002184253e-07
1402667778465742858,negative,0.17328088930993518
1402667780349042689,negative,5.179283770616476e-06
1402667780600745989,negative,0.016161020143756612
1402667780604895232,negative,0.02289340141897936
1402667780730720266,negative,0.21711018991749798
1402667782148431872,negative,0.0008268015568464338
1402667782907600901,positive,0.9016049308755549
1402667782907613185,negative,0.012147366086952691
1402667784505638913,neutral,0.36478944840203453
1402667788175560709,negative,0.040491622758659286
1402667790058786816,neutral,0.34225780524942395
1402667790377623555,negative,0.027264704448294954
1402667792097329154,negative,0.01098975435093792
1402667792520859648,negative,0.062370033566031706
1402667792881627142,negative,0.0004327989725885344
1402667793078702084,negative,0.09817661975693076
1402667795536568329,negative,0.003792407934864152
1402667796731936768,negative,0.007087933234741652
1402667797105233922,negative,0.05935936005919112
1402667797835026437,negative,0.006580696910035547
1402667798015483912,neutral,0.4274047939449264
1402667798413852673,positive,0.7741521231646545
1402667798548074497,negative,0.02453315194810153
1402667800355872774,negative,0.10794391359306882
1402667800477450246,neutral,0.6450906080214386
1402667801257598978,negative,7.038205899160044e-06
1402667802276859911,negative,0.26842186081646563
1402667803522502656,negative,0.0020697829321759337
1402667805028360199,neutral,0.4990484376671557
1402667806055874564,negative,0.0006443799368270282
1402667806542503940,negative,0.03445145455856148
1402667806798368774,positive,0.8122869640975685
1402667807406542850,neutral,0.49789225920557484
1402667807712628741,negative,0.003921388540320462
1402667807725264899,negative,0.005898518559462004
1402667809235255296,negative,0.061984028053968916
1402667810095046658,negative,0.02289340141897936
1402667811479113735,negative,0.22881414534057185
1402667812217315330,negative,0.03865664213662935
1402667813249208320,negative,0.08529043541369931
1402667814591344643,positive,0.9006154933877665
1402667815320969218,neutral,0.631382490764391
1402667817124651012,negative,0.03134275455125382
1402667817133035531,negative,0.01647685882699477
1402667817808375812,negative,0.0008831024496277283
1402667817904873479,negative,0.02672052854948553
1402667818043195394,negative,3.65078061975497e-13
1402667819699933191,negative,0.25524299138047074
1402667820169695236,negative,0.03642942025312162
1402667820903718918,negative,0.0007197847378646633
1402667821151236104,negative,0.21433552074450707
1402667823936200708,negative,0.048362168256820125
1402667824129134611,negative,1.715181741330721e-09
1402667826108940296,negative,0.0024969851727082754
1402667826566078467,negative,0.12218116507000928
1402667826704490507,negative,0.0004493918342676687
1402667827111333891,negative,5.316280055847816e-07
1402667828067643400,negative,0.1479727152205862
1402667828734484481,positive,0.7355093453736364
1402667828797399041,negative,0.023497998641403933
1402667829929914375,negative,0.000100436036556729
1402667831930589184,negative,0.036770550273226496
1402667832924545035,negative,0.0015030933171887597
1402667833142697987,negative,0.05270228538166938
1402667836745601036,negative,1.654803376791908e-05
1402667837987115008,negative,0.31823262333707925
1402667838163210240,negative,8.665185069612839e-05
1402667838314274818,negative,0.06768258248407405
1402667839220240384,neutral,0.5136446707795853
1402667839451013130,negative,0.013329478111476004
1402667841392893953,positive,0.9999394012415423
1402667841539686402,negative,0.0024350585082734077
1402667842974089216,neutral,0.48179817921502277
1402667843087474690,negative,0.036770550273226496
1402667843922149376,negative,0.002565575871592853
1402667844517695499,negative,0.08307486720868275
1402667844731559949,negative,7.609306788996476e-05
1402667844865830916,negative,0.01244078543192746
1402667846438694917,negative,0.008937071370953306
1402667846501548036,negative,0.0011763200837078098
1402667847101386759,negative,0.008846084428780715
1402667848556847117,negative,0.013767034408337927
1402667850536525824,negative,0.27559690975127804
1402667850775605249,negative,0.0010144968093979934
1402667851383721985,negative,0.15065161483912415
1402667852717563907,negative,0.014356967336812859
1402667854495891466,neutral,0.49789225920557484
1402667855779352583,negative,4.1895262084846895e-09
1402667856492367872,negative,0.0008831024496277283
1402667856949616642,negative,2.628414154356387e-05
1402667857591209985,negative,0.0001627365724251321
1402667857956200451,negative,5.2213485171931024e-08
1402667858509828097,negative,0.0018442231166018643
1402667859344605184,negative,0.09063579499909426
1402667859872866308,neutral,0.3460417071649545
1402667860045045765,negative,1.2641583203539193e-07
1402667860443422724,negative,0.00407926509311509
1402667860825157635,negative,0.14084918364227353
1402667861982785539,negative,0.0945841631187068
1402667862293090307,neutral,0.40909563371415475
1402667862846853120,negative,0.0004108780365218857
1402667864662941696,negative,9.549770559490231e-05
1402667864910438402,negative,0.06198209137584043
1402667866848104453,negative,0.08352982280544467
1402667866860752898,negative,0.25713377043441715
1402667868353859584,negative,0.002809629413305818
1402667868936978434,negative,0.003991451006001597
1402667869758963727,negative,0.2022116893880138
1402667871596077061,negative,2.7056960020155602e-05
1402667871671619586,negative,0.08543196536840324
1402667874091606020,negative,0.20168870812496728
1402667874737602561,negative,0.1533324637734084
1402667876033650689,negative,0.00014980108987003388
1402667876260233217,neutral,0.3436005173051474
1402667880249020427,negative,2.7056960020155602e-05
1402667881230393348,negative,0.184111880386871
1402667882887122951,negative,0.026042702917695452
1402667883134599169,negative,0.009141547904391265
1402667883658940421,neutral,0.3456715980934776
1402667884418146306,negative,0.0925928539506085
1402667884783022083,negative,0.002354310849354029
1402667884808130565,negative,0.32359009059143207
1402667889321201664,negative,0.002947466172263405
1402667889883332609,negative,1.7155590991088482e-05
1402667890646585350,neutral,0.40909563371415475
1402667890684444676,negative,0.05984740390284843
1402667891271548934,negative,0.018872347737489616
1402667891342913541,neutral,0.6450906080214386
1402667891548426244,negative,1.7884014789873945e-10
1402667892580225025,negative,0.012454240225287173
1402667894056570883,negative,0.17550907211553363
1402667894597689344,negative,0.16067476549777723
1402667895113584643,negative,0.05933202814165601
1402667895117787138,negative,2.6546286355936923e-07
1402667898309652480,negative,0.0027934106010544598
1402667899433766912,negative,0.10470891443198739
1402667899714605056,negative,0.006796617225349921
1402667900121518085,negative,0.002455616782483314
1402667900494811136,negative,0.21433552074450707
1402667900511588352,negative,0.043079622119323965
1402667901308608512,negative,0.032820540497756054
1402667902441041920,negative,2.1070433579107123e-05
1402667902751358979,negative,0.05966088061594133
1402667904068325376,negative,0.0049573332060130594
1402667904139661316,negative,0.11794983638474398
1402667906123636740,negative,0.001229578094973887
1402667906727518211,negative,0.0016536060704193272
1402667907621007364,negative,0.02300509996377304
1402667907650314257,neutral,0.4407686014587586
1402667907981746180,negative,2.486796468923011e-11
1402667908195569665,neutral,0.48770321160836727
1402667913174261779,negative,1.0350669788021496e-06
1402667913266532368,neutral,0.4117506057722622
1402667914323533824,negative,0.00012786151300903288
1402667915523112960,negative,0.1063633771235493
1402667916135436289,neutral,0.43650827235173184
1402667916470980619,neutral,0.40909563371415475
1402667917041442819,negative,2.6546286355936923e-07
1402667918056361986,negative,0.010523613045878094
1402667918249410570,negative,0.06911100210766787
1402667918828183555,negative,7.901228358052136e-06
1402667919037898754,negative,1.6056473366064882e-05
1402667919172116484,negative,2.6546286355936923e-07
1402667921923620872,negative,0.20577266440522052
1402667921969721347,negative,0.00925704671132747
1402667922233954305,negative,0.3086136206534106
1402667923433562117,negative,0.21433552074450707
1402667924977065985,negative,0.048564867156269044
1402667925669134340,negative,0.00029689715027052737
1402667927485173765,negative,1.4552705154115078e-11
1402667929351688193,negative,1.359933183617619e-07
1402667929385177101,negative,6.833087642027128e-05
1402667929523703812,negative,2.6546286355936923e-07
1402667929548775424,neutral,0.3358218310945649
1402667929989156878,negative,1.9158729035862468e-08
1402667931192991745,negative,2.6546286355936923e-07
1402667931528577029,negative,2.2993776776649362e-10
1402667933764132864,negative,2.6546286355936923e-07
1402667934430875654,neutral,0.49667055333059923
1402667934565158916,negative,0.0016856066009950318
1402667935030820865,negative,1.860243930081824e-07
1402667935274045442,negative,3.227383445606553e-05
1402667936913973248,negative,0.04326749920868208
1402667938042236935,negative,1.7117149366812524e-05
1402667938457415685,negative,2.6546286355936923e-07
1402667939422097410,negative,0.0004785317195506054
1402667940307259396,negative,0.009131174859843052
1402667940751740934,negative,0.012452631906876968
1402667941301268483,positive,0.9016049308755549
1402667941406068737,neutral,0.546708242005271
1402667941557067783,negative,2.6546286355936923e-07
1402667941754253317,negative,0.0007197847378646633
1402667942093938690,negative,3.527819709884516e-15
1402667943775944706,negative,0.10341748430430156
1402667943960395784,negative,4.842108556323058e-06
1402667945139052546,positive,0.8122869640975685
1402667946942427136,negative,0.0049573332060130594
1402667947223552005,negative,0.183704218627001
1402667947299119120,neutral,0.33578759158135824
1402667947764682756,negative,0.04492863967087812
1402667947764690951,negative,0.06768258248407405
1402667948188356612,negative,7.513112887258549e-06
1402667948888707072,negative,7.901228358052136e-06
1402667950167965703,negative,0.02086594186491789
1402667950226747395,negative,0.04531491646821888
1402667954089639941,positive,0.9477931060999414
1402667955322765314,negative,2.6546286355936923e-07
1402667956107108355,negative,0.08012228441015917
1402667956186791938,negative,1.5905710758797532e-05
1402667958841745411,negative,4.0325435168533415e-05
1402667958871236610,negative,0.2587274329349849
1402667959697412096,neutral,0.49789225920557484
1402667960045559825,negative,0.000651777212501486
1402667961312219139,negative,2.517841638997742e-08
1402667961865932805,negative,1.6758907114153e-09
1402667962260246529,negative,0.00925704671132747
1402667963354955779,negative,0.0003200643190882924
1402667964168556545,negative,1.0490275466180542e-08
1402667964223180803,negative,0.00014645529661032545
1402667966878076931,negative,0.023885355679652328
1402667966961905664,neutral,0.49667055333059923
1402667967557550091,negative,0.004823030115077858
1402667967557640206,negative,2.6546286355936923e-07
1402667970434904071,negative,6.39973935807529e-05
1402667972079009795,negative,4.51566639405688e-06
1402667972234186755,negative,0.1971814810893419
1402667972393582603,negative,0.0009466437795502501
1402667972494303236,negative,4.840078511566957e-05
1402667973832105988,neutral,0.49667055333059923
1402667974939623430,negative,0.11794983638474398
1402667975539363845,negative,0.01925165865477379
1402667976013369353,negative,0.10657202218426916
1402667977938513926,negative,0.05057258723408661
1402667981155545102,neutral,0.4407686014587586
1402667981159780354,negative,2.6546286355936923e-07
1402667981256204288,negative,0.03119106136200889
1402667982090915842,negative,0.06446761730078081
1402667982208262145,negative,2.6546286355936923e-07
1402667982397001732,negative,2.6546286355936923e-07
1402667982891982858,negative,0.09357388814739642
1402667983680507911,negative,3.1029519730242053e-07
1402667984750010379,negative,0.010035527000572126
1402667987719630852,neutral,0.40909563371415475
1402667988407496708,negative,1.566906780659685e-08
1402667989510541318,negative,0.06826407186997632
1402667990521466884,negative,0.06826407186997632
1402667992199090179,neutral,0.40909563371415475
1402667992324923401,negative,0.009471081438659724
1402667993126117386,negative,0.0522070867456433
1402667993553899525,negative,2.6546286355936923e-07
1402667993557991428,neutral,0.49667055333059923
1402667996724801537,negative,0.03008296023884245
1402667997085454341,neutral,0.3720829298295297
1402667997618188290,negative,2.6546286355936923e-07
1402667998620573707,negative,0.0007387888827479474
1402667999983804416,negative,0.0023607884620746645
1402668000021561346,negative,0.07780057363440793
1402668000214401026,negative,2.457061107693084e-05
1402668001002983429,negative,2.6546286355936923e-07
1402668001003020292,negative,0.036949638782973616
1402668002240249858,negative,0.11794983638474398
1402668005163778052,negative,0.00131849925149206
1402668005331374083,neutral,0.49667055333059923
1402668006430416916,negative,0.0005136245486090949
1402668006904315906,negative,0.00027781516722646336
1402668007328030722,negative,2.6546286355936923e-07
1402668009555169292,neutral,0.4793571960440744
1402668010834378758,negative,0.001029327967710768
1402668011820093441,negative,0.0006632586286337403
1402668012050726918,negative,0.00023679539109141423
1402668013866860545,negative,0.08886044091759142
1402668014038814721,negative,0.1850420746835598
1402668014714167297,negative,0.008868604503301607
1402668014785421314,neutral,0.49789225920557484
1402668016228241417,negative,0.029819503046396665
1402668016308006923,negative,0.012454240225287173
1402668017469775877,negative,0.1889731943884357
1402668017507606532,negative,2.6546286355936923e-07
1402668018988167180,negative,0.0008298153712732674
1402668019604668423,negative,0.16803563649885248
1402668020418351112,negative,0.30905956368035736
1402668020842049538,neutral,0.49789225920557484
1402668022360428545,neutral,0.44846293211155425
1402668023492788235,negative,0.0008091465469828772
1402668023849406464,negative,0.08154071556995883
1402668024654671881,negative,0.010035527000572126
1402668024704942080,negative,1.715181741330721e-09
1402668025174761473,negative,0.19311067094070053
1402668025485135872,negative,0.08766080648078269
1402668027431329798,negative,1.3668689689176108e-07
1402668027607490566,negative,0.003396359672593742
1402668030413488131,negative,0.22055263745985215
1402668030581219331,negative,0.006461041103669117
1402668031252258825,negative,0.0009466437795502501
1402668032833511431,negative,0.010035527000572126
1402668033156526088,negative,0.0005374851474209628
1402668033223630852,negative,1.4375866072899477e-07
1402668033877872642,negative,0.0045581555094107475
1402668033982832642,negative,0.010395002758697062
1402668034838478858,negative,0.0008831024496277283
1402668035002048512,negative,0.0017326786632946868
1402668035211677702,negative,0.0027866758269523015
1402668036000202755,positive,0.8746904086775523
1402668036545339396,negative,0.006683188805047508
1402668037204029448,negative,0.21765975894732212
1402668037535318017,negative,0.19559982304194962
1402668038562979843,negative,0.0005478139747264868
1402668038751670281,negative,0.010035527000572126
1402668039334674441,negative,0.0008262189443620746
1402668039892525057,negative,0.2022116893880138
1402668041100484617,positive,0.9999625209608917
1402668042685927431,negative,0.2040511445371348
1402668043050881026,negative,3.235361937121832e-05
1402668043445100547,negative,0.010035527000572126
1402668043830976516,negative,2.6546286355936923e-07
1402668043860385792,negative,0.06265860095016826
1402668044158128133,negative,0.0009466437795502501
1402668045802291209,negative,0.0251313424037358
1402668047677206539,negative,2.2992089932387167e-09
1402668049682075652,negative,0.012868782190451511
1402668050537758723,negative,0.010460846964037963
1402668052244742150,negative,2.3274324877804144e-06
1402668053410766857,negative,0.014356967336812859
1402668053872119814,negative,0.29212907571123553
1402668054392283139,negative,0.1975383921457794
1402668055726116869,negative,8.7524262074723e-05
1402668056262938635,negative,0.004416760233754933
1402668056275476485,negative,0.2151257578096406
1402668057454071810,neutral,0.3742163587542163
1402668058032934914,positive,0.7355093453736364
1402668058993254408,positive,0.9982550324566966
1402668059005898752,negative,0.005463775973171333
1402668059018489864,negative,0.08063401755387396
1402668059026989057,negative,0.07596832703459422
1402668059081515013,negative,2.6546286355936923e-07
1402668059232509954,neutral,0.40909563371415475
1402668061975584774,negative,0.0009466437795502501
1402668063082811395,negative,0.0027301927041121317
1402668064450256898,negative,0.002244874623491347
1402668065398005763,negative,0.11580891254207387
1402668067767922689,negative,0.23727437078250213
1402668068720025606,negative,0.1400552582422951
1402668069605068807,negative,0.21828042212064488
1402668069781180418,negative,0.11794983638474398
1402668071165337601,negative,0.28164320245108965
1402668071593156616,negative,0.00047782740245459743
1402668071765086214,negative,0.012454240225287173
1402668071769288711,neutral,0.3314485969135163
1402668073933578242,negative,0.004906434838582048
1402668075963629572,neutral,0.47076147797679607
1402668076240457730,negative,0.00131849925149206
1402668077385400340,positive,0.9962735920757743
1402668077762945024,negative,0.001880798666621684
1402668077859446788,negative,2.6546286355936923e-07
1402668078366875656,negative,0.031801046239234826
1402668079021182980,negative,0.13858569004193308
1402668080908668931,negative,0.0009466437795502501
1402668082255048711,neutral,0.33153375840615806
1402668082892509192,negative,0.037666497395637634
1402668085006438406,negative,0.05077761273775463
1402668085576884232,negative,0.18796574318776013
1402668086612926465,negative,0.16785763733754558
1402668087674085377,negative,0.038707597955667986
1402668090966654986,negative,0.002244874623491347
1402668092010999813,negative,0.2508753048210225
1402668093273485314,negative,0.0064753935472871525
1402668093587996676,negative,0.010035527000572126
1402668093797773313,negative,1.7155590991088482e-05
1402668094754074628,negative,0.004382604972999215
1402668095785689090,negative,0.002354310849354029
1402668096268210178,negative,0.0024969851727082754
1402668097924911104,negative,0.20771934817642312
1402668099187400710,negative,4.229418783506657e-08
1402668100621942791,negative,0.24458916848272128
1402668100680568837,negative,0.0013007190429080255
1402668100861022213,negative,0.0007617261025850532
1402668100982616064,negative,0.0024969851727082754
1402668101360041992,neutral,0.6503430015264552
1402668101687201796,negative,0.036964029527073616
1402668104774266885,negative,2.6546286355936923e-07
1402668104933646338,negative,1.715181741330721e-09
1402668105915056136,negative,2.839687859278276e-06
1402668106049372173,neutral,0.3358218310945649
1402668106091270145,negative,9.799672982707666e-11
1402668107383123984,positive,0.7571204224058156
1402668107693449218,negative,0.0028942790106760985
1402668107953369094,neutral,0.49667055333059923
1402668108704366596,negative,0.044032828685222465
1402668109165694979,positive,0.9006154933877665
1402668109182517249,negative,9.002057476188509e-07
1402668109916520455,negative,0.15060517671467383
1402668112256901127,negative,3.9926690661718835e-06
1402668114693742598,negative,0.10383094927073291
1402668117860491269,negative,3.8165366414512967e-05
1402668118946639872,negative,0.10470891443198739
1402668119282302982,negative,1.0213292904720652e-05
1402668122675499011,negative,0.032272145616377285
1402668122881073163,negative,8.542315284633073e-13
1402668124307169286,negative,1.0214546925529841e-08
1402668125963886592,negative,0.013428445321380083
1402668126664335362,neutral,0.539526285423146
1402668128379846660,negative,0.004382604972999215
1402668128384000007,negative,0.00041991427470392017
1402668128417505283,negative,0.006126380613763899
1402668128665063433,neutral,0.3314485969135163
1402668128933400580,negative,0.017443764434759527
1402668128954470402,negative,0.09089739463017658
1402668132020408321,negative,0.00013753806244272084
1402668132582539267,negative,0.03119106136200889
1402668135119982601,negative,0.004823030115077858
1402668135652622340,neutral,0.49667055333059923
1402668139058450445,negative,0.00024599896800850597
1402668140241301507,negative,0.03743094008158859
1402668142913019907,negative,0.008750212003999737
1402668143714127878,negative,0.03500127724217177
1402668144246857746,negative,0.0014667093990658323
1402668144271888393,neutral,0.49667055333059923
1402668144787918850,negative,0.0017633497268493168
1402668146188713988,negative,1.3191462235805317e-06
1402668147954618368,negative,0.2080071253266808
1402668148583813121,positive,0.6637843888968814
1402668149183598593,negative,0.11971529621818829
1402668150865399810,negative,0.16551668740900483
1402668152027336709,negative,0.0029087101405824243
1402668152442458116,negative,0.06254915122727706
1402668152580984836,neutral,0.47697210391394973
1402668153176461321,negative,0.00900961223299116
1402668154879414277,negative,0.09047585515267088
1402668154967322624,negative,0.09063579499909426
1402668157676965888,neutral,0.6056828765674809
1402668157928607746,negative,1.659654200535884e-07
1402668157932904449,negative,0.007087933234741652
1402668158062759938,negative,9.943492614550307e-05
1402668158683602954,negative,0.05935936005919112
1402668159803576326,negative,0.13293674836819105
1402668160118136838,negative,0.03737945204815668
1402668161644777472,negative,0.024589222168249533
1402668162567573505,negative,0.21278880149456827
1402668163599306770,negative,0.0015526845091187037
1402668164635312129,negative,0.30905956368035736
1402668164731781123,negative,0.15612200195600637
1402668165222473731,neutral,0.49667055333059923
1402668166455640069,neutral,0.5534133316493424
1402668166807965701,neutral,0.48038420429752
1402668167797817344,negative,1.1238072885327002e-08
1402668168737345536,negative,2.7056960020155602e-05
1402668170058547202,negative,2.6546286355936923e-07
1402668171157393408,neutral,0.49667055333059923
1402668171233005568,negative,0.08352982280544467
1402668172382294018,negative,0.00014277376071536593
1402668173703487500,negative,4.2295258280660825e-09
1402668173854494722,neutral,0.4513605618894927
1402668174496182272,negative,0.12218116507000928
1402668174634536969,negative,0.2095916971248818
1402668175834091523,negative,2.6546286355936923e-07
1402668176215789569,negative,0.010035527000572126
1402668176391946251,negative,9.595717132260925e-10
1402668176714866695,neutral,0.3697178874513354
1402668177860005888,negative,0.000369928595155957
1402668177922928648,negative,0.011488307187773262
1402668178480799745,negative,0.03119106136200889
1402668182566060034,negative,0.0008831024496277283
1402668183518068740,negative,0.012452631906876968
1402668183555907586,neutral,0.33089573307905706
1402668184159887367,negative,0.06901945562664201
1402668184398880776,negative,0.0004603037525702616
1402668185409802246,negative,0.014335261269308881
1402668185464213512,negative,2.6546286355936923e-07
1402668186391269376,negative,0.0003284853608542792
1402668187968229381,negative,0.00029462230944239497
1402668190531006471,negative,0.008005472602690288
1402668191193653253,negative,0.00031038808691746767
1402668191374008323,negative,0.31431858836719523
1402668192875622402,negative,0.007356294711303338
1402668195392143370,negative,1.7984251141311512e-07
1402668195765538827,negative,0.06826407186997632
1402668195991986182,negative,0.0028477124498894504
1402668197162196998,negative,0.17775370934866014
1402668199779340294,neutral,0.42159194423265695
1402668200123305995,negative,0.000387771462696281
1402668200169545733,negative,0.00036755687275733667
1402668202014937088,negative,0.004461868754157973
1402668203520802825,negative,0.010035527000572126
1402668204963553283,neutral,0.37613281431482276
1402668207073370118,negative,2.6546286355936923e-07
1402668207253737481,negative,0.059643056445841655
1402668208163901445,negative,0.004154255816638835
1402668209841508361,negative,2.7056960020155602e-05
1402668210420391943,negative,0.1306412671821027
1402668212723109888,negative,0.11507652715454453
1402668213062807558,negative,0.00013902252961576944
1402668213746507781,negative,0.011488778375649
1402668214262317057,negative,7.562051690066282e-07
1402668214866350085,negative,0.007087933234741652
1402668214916689924,negative,9.108594879559407e-06
1402668214925070336,negative,1.2395213692982297e-08
1402668215352926219,neutral,0.3697178874513354
1402668216363724809,negative,0.0006934945785756647
1402668217995251712,negative,0.11794983638474398
1402668219593330690,negative,0.1438813972593036
1402668219752751110,negative,3.4220175998551705e-05
1402668219756953608,negative,0.29212907571123553
1402668220285345792,negative,0.1550815349476316
1402668220860010502,neutral,0.3734015440748126
1402668220910247948,negative,0.03645638597004736
1402668222198001666,neutral,0.5293700225891195
1402668223078846469,negative,2.6546286355936923e-07
1402668224274108421,negative,0.0030297368454360336
1402668224739749891,negative,0.019368063923971366
1402668225066901514,negative,0.0009466437795502501
1402668226614632455,negative,0.004201496828633083
1402668227109408769,neutral,0.37613281431482276
1402668227227000834,negative,1.7155590991088482e-05
1402668229504421888,negative,0.1781824345509373
1402668230326603782,negative,0.004382604972999215
1402668230947319811,negative,2.6546286355936923e-07
1402668231685545998,negative,0.08154071556995883
1402668234298494979,negative,0.21634439936915262
1402668234906669062,negative,0.043642099552369244
1402668235552591873,negative,3.9647712942790385e-08
1402668236194332674,negative,0.0029575094228790873
1402668237775646723,negative,2.325645119287204e-09
1402668239147221002,negative,0.12218116507000928
1402668243270184960,neutral,0.3345390394435076
1402668246596214786,neutral,0.40909563371415475
1402668247338659843,negative,7.354249426020352e-05
1402668247971999753,negative,0.023636402689287756
1402668247992971271,negative,9.499972316174974e-06
1402668249398063111,negative,4.9533846583167394e-05
1402668251688181761,negative,0.25666645250243314
1402668252023697419,negative,2.6546286355936923e-07
1402668252648587269,negative,0.07379963277091922
1402668252854206465,negative,9.290609379547144e-05
1402668254334799882,negative,1.0056366528180968e-05
1402668255295197189,negative,4.741470845526375e-06
1402668256058544128,neutral,0.3697178874513354
1402668260676489219,negative,2.9598048832351593e-06
1402668261515333643,negative,0.00020458125538298845
1402668263264378882,negative,0.00014296227653321232
1402668263398686727,negative,1.1200281700231804e-07
1402668264304566276,negative,0.11327723531627173
1402668265609084931,negative,0.2537628620422386
1402668265902645251,negative,1.4994657204543906e-06
1402668266674401282,negative,0.11606074173597973
1402668269648101381,negative,1.8461038208551186e-05
1402668271946584068,negative,0.11794983638474398
1402668272059883524,neutral,0.3726847435457324
1402668272588361728,negative,0.27466417318923964
1402668272860942345,negative,0.15095590544026627
1402668273557192704,negative,0.031381654928009005
1402668274878402560,negative,0.10048146821719932
1402668275641860098,negative,0.009119412992262842
1402668276342300683,negative,0.0006566657696889813
1402668277235699713,negative,0.008655101305493995
1402668277411856384,negative,1.7155590991088482e-05
1402668278313533442,neutral,0.3358218310945649
1402668279353778189,negative,0.27935976696785675
1402668281832558595,negative,0.09063579499909426
1402668283728437252,negative,0.010035527000572126
1402668285724872705,negative,0.06901945562664201
1402668287511740417,negative,0.25149332066804553
1402668288132460544,negative,0.016370615450332568
1402668288757407748,negative,0.0064753935472871525
1402668290120552455,neutral,0.40909563371415475
1402668290531549184,neutral,0.49789225920557484
1402668290850398213,negative,0.002354310849354029
1402668291504717825,negative,0.2531841563438686
1402668292670562306,negative,0.13720017339264573
1402668296806207489,negative,8.482566004817207e-05
1402668298483949574,negative,0.020646157202004356
1402668298962153480,negative,8.482566004817207e-05
1402668299184451584,negative,9.76633276692652e-05
1402668300304326658,negative,0.15385728526935516
1402668300845338632,neutral,0.5976391073968749
1402668301889818627,negative,0.0007197847378646633
1402668301981999108,neutral,0.3473101901087073
1402668302674051076,negative,0.1773930226506268
1402668303135412224,negative,1.8069480455566356e-05
1402668304163028993,negative,0.046759179313988534
1402668305714909192,negative,0.0017633497268493168
1402668306478346249,negative,0.003682934380836148
1402668306549645320,negative,0.00044440423554257445
1402668307262717954,negative,0.2781952251549851
1402668307279405058,negative,0.276990151995389
1402668310009876483,negative,1.331430264248948e-09
1402668310731370499,neutral,0.577716288036923
1402668312195121154,negative,0.21765975894732212
1402668313025601537,negative,5.52764408139473e-08
1402668313709318153,negative,0.04123951244543044
1402668314879528962,neutral,0.4212189878445426
1402668314904698888,neutral,0.3697178874513354
1402668315915526144,negative,0.013767034408337927
1402668316909527047,negative,0.011488307187773262
1402668318973177858,negative,0.2665341279904151
1402668319354806272,negative,2.6546286355936923e-07
1402668320294420489,negative,6.0246006261078535e-05
1402668320843837444,negative,0.1976902678632384
1402668321040961544,negative,0.00033778518440813064
1402668321472983051,neutral,0.5534133316493424
1402668322353647620,negative,0.009936101856449827
1402668326472630277,negative,5.1547418745393374e-08
1402668327412056064,negative,0.14164385934124366
1402668327625965573,negative,0.004154255816638835
1402668328561295374,negative,0.06255523664204865
1402668328708104200,negative,8.482566004817207e-05
1402668330037788677,neutral,0.3440181575607844
1402668332348628993,negative,0.0036963589127610784
1402668333737054219,negative,1.3559161763660504e-06
1402668333934288896,negative,0.3079211287249981
1402668335339290626,negative,0.11631075341118745
1402668337348349952,negative,0.3074649068007733
1402668337474293761,negative,0.11794983638474398
1402668338275307523,negative,1.7314909433563464e-07
1402668338732482570,negative,0.1263521448062956
1402668339563016192,negative,0.00131849925149206
1402668340527734784,negative,0.11012112377330881
1402668341182013445,negative,0.0012786319277773702
1402668343715373067,negative,0.05077867915133437
1402668344378019847,negative,0.00012039864799905328
1402668345539940353,negative,2.4362198286108885e-05
1402668347528028169,positive,0.8302821526942985
1402668347670634502,negative,0.0008621631469689275
1402668348190642183,negative,0.013031897450225661
1402668350719901702,negative,0.19063525551811178
1402668351055446018,neutral,0.3995875664327058
1402668352523358215,negative,1.7510199696280352e-09
1402668354003943424,negative,0.006618947693123808
1402668355052621824,negative,0.089204090342988
1402668355820175364,negative,2.263026473407109e-05
1402668355962740738,negative,0.003678917774874617
1402668356960915465,negative,1.5164505749318693e-06
1402668360463273987,negative,0.00027781516722646336
1402668360979058692,positive,0.9641187391326468
1402668364443574278,positive,0.9998540276138693
1402668364603052033,negative,0.10548431774034235
1402668365798428681,negative,0.09241187123740884
1402668366196883461,negative,0.3029968537174699
1402668368314998786,positive,0.689162549895392
1402668369808080902,positive,0.7242260921602276
1402668371200688136,neutral,0.45865158599960215
1402668372018356230,negative,0.002354310849354029
1402668373465575428,negative,0.014395733799971921
1402668373658460161,negative,0.27286022323195247
1402668373843103745,negative,2.4722469112114125e-06
1402668374493175813,negative,8.576128658187787e-05
1402668375927631875,negative,0.11794983638474398
1402668376204484609,neutral,0.3358218310945649
1402668376468693002,neutral,0.3552960078991942
1402668376565157892,negative,0.0008994503340698275
1402668377022382081,negative,0.014356967336812859
1402668377752100866,negative,8.482566004817207e-05
1402668378528129024,negative,0.039656571762138465
1402668380377788421,negative,0.004154255816638835
1402668383896850437,negative,0.06632756837620918
1402668383963910146,negative,0.07079173276277703
1402668384362373122,positive,0.9024686363835621
1402668384655974400,neutral,0.40909563371415475
1402668385314430980,neutral,0.568440926224993
1402668388703408133,negative,0.11556632476683736
1402668388770533377,neutral,0.34749531721943705
1402668391115202565,negative,0.08352982280544467
1402668391555534849,negative,0.09063579499909426
1402668391660457990,neutral,0.3569643381022693
1402668394298499072,negative,0.0011360352311063412
1402668394718040067,negative,0.027882263835012605
1402668395829547014,negative,0.3220340700560202
1402668396572024836,negative,0.1645570995182448
1402668396639031299,negative,0.06919583776541025
1402668398841040897,negative,0.0009466437795502501
1402668398904025090,negative,0.03119106136200889
1402668399478648833,negative,5.179283770616476e-06
1402668400019652623,negative,0.07379963277091922
1402668400917286921,negative,0.01278903330849441
1402668401718435849,negative,0.11794983638474398
1402668401944891394,negative,0.05270228538166938
1402668402163044353,negative,0.0006545985169332638
1402668402951569411,negative,4.977159646996711e-09
1402668403609976834,neutral,0.47219346026268355
1402668403899445261,negative,0.001110058851413393
1402668405375868937,negative,0.0015191076481023463
1402668405992431616,negative,0.023497998641403933
1402668406697046019,negative,2.6546286355936923e-07
1402668409582665730,negative,0.10383094927073291
1402668409586921478,negative,0.027190192578553537
1402668412082475016,negative,5.916436337466198e-10
1402668413797867524,negative,0.13339317767866538
1402668414318125061,positive,0.983043083827059
1402668415484055554,negative,0.0024969851727082754
1402668416893263876,negative,0.002590198962193996
1402668419351302144,negative,1.0671069585747595e-05
1402668419409924107,negative,0.2411171381745548
1402668419925827592,negative,0.2022116893880138
1402668421418991625,negative,0.031770766739900265
1402668421544824833,negative,0.0027301927041121317
1402668427936940036,negative,0.0004379494246390637
1402668429543411715,negative,0.30337400756655225
1402668429870514177,negative,0.21390180868057299
1402668430084476933,negative,0.3079211287249981
1402668433729331205,negative,7.851780181092926e-05
1402668433825796098,neutral,0.5871855738135832
1402668434316484608,negative,0.002912664424265548
1402668435578970121,negative,0.06904187015378999
1402668438661828609,negative,0.1781824345509373
1402668439286730753,negative,8.333600019491083e-11
1402668439555215360,negative,0.0008649576080964649
1402668440347942928,negative,0.0064753935472871525
1402668443124617226,negative,0.00010493023636037592
1402668443313356801,negative,0.06255523664204865
1402668444047265793,negative,0.03737945204815668
1402668444546445314,negative,0.0002265469022024796
1402668445624410114,negative,5.5460148343358816e-12
1402668448090574854,negative,0.044312274810746635
1402668449344675845,negative,0.08308470536041589
1402668449348952065,negative,1.8108255623374292e-06
1402668452859482120,negative,0.067944319356639
1402668453253746696,neutral,0.3828234851352454
1402668455086731264,negative,2.6546286355936923e-07
1402668455699091464,negative,8.935899420308488e-08
1402668460497420294,negative,0.04531491646821888
1402668460765847558,negative,0.04211714422806627
1402668460849631236,negative,0.0001719735720332356
1402668461453611010,negative,0.11794983638474398
1402668463374622720,neutral,0.5136446707795853
1402668463945093122,negative,0.034062036387454225
1402668465522085888,neutral,0.4164268860941856
1402668467791306757,negative,0.11473570771435279
1402668468583940099,negative,1.6056473366064882e-05
1402668472669249541,negative,0.00013764086836418822
1402668474040733698,negative,8.260204335784743e-06
1402668474565107716,negative,0.32709770686772627
1402668474925731840,negative,0.04893116096828002
1402668475814907906,negative,0.0008831024496277283
1402668476808974336,negative,0.03702118417703629
1402668476972605445,negative,2.7562263720799416e-06
1402668479979962373,negative,0.006083656991678531
1402668480143495168,negative,1.8108255623374292e-06
1402668483444359168,negative,0.0007405660343404801
1402668483532439554,negative,0.011488307187773262
1402668484002291714,negative,0.007738784235248033
1402668484023181318,negative,0.09844770285471544
1402668487194128389,negative,0.0006934945785756647
1402668488276299777,negative,0.009131174859843052
1402668490415382528,negative,8.482566004817207e-05
1402668491438710784,negative,0.011488307187773262
1402668491493228549,negative,0.06098369733192535
1402668491501674500,negative,2.0439218191908994e-05
1402668491774337024,negative,0.00925704671132747
1402668492206317578,negative,0.0024969851727082754
1402668493271617536,negative,8.482566004817207e-05
1402668493334581250,negative,1.9405142389510996e-09
1402668494135701506,negative,0.13029365555197214
1402668494437720065,negative,0.006078841104245982
1402668495289126913,negative,0.04263447240858356
1402668495435927556,negative,8.482566004817207e-05
1402668499785375748,positive,0.9164731863000132
1402668500544589825,negative,9.498822433775615e-07
1402668500611706881,negative,0.001046948164390332
1402668501500846080,negative,0.21765975894732212
1402668504130723842,negative,0.0011548208407915752
1402668508064980994,negative,0.1046361762446957
1402668509411299331,negative,7.460494123933588e-08
1402668509516214282,negative,0.011488307187773262
1402668510455730180,neutral,0.37613281431482276
1402668512062033921,negative,0.1257529575674506
1402668513958023168,positive,0.9668315073034859
1402668515199438850,negative,0.001110058851413393
1402668515899940870,negative,0.0005622101159735747
1402668516394819586,negative,0.02398979023735445
1402668516520738818,negative,3.8989097477431545e-05
1402668518018109441,negative,0.05090432911346711
1402668518357749760,negative,0.007700693818652737
1402668518370332679,negative,5.833845698595368e-06
1402668518429003778,negative,1.3444421965518204e-10
1402668518437498881,negative,5.398029510363925e-05
1402668519469240321,negative,0.22881414534057185
1402668523575336961,negative,0.0011548208407915752
1402668525144186882,negative,0.07707403770577731
1402668525831983121,negative,0.01556919850622141
1402668528961048581,negative,0.010649825571330783
1402668529820839946,negative,0.03702118417703629
1402668531045617666,negative,0.03296413436722156
1402668531536351237,negative,0.20109671947540547
1402668533755097090,negative,0.001501474242999736
1402668535013388289,negative,0.000141350631483995
1402668535319568390,negative,2.6546286355936923e-07
1402668535646769161,negative,0.1492224762640142
1402668536212852736,negative,5.929009339148789e-07
1402668537039265799,negative,3.78817458945562e-05
1402668542705733640,negative,5.610979801155129e-07
1402668543649406983,negative,0.1534692409847939
1402668544102486021,negative,0.0024969851727082754
1402668545583026176,neutral,0.5918729194682458
1402668545968947200,negative,0.00925704671132747
1402668546744856577,negative,0.22493346794813412
1402668547432660994,negative,0.10470891443198739
1402668550045712395,negative,0.023197139729662298
1402668550683250692,negative,0.0006766124413387713
1402668551027187712,negative,0.0008994503340698275
1402668552444858368,neutral,0.49789225920557484
1402668553061519362,negative,0.001110058851413393
1402668553791324166,negative,0.18715311207137042
1402668556005920768,negative,0.03500127724217177
1402668556559556609,neutral,0.5285438683033102
1402668556995764225,negative,0.04211714422806627
1402668559726227456,negative,0.011608795687469134
1402668560690860034,negative,0.013031897450225661
1402668561303314445,positive,0.8166729393871575
1402668562200809483,negative,0.21433552074450707
1402668562343510026,negative,2.7056960020155602e-05
1402668562364260355,neutral,0.3614997989027417
1402668563383660544,negative,0.07313166769299344
1402668565715636238,negative,0.0522070867456433
1402668566227341313,negative,0.032087245042292316
1402668567473098753,negative,0.006558162115234629
1402668567871606791,negative,0.0049573332060130594
1402668568345464833,negative,0.0009466437795502501
1402668574154575880,negative,0.06917279919186019
1402668574779510791,negative,0.22864906974311708
1402668574842425352,negative,0.0009466437795502501
1402668575001878528,positive,0.9937682970077746
1402668578311180288,negative,0.18796574318776013
1402668579829452801,neutral,0.6334027743465328
1402668579913359373,negative,4.741470845526375e-06
1402668580479586307,neutral,0.40909563371415475
1402668581704327170,negative,0.09422356446987117
1402668582845231105,negative,1.715181741330721e-09
1402668583268884481,neutral,0.3485344618095466
1402668586980814851,negative,0.0024969851727082754
1402668587945545730,negative,0.3079211287249981
1402668588369121282,negative,0.0016791776784138505
1402668590424281093,negative,0.05090432911346711
1402668591456178182,neutral,0.40909563371415475
1402668591678382080,negative,0.005629741426136483
1402668593867857921,negative,0.1652486847534666
1402668597713965061,negative,0.028619848077944116
1402668598980661250,negative,1.1028000173532944e-07
1402668599098159111,negative,3.781235637054854e-07
1402668599655927814,negative,0.0010388384586061433
1402668604345274371,negative,0.11794983638474398
1402668604932374532,negative,0.08583030375698056
1402668605565812743,negative,0.11794983638474398
1402668606492663818,positive,0.9998540276138693
1402668606975098880,negative,0.09085838354094262
1402668607847514119,negative,3.4387071747029143e-06
1402668608476651525,negative,0.18796574318776013
1402668609407684609,negative,2.6546286355936923e-07
1402668609831424000,negative,1.4155767989618051e-08
1402668610938605573,negative,0.004376671231315208
1402668611114881025,negative,0.00024509016212284146
1402668612364668929,negative,3.873927413849796e-06
1402668613069414400,neutral,0.4850761093080354
1402668613551759366,negative,0.0724700306923943
1402668613807624195,positive,0.7090399263615428
1402668615241961476,negative,4.105583086001163e-09
1402668616990986244,negative,0.2449762120263307
1402668617355890698,negative,1.3729155127632724e-09
1402668621189550082,neutral,0.3358218310945649
1402668621252468739,negative,0.06826407186997632
1402668621436960772,negative,0.08570357989883162
1402668622728806402,negative,0.10802952346810099
1402668624528224259,negative,0.001110058851413393
1402668628680622086,neutral,0.38123585865249665
1402668629179744266,negative,3.0304880020551337e-07
1402668630115028992,negative,0.08766080648078269
1402668630437998596,negative,0.0021237407661403563
1402668631293636609,negative,0.035300904113082655
1402668632287686661,neutral,0.3358218310945649
1402668633424343043,negative,0.0039529982928059116
1402668633462030338,negative,0.011126689875891467
1402668633684316169,negative,8.7524262074723e-05
1402668634628108296,negative,2.1245223847036787e-07
1402668635617964033,neutral,0.40909563371415475
1402668636268081153,negative,9.007480661182809e-05
1402668636855320580,negative,0.31251327812974533
1402668637446680577,negative,0.010035527000572126
1402668637773832200,negative,0.059371854367166486
1402668638725890050,negative,0.0012637561910216544
1402668639438917636,negative,0.0027866758269523015
1402668641632624640,negative,0.29600894280344103
1402668641640980484,negative,0.0008001771973809316
1402668642135949315,negative,1.3175818450237624e-06
1402668643088060416,negative,0.015315451196854176
1402668645109714948,negative,1.1349813418850726e-09
1402668651241693184,negative,6.932390577271214e-06
1402668652332208128,negative,0.042477828689977876
1402668653636730880,neutral,0.6372542516571202
1402668653842210816,negative,0.08326051732954824
1402668653913456647,negative,8.853270499665208e-05
1402668654005829635,neutral,0.5084631342331715
1402668655394050048,positive,0.8619084794855766
1402668656023248902,negative,0.06255523664204865
1402668656773980167,neutral,0.40909563371415475
1402668662260219913,negative,0.2812124665127172
1402668663518515206,negative,0.043642099552369244
1402668665175220225,negative,0.012723002037431924
1402668670309048322,negative,8.482566004817207e-05
1402668673823875077,negative,0.20396631214241284
1402668674117472258,negative,0.03059040500117155
1402668685735743488,negative,0.03445924059041885
1402668688256425990,neutral,0.49789225920557484
1402668691104452615,neutral,0.6164125889644493
1402668691318136833,negative,1.2961550575340944e-06
1402668692803145731,negative,0.014048099166578263
1402668696233992204,negative,0.030259398275867485
1402668700466089989,negative,6.8056239917826645e-09
1402668704958189576,negative,0.04326749920868208
1402668706551980034,negative,2.5923312928956752e-06
1402668709613801472,negative,0.00122819101962894
1402668712579276809,negative,0.14278373290122653
1402668713527156736,negative,0.04326749920868208
1402668713942335490,negative,0.0018363585259087755
1402668719059439618,negative,0.22493346794813412
1402668722981068800,negative,0.06375730089056249
1402668727397662729,negative,0.09089739463017658
1402668735454928897,negative,0.03702118417703629
1402668735815618571,negative,0.06534243167725051
1402668737984176131,negative,2.628414154356387e-05
1402668739959705606,negative,0.0025722891107298937
1402668741817733133,negative,0.0016922641965132893
1402668742132305928,neutral,0.4678356693752491
1402668745974333450,negative,0.148425211534393
1402668750449557509,negative,0.00020516165817247885
1402668756904599556,negative,0.1189076974072669
1402668757923864582,negative,8.7524262074723e-05
1402668768145330181,negative,0.0011548208407915752
1402668770968150021,negative,0.024991786768085826
1402668772708728835,negative,0.0017596214879161205
1402668774780776451,neutral,0.6450906080214386
1402668774940196869,negative,0.18290459928155547
1402668777670651912,positive,0.954267856653197
1402668778048180229,neutral,0.40909563371415475
1402668779239362563,neutral,0.49789225920557484
1402668780761882628,negative,0.01672523278352225
1402668780854071299,negative,0.009471081438659724
1402668784800915465,negative,0.27958502819219483
1402668786105397255,negative,0.0008831024496277283
1402668786310918146,negative,0.10809799951910284
1402668789330755585,neutral,0.4265462468477946
1402668789691527168,negative,0.0233207638514379
1402668791239266305,positive,0.8766995102342174
1402668791440429057,neutral,0.49789225920557484
1402668792828858381,negative,5.02995950381335e-09
1402668795211272192,negative,1.2395213692982297e-08
1402668795274186754,negative,0.0001527148740734359
1402668797824311302,negative,0.00015528004977969064
1402668802257653770,neutral,0.39539329059626466
1402668804547751936,neutral,0.5887973398928581
1402668808360300552,negative,0.005555032819184822
1402668816526626822,negative,0.0008831024496277283
1402668821584953348,negative,0.039846136218135944
1402668825036955650,negative,0.09897831100372148
1402668832020381700,negative,0.03168457153089929
1402668837116563462,negative,0.0004261950857070124
1402668842195771398,neutral,0.3960307416262703
1402668842279636992,negative,0.02908014956820971
1402668844364271617,negative,0.06254915122727706
1402668845056282627,negative,0.012454240225287173
1402668845215719426,negative,0.1281237240797849
1402668849556770820,negative,0.012454240225287173
1402668855277899777,negative,8.482566004817207e-05
1402668855558815745,neutral,0.5918729194682458
1402668858687868934,negative,0.2074300771609931
1402668859522420738,negative,0.11415196280050968
1402668861988741124,negative,0.10008235378764375
1402668863192539139,negative,0.0017633497268493168
1402668863720808456,negative,0.002354310849354029
1402668866120163337,negative,0.007301615955448866
1402668867755909124,negative,7.880188714758805e-06
1402668870566096900,negative,0.04531491646821888
1402668870758928386,negative,0.0025722891107298937
1402668871438438406,neutral,0.49789225920557484
1402668872113737734,positive,0.7114871074188304
1402668876471603200,negative,0.24803013742433888
1402668879009271813,negative,0.05077761273775463
1402668880766644226,neutral,0.5600696154485679
1402668882628943877,neutral,0.6425007431598749
1402668884763856899,negative,0.000100436036556729
1402668886663876611,negative,0.16341989575981436
1402668889054531591,positive,0.7461673593352246
1402668889163579406,negative,0.02368900733982244
1402668892774977536,negative,0.0408077357492982
1402668893710204930,negative,0.00965222976075268
1402668894146412550,neutral,0.5208033971337793
1402668902543470597,negative,0.02300509996377304
1402668914455330816,negative,0.0012802430466321325
1402668919500980230,negative,2.3993948828721082e-06
1402668920117645314,negative,9.640775929430858e-05
1402668926279028736,negative,3.4136574329676748e-06
1402668927025664003,negative,0.12788185687845333
1402668927864483842,neutral,0.49789225920557484
1402668931152756736,neutral,0.43825182354849335
1402668932423618561,negative,0.09957701845858748
1402668933711282176,negative,9.30036426364754e-05
1402668934936023040,negative,1.4287145902933687e-05
1402668934994726915,negative,0.04876614156462202
1402668938543222784,negative,0.15399636930572952
1402668938903928832,neutral,0.5767107025138212
1402668939658792966,negative,0.10470891443198739
1402668940485136385,negative,0.0008831024496277283
1402668940971720706,negative,1.0213292904720652e-05
1402668941961568259,negative,0.18928351322620512
1402668942833893376,negative,0.044423684828257586
1402668943022645253,positive,0.6703076487674188
1402668943807074304,negative,0.014356967336812859
1402668946587795462,negative,0.011256862155957371
1402668950668906496,negative,0.002115876492372364
1402668950954156036,negative,5.8899177682256356e-08
1402668954267447296,negative,0.0050165300904791
1402668954515087365,negative,0.01672523278352225
1402668954716446727,negative,0.0005889655997732594
1402668956406751245,negative,0.11556632476683736
1402668957291712517,negative,0.010967220457845856
1402668958461968384,negative,0.0006656329211654766
1402668958734557187,negative,0.008629893513460978
1402668958784839681,negative,4.463317705283839e-05
1402668959443394564,negative,0.0015431125595708254
1402668962916311044,negative,0.022738382894121775
1402668963839021061,negative,2.6546286355936923e-07
1402668964400885763,negative,0.21787473260978305
1402668965592190986,negative,1.934218826731579e-09
1402668965797769227,negative,0.013922890842405607
1402668966242312193,neutral,0.40909563371415475
1402668966363996160,negative,0.0015950805336841358
1402668967945252865,neutral,0.5088253157799723
1402668973137666052,negative,0.0008956340322026994
1402668974806953986,negative,0.019368063923971366
1402668974857363460,positive,0.8183738268671606
1402668976283557890,negative,0.09862418788743404
1402668977453625344,negative,0.004147278575654116
1402668977541849089,negative,0.10645826680638953
1402668978221289473,neutral,0.5918729194682458
1402668978842083332,negative,1.3905906143178323e-07
1402668979399823364,negative,0.056233868463233125
1402668981249523722,negative,4.5415700420735253e-10
1402668984475004933,negative,0.06098369733192535
1402668984848289795,neutral,0.445539181283804
1402668987293618180,neutral,0.5342245479344303
1402668987603984397,negative,0.05090432911346711
1402668987620675584,negative,0.00025654503259100493
1402668988455428099,negative,0.03890922006430171
1402668989013168142,negative,4.1010562985306196e-05
1402668991022305289,neutral,0.568440926224993
1402668993509462022,negative,0.013000351762809578
1402668997024399363,negative,0.06917279919186019
1402668997414469634,negative,0.060229975233889836
1402669000493092868,negative,0.005259150863577325
1402669000551768067,negative,0.01672523278352225
1402669001541656576,negative,0.0019100020884992575
1402669001709326343,negative,0.0011548208407915752
1402669003445833729,negative,0.06917279919186019
1402669010366472194,negative,0.01967772184158525
1402669011532402690,negative,0.14278373290122653
1402669011767332873,negative,0.08063401755387396
1402669012383903753,negative,0.00810969412818749
1402669012924997635,negative,0.054096327115459794
1402669019489091589,neutral,0.5832635849843021
1402669026460024838,negative,0.05077761273775463
1402669026665508864,negative,0.11588948915561367
1402669029488312331,neutral,0.47760839526369675
1402669030608183299,negative,0.22881414534057185
1402669030910144515,negative,0.08339979008261068
1402669032675946503,negative,0.25713377043441715
1402669033393164288,negative,4.229418783506657e-08
1402669038853967877,negative,0.006585297337455172
1402669042855448579,neutral,0.49789225920557484
1402669043073568773,negative,0.02673621694722433
1402669043648274440,negative,0.011402611154262028
1402669044071866370,negative,0.0404032151346449
1402669045460226053,negative,0.2080069320105487
1402669051998924800,negative,0.0036805330670492908
1402669054201155586,negative,0.1361224667859779
1402669055685836803,negative,0.004538266708640398
1402669056163975174,negative,0.29321604170319504
1402669057007104005,negative,0.0001263850885271204
1402669059813089282,positive,0.8301416773303819
1402669063936090121,negative,0.00047365183921090846
1402669065043316742,negative,8.48055724024106e-06
1402669065186033664,negative,0.005629741426136483
1402669065412431872,negative,0.005274034819470469
1402669066377207811,negative,0.00407926509311509
1402669067526459403,negative,0.039846136218135944
1402669073083908096,negative,0.26551440489622974
1402669079928901635,negative,3.596351338968561e-06
1402669081615011841,neutral,0.46127768308170247
1402669093841473536,negative,0.07539891925889346
1402669094139314186,negative,0.09089739463017658
1402669094495821836,negative,0.033245122722739405
1402669094831366145,negative,0.027295318088104346
1402669095053631491,negative,0.0008831024496277283
1402669098392227841,negative,0.24298927290245892
1402669098920775685,negative,0.0002759344549919837
1402669101319872514,negative,0.0007617261025850532
1402669103240908803,negative,0.00018085815223313817
1402669103593177096,negative,0.06255523664204865
1402669108735381509,negative,0.00021272555193150772
1402669109968506882,negative,8.482566004817207e-05
1402669110178336770,negative,2.6546286355936923e-07
1402669110186627072,negative,0.03271521679417576
1402669111163899904,negative,0.3075046062492301
1402669112325722120,negative,0.01672523278352225
1402669114125172740,negative,0.06255523664204865
1402669114615861250,neutral,0.5730552204236814
1402669116000030720,negative,0.0014216645634524971
1402669116432031749,negative,0.001110058851413393
1402669117434437633,negative,0.0011689459471519355
1402669118235545606,negative,0.011488307187773262
1402669119313481739,negative,0.09085838354094262
1402669120655609856,negative,0.00027781516722646336
1402669121968513025,neutral,0.49789225920557484
1402669122513682438,negative,0.06098369733192535
1402669122622791680,negative,0.004978274827684418
1402669123746865152,neutral,0.5641296460459003
1402669125755981828,negative,0.039846136218135944
1402669126573768707,negative,3.3768913878546945e-08
1402669127584600067,neutral,0.6029965560731041
1402669127991496710,negative,0.03551843568742999
1402669130206097411,negative,7.54403749776342e-06
1402669130441015300,neutral,0.3499352441185855
1402669132403949571,negative,0.010320231446011024
1402669132533927942,neutral,0.46471785445638225
1402669132911362048,negative,0.002354310849354029
1402669133532217352,negative,0.027664799102598173
1402669134257823757,negative,0.013463374495511101
1402669137118339074,negative,0.01672523278352225
1402669139085438976,negative,0.04893116096828002
1402669140574408710,negative,5.7171254126307e-07
1402669142260568066,negative,5.485710135715035e-07
1402669142663180292,negative,0.0029743249088937784
1402669142759677959,negative,1.308302522920948e-05
1402669147146928146,neutral,0.332845910434192
1402669147553779712,positive,0.8136713072026486
1402669151815098371,positive,0.7492353576654277
1402669152700096514,negative,0.03850861060353331
1402669157880111107,negative,0.0067369910422494916
1402669158534365187,neutral,0.49789225920557484
1402669159998234625,negative,0.0935891390283034
1402669160203755523,negative,1.9702406967313492e-05
1402669164104491008,negative,0.002379368779819175
1402669167925501955,negative,0.10659998454991694
1402669171637370886,negative,0.000100436036556729
1402669176251203600,negative,0.00029796290509091295
1402669185176645644,negative,0.03450814411161328
1402669188506963972,negative,3.6482786844196394e-05
1402669189832359943,negative,0.000901532683698538
1402669191996575751,negative,0.27914707733582916
1402669192625766402,negative,0.0006934945785756647
1402669194504777731,negative,0.0011548208407915752
1402669196824174597,negative,0.08534500931204615
1402669199256866817,positive,0.9999394012415423
1402669215358885888,negative,0.0012640323843465364
1402669217384648704,negative,0.31251327812974533
1402669217690931202,negative,0.005629741426136483
1402669219192446976,negative,0.001574217319641167
1402669223638454274,negative,0.01672523278352225
1402669225915916289,negative,0.00131849925149206
1402669227543339009,negative,0.0008831024496277283
1402669231271940102,negative,0.02991989624735991
1402669233364996098,negative,0.0002277803171722328
1402669236418457601,negative,0.07459890774152905
1402669237089488898,negative,1.1236735921209878e-05
1402669244286971915,negative,0.02000558276628149
1402669244412678146,negative,0.012454240225287173
1402669244605767681,negative,4.234241013756985e-11
1402669244794425350,negative,0.011488778375649
1402669247793451011,negative,0.011724737227430823
1402669248737169415,neutral,0.47697210391394973
1402669254923669505,negative,0.000177502507880937
1402669261068378117,negative,0.0025411864597462645
1402669268156633089,neutral,0.6274708568440207
1402669268337111045,negative,0.06098369733192535
1402669270505562117,negative,0.29147342198141096
1402669276457275392,negative,0.012454240225287173
1402669276599926790,negative,0.05264346972299016
1402669277703028737,negative,0.1368020611161046
1402669278613102598,negative,7.25708009516837e-07
1402669280186011655,positive,0.8095292464164446
1402669282685751308,positive,0.9633894245446962
1402669286519447553,negative,0.04123951244543044
1402669287144316929,negative,0.0031832966230792774
1402669287345725446,negative,0.0012786319277773702
1402669288687800321,negative,0.0019100020884992575
1402669293590941697,negative,0.005629741426136483
1402669294182359041,negative,0.03702118417703629
1402669294987710466,neutral,0.46364466503952073
1402669296308862979,negative,0.0404032151346449
1402669299446190081,negative,2.095192006312729e-05
1402669300725473292,negative,0.10942120963873572
1402669302126452736,negative,0.06917279919186019
1402669302818525190,negative,0.05077761273775463
1402669306446495747,negative,2.2311183089052368e-07
1402669307700600841,negative,0.09277024163898029
1402669307960627207,negative,2.1229355882346755e-06
1402669308782727168,negative,4.861025819827847e-08
1402669308896022534,negative,0.007983950260895125
1402669309218988035,negative,0.27559690975127804
1402669309931843586,negative,0.00042378709853719654
1402669310036828160,negative,0.001110058851413393
1402669312784191493,negative,0.12499391538435965
1402669314440937474,negative,0.0006251525484260526
1402669314612903936,negative,0.012454240225287173
1402669315569094660,negative,0.05921461190149217
1402669316059901953,negative,0.0016856066009950318
1402669317326442496,negative,0.0003134578670482145
1402669324528197635,negative,0.037148222008839604
1402669325119594498,negative,0.013767034408337927
1402669325832671238,negative,9.178581686915321e-06
1402669326717669380,negative,8.7524262074723e-05
1402669328013615108,negative,0.12060135705368474
1402669329875816448,negative,0.13339317767866538
1402669332258242561,neutral,0.4678356693752491
1402669338130329608,negative,0.002912664424265548
1402669338637766657,negative,0.00011321555157978034
1402669338826612738,negative,0.01910736895807409
1402669347672408078,negative,8.95466804368456e-07
1402669348146364422,negative,0.10681730716326968
1402669350054674434,negative,2.003492565349671e-10
1402669353980600324,negative,0.026160995915208294
1402669364382474242,negative,0.32359009059143207
1402669368585097220,negative,0.002912664424265548
1402669375073751047,negative,0.00015248088686033515
1402669380253650945,negative,0.08196068882351637
1402669382703239169,negative,0.0005889655997732594
1402669393901981697,negative,0.15345163199250222
1402669394036146176,negative,0.021399593752256064
1402669394333949960,negative,0.19541139543123848
1402669402688999425,neutral,0.44758192259577423
1402669404207435780,negative,0.002912664424265548
1402669406262603776,negative,0.2917985415262092
1402669408158371840,neutral,0.5918729194682458
1402669412306636801,negative,0.00131849925149206
1402669417071353861,negative,0.002663155938711476
1402669421638860806,negative,0.002691898874063151
1402669424893739009,negative,0.00131849925149206
1402669424935645190,negative,3.4387071747029143e-06
1402669425015373826,neutral,0.37613281431482276
1402669427712270347,neutral,0.5805593615416687
1402669432435097607,neutral,0.5370065039519608
1402669436004442116,negative,0.00036095830910579243
1402669441385742345,negative,4.639106146131778e-06
1402669442455289856,negative,0.1832729819086396
1402669445106094083,negative,0.09213370595733472
1402669446959878144,negative,0.013922890842405607
1402669448197292035,neutral,0.39539329059626466
1402669450734735366,negative,0.07459032600206694
1402669450944466946,negative,0.22881414534057185
1402669455449202689,positive,0.9996348763427346
1402669456992657416,negative,0.0006922190806905778
1402669457554784256,positive,0.9855486468587622
1402669458288746496,negative,0.2928676736142457
1402669458473295874,negative,0.02111153498698557
1402669459689644032,negative,0.12499391538435965
1402669467440664576,negative,0.2692963416579097
1402669468015341573,neutral,0.5946721035799487
1402669469378519053,negative,0.044892430426633975
1402669470028607494,negative,0.20168870812496728
1402669482926039041,neutral,0.655450136834394
1402669486088626177,negative,0.022632203051509186
1402669488152195076,neutral,0.42507619662732005
1402669491251814403,negative,0.00015248088686033515
1402669496184233991,negative,0.033632171911366485
1402669497719328768,negative,0.06367579223407299
1402669497929056258,negative,2.732206285577361e-06
1402669499921338375,negative,0.0013665514426111235
1402669502131847174,negative,0.06098369733192535
1402669507978711042,negative,0.00047734586134553413
1402669508439986182,negative,0.10659998454991694
1402669509257879557,negative,0.023636402689287756
1402669510822227974,neutral,0.49789225920557484
1402669512680423426,negative,0.31698808412694807
1402669514836295681,negative,0.20946214163057364
1402669515608137730,negative,0.043362825358225054
1402669517180899335,negative,0.00011294337567555499
1402669518963499009,negative,0.20946214163057364
1402669524260995078,positive,0.9476534027657979
1402669526626492417,neutral,0.4674843577628381
1402669528279097357,positive,0.9472947597744393
1402669529008848901,negative,1.7255737824550206e-10
1402669529138929667,neutral,0.46127768308170247
1402669529755537409,negative,0.06553705179895153
1402669529814155270,negative,0.02000558276628149
1402669530141401090,negative,0.002837630388710669
1402669530556547074,negative,0.2692963416579097
1402669532012023813,positive,0.935416992057846
1402669532842430465,negative,0.029648551983950576
1402669533127745542,neutral,0.49789225920557484
1402669536567042051,negative,3.910074703663005e-05
1402669540350349320,negative,0.282586727248585
1402669540484517890,negative,0.28571259569032004
1402669542065725446,negative,2.732206285577361e-06
1402669544200622085,neutral,0.49789225920557484
1402669546562072581,negative,0.12349429145986153
1402669551100186628,negative,0.19777621158706765
1402669552480227330,negative,0.00026653169267500744
1402669552564113408,neutral,0.37609422587007374
1402669552857751558,negative,0.07379963277091922
1402669553486815235,negative,0.012723002037431924
1402669554015379460,negative,0.0025722891107298937
1402669558016745477,positive,0.8095292464164446
1402669560940175371,negative,0.0528495873637011
1402669565839134726,negative,0.31251327812974533
1402669566090792962,negative,0.07240574986589067
1402669566522802178,neutral,0.6450906080214386
1402669566837329921,negative,6.44656807597512e-05
1402669567231549443,neutral,0.3697178874513354
1402669567244177413,negative,3.6482786844196394e-05
1402669568368185350,neutral,0.47359656587910093
1402669568703832066,negative,2.732206285577361e-06
1402669571941806089,negative,0.02545445313493427
1402669574265397249,negative,0.004557629686382428
1402669578497499136,negative,0.2411226274760148
1402669579814506500,negative,0.0017850510946323093
1402669580758229000,negative,3.564642969771978e-05
1402669581043482629,negative,5.0243950431496524e-08
1402669584331821062,negative,0.014848866428121579
1402669584402894852,negative,0.004243421112091521
1402669585065783298,neutral,0.40909563371415475
1402669592082894849,negative,0.00012948049459435976
1402669592363692034,negative,3.459348446836335e-14
1402669592833671170,negative,0.20996237776474572
1402669593022304267,negative,2.732206285577361e-06
1402669593194373131,negative,8.427046806314859e-08
1402669593353756676,negative,0.17607996710458151
1402669593945051140,negative,0.009463988076111204
1402669594343579655,negative,0.006913379178485698
1402669595648053249,negative,0.2829504229013018
1402669596323287046,negative,0.03518552959683363
1402669597740961792,neutral,0.40909563371415475
1402669598013628416,negative,1.980590701622666e-06
1402669598445654019,negative,0.00493459445752079
1402669599360008195,negative,0.08196068882351637
1402669600807047174,negative,0.012723002037431924
1402669602572746752,negative,2.7333556677229165e-05
1402669604242083846,negative,0.033632171911366485
1402669605299032069,negative,0.001029001176898112
1402669607090016257,negative,0.02673972846544148
1402669607568220164,negative,0.004823030115077858
1402669607647731712,positive,0.9389792561339485
1402669608545443843,negative,0.22695773199677524
1402669608579043330,positive,0.8638057868208784
1402669609417850881,negative,0.18862355892625302
1402669609891811333,positive,0.6711607221890485
1402669610839822338,negative,8.7524262074723e-05
1402669619039571974,negative,0.04531491646821888
1402669622395129860,negative,0.2682100439096169
1402669624655757316,positive,0.7284535133140624
1402669632436244480,negative,0.23972773971202263
1402669634164342785,neutral,0.48538807744314727
1402669636626399232,negative,8.7524262074723e-05
1402669637452566528,negative,0.09089739463017658
1402669637955948544,negative,9.62518940016768e-10
1402669642435334146,negative,0.012454240225287173
1402669642469023749,negative,0.0005561939621360414
1402669644561932294,negative,0.0001719735720332356
1402669646197792769,negative,0.0002504429806238647
1402669649607770119,negative,2.628414154356387e-05
1402669650362699776,neutral,0.49789225920557484
1402669650945654786,negative,0.09277024163898029
1402669651495161858,negative,0.04531491646821888
1402669653126754304,negative,0.23168440681311456
1402669655316127746,negative,0.0072519491619587135
1402669659283918848,negative,0.0014667093990658323
1402669660663857156,neutral,0.5918729194682458
1402669664191275008,negative,6.145177861525032e-11
1402669666527481856,negative,2.9463668383475436e-06
1402669670117908483,negative,0.05889542505452974
1402669671204200450,negative,0.002020816515270518
1402669672420478977,negative,0.032323870881593296
1402669674567974919,neutral,0.4274047939449264
1402669675130064896,negative,0.023636402689287756
1402669676019265538,negative,0.10485587779799188
1402669676539301888,neutral,0.655450136834394
1402669676719751176,negative,0.00015248088686033515
1402669677097127948,negative,0.023636402689287756
1402669679601147907,negative,0.0011548208407915752
1402669690242187273,negative,1.947022154994042e-05
1402669690325979138,negative,8.87488053631268e-10
1402669694172139522,neutral,0.5533970533999424
1402669699868078085,negative,0.013020037880914706
1402669701612855297,negative,0.009463988076111204
1402669703458398215,negative,0.29212907571123553
1402669709175181312,negative,0.02511550485629356
1402669711943507981,negative,0.0021452475995269982
1402669714501869577,negative,0.07538368262208199
1402669715567349768,negative,0.004044052405411002
1402669716607471624,negative,0.004154255816638835
1402669718440398853,negative,1.9062996684568475e-07
1402669718843105284,negative,0.0004334045624392561
1402669724287242245,negative,0.002378507023812671
1402669725272977414,negative,0.15414931778589258
1402669727068086279,negative,0.05912331902078133
1402669727265198083,negative,0.039846136218135944
1402669727504273409,negative,0.08761915455448172
1402669728359976965,neutral,0.6286122376717377
1402669730599743489,negative,2.732206285577361e-06
1402669733137235968,negative,0.02256451429976567
1402669741962059777,negative,9.013771531946322e-07
1402669742037536774,negative,8.737286446876582e-06
1402669742150676485,negative,0.16587420390339153
1402669743266570245,negative,0.20986667574712015
1402669743673331714,negative,0.27559690975127804
1402669745460162572,negative,5.710210968903048e-05
1402669747389542416,negative,0.0010208345755544624
1402669747771215874,negative,0.12063540088377964
1402669748236738571,neutral,0.5496678701602578
1402669750845640715,negative,0.014695177840874199
1402669751017500673,neutral,0.4250181517576665
1402669751189520384,negative,0.0624685837487307
1402669752531800066,neutral,0.40909563371415475
1402669755467771904,negative,0.011488307187773262
1402669755773882370,negative,0.10645826680638953
1402669757829091329,negative,0.29600894280344103
1402669758173044737,negative,0.009333107427777258
1402669759162880005,neutral,0.45865158599960215
1402669759217475599,positive,0.9024686363835621
1402669761964744710,neutral,0.4846424145450931
1402669762497462272,negative,0.0005111562472880351
1402669762510008323,negative,0.03702118417703629
1402669764435079171,negative,0.11794983638474398
1402669767023026181,negative,0.007087933234741652
1402669767052431365,neutral,0.40909563371415475
1402669767480295429,negative,0.0022415449923401825
1402669769170563074,negative,0.0002644810181224203
1402669769887727622,negative,0.14902308746955298
1402669769925566465,negative,0.18517586164358404
1402669772848963593,negative,0.00733672708517553
1402669772895141889,negative,0.3079211287249981
1402669773222187013,negative,2.879648564636003e-06
1402669773616472067,negative,0.00131849925149206
1402669776493809665,negative,0.08405745019254986
1402669778368610309,negative,0.0017633497268493168
1402669778578423812,negative,0.1295622923919365
1402669778582577153,negative,0.10470891443198739
1402669778863599617,neutral,0.5533970533999424
1402669780075646980,neutral,0.3368641811362213
1402669781363302403,neutral,0.3368641811362213
1402669782588002311,positive,0.9999587209743672
1402669782592221190,neutral,0.3368641811362213
1402669783968108546,negative,0.005629741426136483
1402669788602716168,negative,0.0011730915539357825
1402669789114507266,negative,0.02198307496297663
1402669791710699520,negative,0.0404032151346449
1402669797859602444,positive,0.8946169421160718
1402669799507783685,negative,2.4338361861717176e-07
1402669801588277253,negative,0.007567570372294466
1402669802766979074,negative,0.22821616684985674
1402669806592086023,neutral,0.37609422587007374
1402669808840282120,negative,0.055993795123815575
1402669812984291328,neutral,0.5033657244843569
1402669817497280517,negative,0.0005111562472880351
1402669822127841281,neutral,0.4478322696013009
1402669824208146440,negative,0.07291085065128254
1402669824354963457,negative,3.6994794534263146e-12
1402669825164464128,negative,2.1556145505220686e-06
1402669827970510851,negative,0.00926532048218065
1402669830017331201,negative,0.1870319371450363
1402669830273224707,negative,0.06375730089056249
1402669831984406530,negative,0.027295318088104346
1402669839643287557,negative,9.786278070307015e-05
1402669844449873920,negative,0.14204427994607896
1402669845603291145,negative,0.01967772184158525
1402669845938946061,negative,0.21921412548362115
1402669849269112838,negative,0.22251064811171403
1402669851563417609,neutral,0.4990301113219762
1402669852091981835,negative,0.07379963277091922
1402669853056638977,negative,0.21460019939550665
1402669856126812164,neutral,0.6078495118646416
1402669858769211394,negative,0.12635750654001224
1402669863139790850,negative,0.01264354427904159
1402669869242400777,negative,2.732206285577361e-06
1402669869439594504,negative,0.2679178032157273
1402669873730306050,negative,2.3651305922131914e-07
1402669874120433667,negative,2.5910947028342005e-05
1402669875806543873,neutral,0.5533970533999424
1402669877261971461,neutral,0.39539329059626466
1402669881951129606,negative,0.07723974857920941
1402669884627169285,negative,2.0118234302856145e-05
1402669885331755008,negative,2.7052240398368165e-07
1402669885847654400,neutral,0.5861371505747157
1402669887009476615,negative,0.01672523278352225
1402669890562052101,negative,0.00015248088686033515
1402669892772548612,negative,0.04005590844156912
1402669893346942977,negative,0.005629741426136483
1402669893904965632,negative,0.011126689875891467
1402669899672137734,negative,0.02251646441650288
1402669903707058186,negative,0.0026240767519874345
1402669903929356289,negative,0.06803218712832204
1402669907020484613,negative,0.0005917695062089904
1402669908257914881,negative,0.044280366843524
1402669908882755590,negative,0.024581325253713735
1402669909935599620,negative,0.006163124965978441
1402669912355659776,negative,0.00029431068904882136
1402669913173639175,negative,0.3075046062492301
1402669916071809027,negative,0.06612341199185406
1402669919179792387,negative,0.266615383114229
1402669920081657858,negative,0.0015623924132930217
1402669921511874562,neutral,0.5751924191811049
1402669921901948936,negative,0.008334035434581012
1402669924607201281,negative,4.152635171514799e-06
1402669924758196230,negative,0.206425280413487
1402669926096199683,neutral,0.5203904417341677
1402669926498902017,negative,2.628414154356387e-05
1402669926641549315,negative,0.15345163199250222
1402669927509774343,positive,0.7355093453736364
1402669927790788613,neutral,0.42731488696630027
1402669928696668160,negative,2.163650166959154e-07
1402669929095176194,negative,0.32359009059143207
1402669929254502403,negative,0.028357826888845077
1402669930647109638,negative,0.0012152908865881908
1402669932240945157,negative,0.19311067094070053
1402669933402677248,negative,0.001110058851413393
1402669934065356805,negative,1.5008870664280646e-07
1402669934275186691,negative,0.000605391155581617
1402669934749028354,negative,8.482566004817207e-05
1402669934862344194,neutral,0.5533970533999424
1402669934971342858,negative,0.0007617261025850532
1402669935449546752,negative,8.297380931442969e-09
1402669938960183299,negative,4.741470845526375e-06
1402669939610329090,negative,0.0002055248827514451
1402669940050702341,negative,0.001669725925004243
1402669940402962436,negative,0.011887796961520324
1402669940562354180,positive,0.9997435592868792
1402669942198222859,neutral,0.40909563371415475
1402669942798012417,negative,0.00015248088686033515
1402669949831815178,negative,4.459895650927296e-05
1402669951010361350,negative,0.24472140521457036
1402669960783093760,negative,0.0001708335969481792
1402669962112737283,negative,0.31820487300311295
1402669968739741698,negative,0.06917279919186019
1402669975157018633,negative,2.302077823025693e-10
1402669975756754945,negative,0.004666929805059189
1402669977426173960,negative,0.009228853868149856
1402669980668370952,negative,0.0020697829321759337
1402669980676771842,negative,0.055235952031802725
1402669981335232515,negative,3.057410066788164e-07
1402669981616283649,negative,0.25209171974381833
1402669982773882883,negative,2.1556145505220686e-06
1402669986003443713,positive,0.9962735920757743
1402669990206009353,negative,0.037785830142010327
1402669990428413954,negative,1.1944234662450726e-09
1402669995180576773,negative,0.0019100020884992575
1402669995411357704,negative,0.01620542204660976
1402669996866691080,negative,0.032272145616377285
1402669999832059919,negative,0.22493346794813412
1402670000448622594,negative,0.07410266566307742
1402670002923315204,negative,0.00015248088686033515
1402670005209243648,neutral,0.45239594428342356
1402670009671991296,negative,0.0007617261025850532
1402670015615225857,negative,0.0001944296369663054
1402670017607503873,negative,0.0008831024496277283
1402670021436923907,negative,0.0024345540199419086
1402670024930770944,neutral,0.4349717936225199
1402670046061682693,neutral,0.5147298996744595
1402670046632202243,negative,0.024778887717207144
1402670047303241731,negative,0.09539491113998831
1402670052277723137,negative,2.9598048832351593e-06
1402670057830944776,negative,0.012454240225287173
1402670058598510602,negative,6.198416910437948e-07
1402670061328896000,positive,0.9996951098640584
1402670063371669522,negative,0.07379963277091922
1402670063598120966,neutral,0.49789225920557484
1402670063942045697,neutral,0.4678356693752491
1402670064348930053,neutral,0.49789225920557484
1402670064634150916,negative,0.004486476408880492
1402670065342898183,negative,0.027265689230097388
1402670066261442561,negative,0.00015248088686033515
1402670071529549828,negative,0.0005736160327846645
1402670073639145474,negative,0.005775006055720155
1402670079444140037,neutral,0.49789225920557484
1402670079892983819,neutral,0.49789225920557484
1402670080287293441,negative,0.004382604972999215
1402670082581540864,positive,0.8674575488117185
1402670085811146756,negative,0.05001281181299152
1402670093440540677,negative,0.316553118301329
1402670094820446214,negative,0.002244874623491347
1402670104639426572,negative,0.011745630363728351
1402670108066123776,neutral,0.5918729194682458
1402670111278845953,negative,0.002244874623491347
1402670111367077894,negative,1.4008561396239976e-09
1402670113980096517,negative,0.00015248088686033515
1402670114168770566,positive,0.7955579679766357
1402670118891622404,neutral,0.5918729194682458
1402670120275677188,negative,7.354249426020352e-05
1402670126810402822,negative,0.034012479180389354
1402670127020138505,negative,0.10530772624601745
1402670127296962563,negative,0.0013020748258049508
1402670129985556489,negative,0.0002644810181224203
1402670130300178442,negative,0.000845646614544819
1402670136272769033,negative,2.628414154356387e-05
1402670138734882823,negative,0.030034461781005967
1402670146423042049,positive,0.9489149379848523
1402670150021750789,neutral,0.48728019602140255
1402670155029696514,negative,0.00015248088686033515
1402670156904648731,negative,1.1437401453467196e-07
1402670157412061187,negative,0.00131849925149206
1402670159085674497,negative,0.030034461781005967
1402670161786716165,negative,0.22458789901639403
1402670164223709187,negative,0.00013374233824231857
1402670165909725186,negative,0.003574595027390798
1402670168975810567,negative,3.251944036518128e-05
1402670173270708236,negative,0.001772171518333342
1402670175413997568,negative,7.354249426020352e-05
1402670180447227911,negative,0.0002277803171722328
1402670182158553088,negative,0.011761046093249485
1402670190769455122,negative,2.628414154356387e-05
1402670192090550272,negative,0.00407926509311509
1402670192375873541,neutral,0.34475078513463997
1402670196649832457,neutral,0.49789225920557484
1402670197253804048,negative,1.1236735921209878e-05
1402670210025414660,negative,0.00015248088686033515
1402670211220836357,neutral,0.33143242112734467
1402670212265152525,negative,2.732206285577361e-06
1402670216254046216,negative,0.00965222976075268
1402670217847840770,neutral,0.5533970533999424
1402670218233761798,negative,0.00013823817544814768
1402670219252797441,negative,8.139809564654565e-05
1402670221178048513,negative,0.0009466437795502501
1402670222113480704,negative,0.06085789804853742
1402670222239272968,negative,0.0005208706201620205
1402670224592211974,negative,2.6546286355936923e-07
1402670225699508227,neutral,0.6274708568440207
1402670226458677252,negative,0.06826407186997632
1402670227213725701,negative,0.0033563799396666774
1402670235187097601,negative,3.2300142334760525e-09
1402670238064328707,neutral,0.34475078513463997
1402670242925535232,neutral,0.38104707880945315
1402670243487567878,negative,1.7251502939766885e-06
1402670243764486146,negative,0.0001972954798456517
1402670245471457290,negative,0.2485056339690265
1402670254136954886,neutral,0.34475078513463997
1402670255328174082,negative,0.015321947501861681
1402670256364175372,negative,0.05522283999458109
1402670257462923265,negative,5.877979536069642e-07
1402670258230542339,negative,0.22864906974311708
1402670265990094849,negative,0.00015248088686033515
1402670266061369351,negative,0.1601153344919792
1402670269777563653,negative,3.781235637054854e-07
1402670269815197697,neutral,0.5533970533999424
1402670269903380482,negative,0.012454240225287173
1402670270314389506,negative,0.004500908720721487
1402670272210214916,negative,0.00012316101908570545
1402670272268935173,negative,0.023636402689287756
1402670273472745474,negative,8.881890232597454e-08
1402670278975557635,negative,0.013767034408337927
1402670282716762118,negative,0.0013520373439982675
1402670284377755648,negative,0.30721801832976103
1402670287171330050,negative,0.02706741942907184
1402670300387500033,negative,0.3079211287249981
1402670305584222212,neutral,0.5533970533999424
1402670307446562819,negative,0.000178396170505894
1402670310533603329,positive,0.8095292464164446
1402670310852288516,negative,0.00015248088686033515
1402670310911090688,negative,0.0004785317195506054
1402670311292669956,negative,0.31732489718339985
1402670311682809856,negative,0.22493346794813412
1402670314220408833,negative,1.937196999116611e-08
1402670316514652169,negative,0.0017755625287686927
1402670321422016514,neutral,0.49789225920557484
1402670331643506697,negative,0.0032534281653155083
1402670335661649925,positive,0.989078515532306
1402670336546586624,negative,0.29071032332912006
1402670337574281217,neutral,0.5595630599925532
1402670338073301002,negative,0.014421615694485428
1402670338748583936,negative,0.18459858958932926
1402670341240020997,neutral,0.5533970533999424
1402670344096395276,negative,3.781235637054854e-07
1402670344499048454,negative,0.00015248088686033515
1402670347271421956,neutral,0.3314485969135163
1402670348991139841,negative,0.27672730918403166
1402670349792288776,negative,0.060912613512431726
1402670350165544961,positive,0.9094857811545973
1402670351541325826,negative,0.057545736449720095
1402670352589787139,negative,2.732206285577361e-06
1402670355567742988,negative,0.00011987692889244936
1402670363142729739,negative,0.01967772184158525
1402670370482790400,negative,0.2112909715950808
1402670373049671681,negative,0.10958434961125288
1402670374387585029,negative,7.766202779034461e-06
1402670374672797697,neutral,0.37874993579954885
1402670375025233921,negative,6.579216791916293e-05
1402670375998210050,negative,0.11717172560102786
1402670376337899522,negative,2.6546286355936923e-07
1402670377453690883,neutral,0.6107313304965125
1402670379349516289,negative,2.6546286355936923e-07
1402670380150669312,negative,0.25519271298826846
1402670381052399620,neutral,0.38024924020910944
1402670381446619138,neutral,0.4147342023902695
1402670382134480903,negative,0.06147966029128017
1402670382977634304,negative,3.57749501352659e-08
1402670384617504770,negative,5.0243950431496524e-08
1402670386748211208,negative,8.482566004817207e-05
1402670388509917190,neutral,0.38600347332285323
1402670389487091714,negative,0.00560403309598787
1402670391638822919,negative,1.715181741330721e-09
1402670391743717378,negative,0.03702118417703629
1402670392435785731,neutral,0.5912500308992927
1402670394507726852,negative,0.01442741763944626
1402670395417841666,negative,1.0213292904720652e-05
1402670397632528393,negative,0.05199184526579257
1402670398102196230,negative,0.014294063370558954
1402670399582769155,negative,0.0002512408452411651
1402670401109495813,negative,0.10536905844110897
1402670402107813890,negative,0.006989875070681305
1402670403353513988,negative,5.929009339148789e-07
1402670404196605956,negative,0.15414931778589258
1402670405287092226,negative,0.0030550339165872826
1402670406058840064,negative,0.03271944235626668
1402670408344735744,negative,8.7524262074723e-05
1402670408520945664,negative,0.020656246815334175
1402670409150046208,negative,0.2022116893880138
1402670410660028424,neutral,0.46127768308170247
1402670412421423109,negative,0.012454240225287173
1402670412446769155,negative,0.25713377043441715
1402670412606103554,negative,0.00015248088686033515
1402670412648046598,negative,0.014356967336812859
1402670415286243339,negative,0.0049573332060130594
1402670415944863747,neutral,0.34475078513463997
1402670417123364867,negative,0.2812124665127172
1402670419157471234,negative,0.2089618154560221
1402670421233836042,negative,0.03119106136200889
1402670423859511296,neutral,0.5277759842869705
1402670424484372488,negative,0.15060517671467383
1402670425138626566,negative,0.00035852443857567365
1402670425931460613,negative,1.8980390515268212e-05
1402670427382685702,negative,0.0404032151346449
1402670431413411843,negative,4.756363403663318e-06
1402670433451839489,negative,0.015713335991810944
1402670433938386944,negative,0.12323987765145747
1402670434127056902,negative,0.012454240225287173
1402670435268022281,negative,0.021522743038664097
1402670438149414919,negative,0.14440775816312507
1402670438375903234,negative,0.01829308711525661
1402670440099762176,negative,0.002966437209174164
1402670444973629440,neutral,0.5832635849843021
1402670446676488196,negative,0.06375730089056249
1402670447502794757,neutral,0.49789225920557484
1402670451206332418,neutral,0.6078495118646416
1402670462107369484,negative,0.2782124380114885
1402670462606446594,negative,3.72855036617808e-06
1402670462941945857,neutral,0.49789225920557484
1402670463504035844,negative,0.2369643932739459
1402670464711942150,neutral,0.3671451575418618
1402670485398343683,neutral,0.3314485969135163
1402670489814900737,negative,0.2112909715950808
1402670497062662149,negative,0.0008831024496277283
1402670497184292866,negative,0.29707128575414016
1402670500036423685,negative,5.1547418745393374e-08
1402670503261790208,neutral,0.49789225920557484
1402670504755044363,neutral,0.49789225920557484
1402670505187024900,negative,0.2369710931082333
1402670506512420866,negative,0.084341141983408
1402670508404056078,negative,0.02292645531661359
1402670509003845632,negative,0.1189076974072669
1402670510304006144,negative,0.00022158512840436952
1402670512808079368,negative,1.1665813074436849e-05
1402670516457115649,negative,0.08534500931204615
1402670521330946051,negative,0.0251313424037358
1402670521884553219,negative,0.049652172002286575
1402670526577975301,negative,2.4630153878091242e-08
1402670529966968832,negative,0.07379963277091922
1402670533154639880,negative,2.732206285577361e-06
1402670534006128642,negative,0.0024969851727082754
1402670534320607238,negative,0.05302696996588864
1402670534475780103,negative,0.04329231716257014
1402670536673615874,negative,0.011488307187773262
1402670538321956864,neutral,0.40909563371415475
1402670538791731204,negative,0.0073005626322702475
1402670539685171209,negative,0.01076497515906751
1402670540071002113,negative,0.005293714949664123
1402670540297547777,negative,0.06085789804853742
1402670540368887818,negative,0.1628855391694635
1402670540540817411,negative,0.1189076974072669
1402670540666593291,negative,2.1009803857411633e-06
1402670543229366277,negative,0.003409071395238184
1402670543518650369,negative,3.920353792613585e-06
1402670548832948228,negative,7.179672367581768e-05
1402670549650837509,negative,0.31857999659820957
1402670552024764416,neutral,0.5533970533999424
1402670553148784642,neutral,0.4747433133694224
1402670553782263815,negative,0.10833854557998938
1402670554449121287,negative,0.0464164889288599
1402670554453250059,negative,0.0037008329328111697
1402670555371876353,negative,0.002354310849354029
1402670556508569600,neutral,0.5918729194682458
1402670557343195139,negative,0.11947917507214176
1402670558219808774,positive,0.9844693051445226
1402670558278467589,negative,2.7056960020155602e-05
1402670558844706816,negative,0.09267819698975861
1402670559993937920,negative,0.0010644275993029403
1402670561591926786,neutral,0.3499352441185855
1402670562640531456,negative,0.0024855653331075636
1402670562875424769,neutral,0.45068963193287265
1402670563332612106,negative,0.10794391359306882
1402670563403894784,negative,0.000128151480691854
1402670565425618949,negative,0.0011360352311063412
1402670565656252418,negative,1.893270635895757e-07
1402670565706678272,neutral,0.4990301113219762
1402670569020137476,negative,0.1098468041303972
1402670569053736960,neutral,0.40909563371415475
1402670569523449859,negative,7.285707877529214e-07
1402670570131660801,negative,0.0025031793874665097
1402670571519873024,neutral,0.46364466503952073
1402670572186837003,negative,9.801567359914252e-12
1402670572493053964,negative,1.712009156383838e-07
1402670573080227843,negative,0.01442741763944626
1402670573831000070,negative,0.0030400700137571657
1402670574330159110,negative,0.0008831024496277283
1402670575647088641,positive,0.7676292941498286
1402670575663730692,neutral,0.42304770417187054
1402670575739236352,negative,0.012496740671425728
1402670576020426758,negative,0.018725500656706733
1402670577438052353,negative,0.0009850086204162074
1402670577786273792,negative,0.00010166660510252723
1402670579245793283,neutral,0.48728019602140255
1402670579547787264,negative,0.303890566925993
1402670580558667778,negative,0.06917279919186019
1402670580927717379,neutral,0.36329325119797273
1402670584769744900,negative,0.07840785976126093
1402670588305588228,negative,1.9869616630453184e-07
1402670594009833476,negative,0.18290459928155547
1402670600368369670,negative,0.29212907571123553
1402670602461270017,negative,1.793040374767943e-11
1402670603753111555,negative,0.00407926509311509
1402670605208588301,negative,0.058576390719215034
1402670608404697092,neutral,0.4713743915536427
1402670612380798981,negative,0.3099129385060582
1402670613710487552,neutral,0.3314485969135163
1402670620006047766,negative,0.15414931778589258
1402670621767655427,negative,0.28095779413849314
1402670622300385283,neutral,0.44094788290650255
1402670626251358210,negative,0.01739422041768549
1402670629975904261,negative,0.09089739463017658
1402670630923915265,negative,1.5008870664280646e-07
1402670632496779265,neutral,0.4678356693752491
1402670634027687941,neutral,0.44094788290650255
1402670635990622212,negative,0.002912664424265548
1402670642474803206,negative,0.013767034408337927
1402670644794437640,negative,0.0020697829321759337
1402670645843013639,negative,0.0004327989725885344
1402670649160749057,negative,0.0003447119240307192
1402670656186105862,negative,0.21059427607278267
1402670656660119562,neutral,0.4274047939449264
1402670657851248644,negative,0.22821616684985674
1402670659759661058,negative,0.1889731943884357
1402670659961032705,negative,1.867661860698584e-07
1402670664654405634,positive,0.9986045123083671
1402670667397541888,negative,0.067079147203277
1402670671621132294,negative,0.0004327989725885344
1402670675840618499,negative,0.15762059919457883
1402670678118174721,neutral,0.3314485969135163
1402670684816527361,negative,0.020656246815334175
1402670685827256320,negative,0.00131849925149206
1402670690428276745,negative,0.0021432887078920554
1402670693087645704,negative,0.08246786250840914
1402670694979211273,negative,0.00019847305397473683
1402670695071502337,negative,0.05831843784808232
1402670695168069633,positive,0.7324849872959731
1402670696099160070,negative,0.00165861809852383
1402670696564670465,negative,0.06255523664204865
1402670696728350721,negative,0.01076497515906751
1402670697688698884,negative,0.0028477124498894504
1402670698934542339,negative,0.000453628006543411
1402670701300043776,negative,1.2514368322339711e-15
1402670701669138439,negative,0.0005685864611785133
1402670702520672257,negative,0.050179075237609054
1402670702730301456,negative,0.2786191221238764
1402670703124615168,negative,0.0012665961147395827
1402670703233671169,negative,0.1765349760797645
1402670708048736260,neutral,0.34467172115086764
1402670708740673540,neutral,0.40909563371415475
1402670712402362372,negative,1.4155767989618051e-08
1402670712763076613,negative,0.0017697818458660695
1402670715564871680,negative,0.0008831024496277283
1402670716105932802,negative,0.024906251788102213
1402670717540438016,neutral,0.33143242112734467
1402670717972496389,negative,2.4312047481001702e-05
1402670720346435587,negative,0.008098732938711743
1402670722418417667,negative,0.09786144676590118
1402670723655667712,negative,0.10216898016982884
1402670724217716742,negative,6.932390577271214e-06
1402670724494544899,negative,0.015484033750520208
1402670726486892550,negative,5.5460148343358816e-12
1402670726860230656,negative,0.29847072399572433
1402670727258689541,negative,8.7524262074723e-05
1402670727921340418,negative,0.028773592344448408
1402670730563686404,positive,0.8674575488117185
1402670731029327872,negative,0.001906156444577702
1402670731100573700,negative,0.0005695349053268158
1402670733113925640,negative,0.06344514599801804
1402670733201915907,neutral,0.46127768308170247
1402670733940170759,negative,7.94562983633325e-05
1402670734670024707,negative,0.017443764434759527
1402670734724456453,negative,0.030947631336870906
1402670736192462849,negative,0.2151300983645542
1402670736469336066,negative,0.31051519551931944
1402670738998546435,negative,0.0003110513696718331
1402670739166314504,positive,0.9994927901998822
1402670740080631809,negative,0.0024969851727082754
1402670742781706242,negative,7.278673004814749e-06
1402670744077844490,neutral,0.4147342023902695
1402670744933392386,negative,0.05546441290545522
1402670745042497544,negative,0.3087290515561506
1402670747320000517,negative,0.16983688855590826
1402670748343357443,negative,0.06255523664204865
1402670752097357830,negative,0.00131849925149206
1402670755708612616,negative,0.008655101305493995
1402670756346183683,negative,0.04531491646821888
1402670758300639236,positive,0.8608486453409211
1402670764382470145,negative,0.024115767490031248
1402670765468700682,neutral,0.6450906080214386
1402670768547414017,negative,0.0017935384349600225
1402670774058733569,negative,0.2841547086075226
1402670774205435907,negative,0.02198307496297663
1402670779230265346,positive,0.9962735920757743
1402670780677332998,negative,0.020656246815334175
1402670780865990656,positive,0.9491986365237219
1402670796078731267,negative,0.3079211287249981
1402670801195839490,negative,0.02564339498694838
1402670802034728961,negative,0.19207529259377418
1402670806426165254,negative,0.19541139543123848
1402670807109804045,positive,0.9347038531734838
1402670807533424640,negative,0.29578530248573964
1402670810901454862,negative,0.2112909715950808
1402670818375745539,neutral,0.6450906080214386
1402670818606436361,negative,0.07052928565297809
1402670821550792706,neutral,0.5533970533999424
1402670822939140104,negative,0.012454240225287173
1402670825946427393,neutral,0.5199882515903922
1402670832959332353,negative,0.2941056163298043
1402670837073952769,negative,0.12184578529927284
1402670840634916875,neutral,0.5017543432377519
1402670840882335749,neutral,0.49789225920557484
1402670842270597123,neutral,0.46127768308170247
1402670844518846468,negative,0.02341292172742968
1402670850839560205,negative,0.03409875695603623
1402670853284827142,positive,0.9451873135686645
1402670853385506819,negative,0.011745630363728351
1402670854929059846,negative,0.007510612012308292
1402670859383414793,negative,4.591530740594073e-11
1402670859781869568,negative,0.05302696996588864
1402670859928625154,neutral,0.4428942104488348
1402670860176183297,positive,0.9024686363835621
1402670861639983105,negative,0.0028073507738303875
1402670862730338305,negative,1.5008870664280646e-07
1402670864194224135,negative,2.732206285577361e-06
1402670864617947136,negative,4.741470845526375e-06
1402670865322582021,negative,0.022383713603354515
1402670866341806084,negative,0.15637088635783264
1402670866790600708,negative,0.1878147485234837
1402670867092590598,negative,0.25437770142783683
1402670867780313088,neutral,0.34595404014645753
1402670868166287363,negative,0.0010579419284226504
1402670869709824006,negative,0.12709216038105
1402670869844008960,negative,0.008846084428780715
1402670871026847748,neutral,0.49789225920557484
1402670871446233088,negative,0.25697732828758163
1402670873962815488,negative,1.6459998143309497e-05
1402670875036487682,neutral,0.4603140844572616
1402670875053285377,negative,0.15414931778589258
1402670876139610120,negative,0.00012948049459435976
1402670876181602311,negative,3.022406589639377e-05
1402670877939015683,neutral,0.40909563371415475
1402670879058890760,negative,0.24355581147591304
1402670879188959239,positive,0.6712800739334569
1402670880275173376,negative,7.341990891248262e-07
1402670880476573701,neutral,0.4564578472590881
1402670881357369349,negative,1.25494031727345e-11
1402670882045181970,positive,0.873126375406595
1402670882330382344,negative,0.033739281158338
1402670882745692165,negative,0.02428006614947694
1402670882812743687,negative,0.2714950789314301
1402670882896683018,negative,0.06255523664204865
1402670883223871495,negative,0.11361136579586538
1402670885862100993,negative,0.3101006998855443
1402670887736840195,negative,6.204106324375245e-05
1402670889875955721,negative,0.00020171508434066722
1402670889968275459,negative,0.08545957890672284
1402670891079811073,negative,0.015995491981497575
1402670891591299073,negative,0.22220324005576558
1402670892371562496,negative,0.00131849925149206
1402670893638295552,negative,0.292559861006638
1402670893965381640,neutral,0.546708242005271
1402670894959452161,negative,0.10752639724177471
1402670896947601417,negative,0.18796574318776013
1402670897954279424,negative,0.14164385934124366
1402670898042245122,neutral,0.5588011787588146
1402670899082547205,negative,0.10945148901576271
1402670899329961988,negative,8.047535189769331e-05
1402670899824840708,negative,4.251526177826397e-05
1402670899875258369,neutral,0.6031659309639666
1402670900865085458,negative,8.752284502670839e-05
1402670901276053509,negative,0.0171031709003921
1402670901313904644,negative,0.0024350585082734077
1402670910876889096,negative,0.019342838416878495
1402670914534363137,negative,0.0020697829321759337
1402670916044267530,negative,0.012454240225287173
1402670917155758085,negative,0.1322574349570599
1402670917990424583,negative,2.01277170649554e-05
1402670920276324358,negative,0.012454240225287173
1402670922667003907,negative,1.549975908866931e-06
1402670922855817221,negative,0.2567817149032215
1402670922889412617,neutral,0.3314485969135163
1402670927855357959,negative,0.001772171518333342
1402670930782982148,positive,0.8674575488117185
1402670932544606208,negative,0.04197753281418251
1402670936491429888,negative,0.012334629268596594
1402670937145856009,negative,0.0021432887078920554
1402670940513734657,negative,0.002913924487103427
1402670944074842112,negative,0.022191050826990508
1402670945198870528,neutral,0.49789225920557484
1402670945324699656,positive,0.9253712180604639
1402670946847166472,negative,0.10365255114571044
1402670947350495232,negative,0.008098732938711743
1402670947451219968,neutral,0.4147342023902695
1402670948461973507,negative,0.043362825358225054
1402670950710231042,neutral,0.5916116858947116
1402670951096012805,positive,0.8477513882366361
1402670953809821697,negative,0.22493346794813412
1402670955596505090,negative,0.000100436036556729
1402670957483937801,negative,7.525911509340764e-05
1402670958536691720,negative,0.07379963277091922
1402670962496225280,negative,0.00015248088686033515
1402670964522065923,negative,7.142649167663474e-11
1402670965700562948,neutral,0.5986088674892139
1402670967059537922,negative,1.9220722113443675e-06
1402670976073187330,neutral,0.49789225920557484
1402670979608895489,negative,0.0006922190806905778
1402670980972023814,negative,0.002912664424265548
1402670982456827919,negative,0.06911100210766787
1402670983144693761,negative,0.1781824345509373
1402670983501209615,negative,0.0009395554443728622
1402670985598443521,negative,0.07523353484408711
1402670987150348288,negative,0.00407926509311509
1402670987590737921,negative,3.653562001564527e-05
1402670993299193857,negative,0.0004785317195506054
1402670993970286597,negative,0.03702118417703629
1402670994570067973,neutral,0.3314485969135163
1402670995132108807,negative,1.2395213692982297e-08
1402670995576590339,negative,0.02198307496297663
1402670999410253826,negative,0.05831843784808232
1402670999619899396,negative,0.008932857029925351
1402671001008214023,neutral,0.47709640385443935
1402671003659128847,negative,0.0021432887078920554
1402671005168984065,negative,0.04531491646821888
1402671006733459467,negative,0.005629741426136483
1402671014325149707,negative,0.21433552074450707
1402671014849490947,negative,0.21921412548362115
1402671015914835968,negative,0.004989593351048621
1402671017894498315,negative,0.00015248088686033515
1402671017978433538,negative,0.0001621973334650126
1402671018553004037,negative,6.999534243272633e-11
1402671018725056518,neutral,0.5918729194682458
1402671018997657608,negative,6.108987238261552e-10
1402671019798765570,negative,0.002244874623491347
1402671019974930439,negative,0.002122160461479138
1402671022323666947,negative,0.1295622923919365
1402671022462091270,negative,0.1889731943884357
1402671023179419655,negative,0.05831843784808232
1402671023443431431,negative,2.732206285577361e-06
1402671023678537728,negative,0.06826407186997632
1402671026195009538,negative,1.084957297951123e-08
1402671028132847623,negative,0.0049573332060130594
1402671028157964294,negative,0.01114776665676775
1402671028497784833,negative,0.05831843784808232
1402671028627775488,neutral,0.5533970533999424
1402671028975935497,negative,0.008025792379028892
1402671030792077315,negative,0.08003929410737214
1402671032054521856,negative,0.002354310849354029
1402671032108978194,negative,0.013778296945999255
1402671033488920577,negative,0.00020268668104642557
1402671033803493378,negative,0.05831843784808232
1402671034717851650,neutral,0.47697210391394973
1402671034785013760,neutral,0.40909563371415475
1402671035393187842,negative,0.24440136523887376
1402671037465124866,negative,0.0763555890388918
1402671038065004552,positive,0.7651775648607037
1402671038866104320,negative,0.12707397028047718
1402671039272919044,negative,2.6546286355936923e-07
1402671039633661957,negative,0.0014993420299187733
1402671041839833092,negative,0.00016385025448481207
1402671042162794504,neutral,0.6450906080214386
1402671042196295688,negative,0.12218116507000928
1402671043756560391,positive,0.6646152147566017
1402671044356362242,negative,0.08560637463250102
1402671044939464712,negative,0.007356294711303338
1402671044964585478,negative,0.2812124665127172
1402671045522472968,negative,0.0644503837621107
1402671045887266818,negative,0.06282013846689072
1402671046323544066,neutral,0.43897800242845086
1402671046860410885,negative,0.0007595327114590433
1402671046969462785,negative,0.011608795687469134
1402671048617758728,negative,0.002355268817477153
1402671050689855493,negative,0.21433552074450707
1402671052145270786,negative,0.0009466437795502501
1402671052627513344,negative,0.0017452790020362357
1402671053843963913,neutral,0.37137062280538924
1402671054640795653,negative,0.2112909715950808
1402671054879928322,negative,0.00022310677632488425
1402671061586558979,negative,0.03013713221216066
1402671061901193216,negative,0.16024675113151934
1402671062832267269,negative,0.00015248088686033515
1402671065734713349,positive,0.999998303957358
1402671068263895040,negative,0.08308470536041589
1402671070885392384,negative,0.22821616684985674
1402671071988486149,negative,0.00020268668104642557
1402671072739221504,negative,0.003792407934864152
1402671073557110784,negative,0.25982109500937023
1402671073855000576,negative,0.0002032857410126925
1402671073938771968,negative,1.1155675650538718e-07
1402671073942966273,negative,0.21921412548362115
1402671075398410245,negative,0.037757091841187716
1402671077218729990,negative,0.00043695780027142814
1402671078351282177,negative,0.05831843784808232
1402671078619725828,negative,0.24029429876760233
1402671078972051458,negative,0.0013557867881747317
1402671079047503874,neutral,0.6268614453269732
1402671079211126795,negative,0.0011905109264985759
1402671082419769346,negative,0.05831843784808232
1402671083577348103,negative,2.6546286355936923e-07
1402671084101570564,negative,4.494114283004515e-06
1402671085523456000,negative,0.228459572937578
1402671086018383873,positive,0.9982038831239757
1402671086584614920,neutral,0.6274708568440207
1402671087918489604,negative,1.5944510070915276e-05
1402671088467779585,negative,0.033118783305421305
1402671089344524295,negative,0.0049573332060130594
1402671090028138498,negative,9.037139212612013e-11
1402671090300821505,positive,0.7324849872959731
1402671090510540801,negative,5.0243950431496524e-08
1402671090590224386,negative,9.246142844468878e-19
1402671092586721287,negative,9.342315025060988e-05
1402671092846694410,negative,0.008812569222666898
1402671093056475138,neutral,0.40909563371415475
1402671095279403016,negative,1.6708106598441682e-12
1402671097062072325,negative,0.016937861229798457
1402671099977023488,negative,0.08592607642297842
1402671100186726402,positive,0.9476534027657979
1402671101206007810,negative,0.28786281651827306
1402671101352853509,negative,3.7536121668609076e-06
1402671104267796483,negative,0.0002409381750568309
1402671105287114752,negative,5.0005931428002096e-05
1402671105375195138,neutral,0.4656746627424257
1402671105391927303,negative,0.07057470439092776
1402671106201468932,negative,0.00016385025448481207
1402671106620809217,neutral,0.45865158599960215
1402671107669336069,negative,0.061815560483129535
1402671107673624579,negative,0.021058575914106977
1402671108030074889,negative,0.002912664424265548
1402671108076314635,negative,0.2621435295041906
1402671108449607680,negative,0.01686108173101328
1402671109665869830,negative,0.00028438081627472027
1402671110064271363,negative,0.11794983638474398
1402671110206935042,negative,6.37970224454392e-05
1402671110563454978,negative,0.19665515136683537
1402671111368806406,negative,0.06085789804853742
1402671112119635973,negative,0.011488778375649
1402671113189138432,negative,0.28786281651827306
1402671113738539009,negative,0.05966088061594133
1402671114615246852,negative,0.16524489982509996
1402671115118563338,negative,0.00015248088686033515
1402671115319775234,negative,0.004500908720721487
1402671115424747528,negative,1.635413942886037e-06
1402671120600420353,negative,0.009228853868149856
1402671122450112515,negative,0.0404032151346449
1402671122655612930,negative,0.0017633497268493168
1402671123763023893,negative,0.00021063242008506936
1402671124312477700,negative,0.0009466437795502501
1402671124866113542,negative,0.0024969851727082754
1402671125201555458,negative,4.741470845526375e-06
1402671127063896065,negative,0.0065141284234696995
1402671128162734081,positive,0.7324849872959731
1402671130331254785,negative,6.932390577271214e-06
1402671130649890824,negative,0.06085789804853742
1402671131052679169,negative,0.10470891443198739
1402671131476234247,negative,0.00020268668104642557
1402671131769909257,negative,0.00020268668104642557
1402671132520628224,negative,6.482648707766578e-10
1402671132822622217,negative,1.1658574192056979e-08
1402671133791506433,negative,0.2890474404202325
1402671133967544320,negative,0.00407926509311509
1402671134378762240,negative,0.02518240423984416
1402671135318319108,negative,0.08245432309369352
1402671135687389185,negative,0.21765975894732212
1402671138287886349,negative,0.041541310691785155
1402671139252543490,negative,0.3044619585204267
1402671139554578435,negative,0.2112909715950808
1402671140301115392,neutral,0.45865158599960215
1402671141047652362,negative,0.002912664424265548
1402671141462761480,negative,0.08903998542618635
1402671141542576132,negative,0.0016346420675831604
1402671142180114432,negative,0.026257888455908204
1402671143610458112,negative,0.0025848244814347687
1402671144310919168,negative,0.06085789804853742
1402671145518784517,neutral,0.4867095781484233
1402671147175628808,neutral,0.3492732967706566
1402671147490197507,negative,0.019069234147858133
1402671148001812483,negative,0.06917279919186019
1402671148433874945,negative,0.09207591475796927
1402671149230723076,negative,0.3079211287249981
1402671149327302660,negative,0.0002520170332861014
1402671150426116098,neutral,0.49789225920557484
1402671151533465603,negative,0.011488778375649
1402671153437720577,neutral,0.5918729194682458
1402671155824242694,negative,0.29144254390714325
1402671155924942852,negative,0.0023607884620746645
1402671156457529352,negative,0.00015248088686033515
1402671156973424645,negative,0.11794983638474398
1402671158667972608,negative,0.2112909715950808
1402671159372562432,negative,0.004195777788158635
1402671161704648704,negative,0.00474616612350203
1402671162304385024,negative,6.883490746293284e-06
1402671162652561412,neutral,0.5870190759940784
1402671163583643655,negative,0.2917985415262092
1402671164145741833,negative,4.474679868491401e-06
1402671164850413571,positive,0.9957518539196927
1402671165072629768,negative,0.060509932409311996
1402671165693386754,negative,1.7041547599694388e-05
1402671166301540352,negative,0.0001719735720332356
1402671168826626053,negative,3.0877792491384645e-05
1402671169669578752,negative,3.354788735981811e-05
1402671170684661761,negative,0.13385902129718366
1402671171586478086,negative,0.0019939630770409817
1402671171649380355,positive,0.7355093453736364
1402671172307804163,negative,0.01076497515906751
1402671173037608970,negative,0.0011360352311063412
1402671173096378375,negative,6.869031309386979e-10
1402671173566148613,negative,0.08154071556995883
1402671176036540426,positive,0.9451873135686645
1402671176820920320,neutral,0.40909563371415475
1402671177080913933,negative,0.039846136218135944
1402671177471045632,negative,0.0004493918342676687
1402671177760493572,negative,1.7155590991088482e-05
1402671178184114179,negative,0.01767380902329044
1402671179522060296,negative,0.0003284853608542792
1402671179794718725,negative,0.06206528922983294
1402671180339978255,neutral,0.577913557387514
1402671182109888517,negative,2.086834756033531e-05
1402671184320339973,negative,2.7056960020155602e-05
1402671185125691392,negative,3.400784932275401e-09
1402671187612901379,negative,3.148008938089701e-05
1402671189785522179,negative,0.01672523278352225
1402671190292979714,negative,0.007543865283209724
1402671192247574530,negative,6.22078308493267e-06
1402671192335650816,neutral,0.40909563371415475
1402671193921142792,neutral,0.577913557387514
1402671196823502848,negative,0.0023771061188909855
1402671197414957062,positive,0.9962735920757743
1402671199373701120,negative,0.11784936630358504
1402671199952510976,negative,0.08308470536041589
1402671200552239109,negative,0.05831843784808232
1402671201256882179,negative,0.05046208066992189
1402671201625968641,negative,8.482566004817207e-05
1402671202934611970,negative,1.909610260908606e-07
1402671203823853570,neutral,0.4235136555441571
1402671203890966537,negative,0.10538752160079357
1402671205757378567,neutral,0.39539329059626466
1402671206051069958,negative,0.0025515856977330474
1402671206155829250,negative,0.18067214713394303
1402671206965387269,neutral,0.4525299360032805
1402671208445972485,negative,0.00020268668104642557
1402671208768942080,negative,0.07485958742285066
1402671209482002435,negative,0.00015248088686033515
1402671209674838019,negative,0.0028917401069657477
1402671209750286340,negative,0.05077761273775463
1402671210954203136,negative,0.0019502005832433915
1402671213298827266,negative,0.01442741763944626
1402671213663641602,negative,0.017194555835536886
1402671217203634177,neutral,0.596371221269801
1402671217723809798,negative,0.2786191221238764
1402671217736290312,negative,0.07983752777306279
1402671218583502848,negative,0.20577266440522052
1402671219678326784,positive,0.9980137310789177
1402671219862769672,positive,0.9981474859394155
1402671219879600133,neutral,0.40909563371415475
1402671220554973194,negative,0.00013569177998600296
1402671220773036035,negative,7.291779682219924e-06
1402671221527875584,positive,0.9302515956086713
1402671222463344641,negative,0.05016519205610192
1402671223058878469,negative,1.6577201483274662e-05
1402671223306346510,negative,0.002815468398166361
1402671224174546946,negative,0.002984929602032746
1402671224874995717,neutral,0.4307183874968668
1402671225432903680,positive,0.8771225524830593
1402671226540199936,negative,0.0005478139747264868
1402671227223695363,negative,0.17761952091000088
1402671227630718981,negative,0.012454240225287173
1402671227655753730,negative,0.1045519032918484
1402671227785953281,negative,0.1449413637542289
1402671227869794306,negative,0.10659998454991694
1402671227961974793,neutral,0.4620553115569462
1402671228213661701,negative,0.013095246748195849
1402671228410896391,negative,0.27559690975127804
1402671228943482890,negative,0.0007499741927405746
1402671230248009739,negative,0.08308470536041589
1402671230616997891,negative,0.02570437515402345
1402671230990303232,negative,9.499997166016983e-07
1402671231514529792,negative,0.0007197847378646633
1402671232928071685,negative,0.07893550041983646
1402671234291208195,neutral,0.40909563371415475
1402671235562082312,negative,0.02514279301940666
1402671235578925058,negative,0.003991451006001597
1402671236979867651,negative,0.0018582142026466444
1402671237114077185,neutral,0.37356359750014606
1402671237348921349,negative,0.0023985309107386645
1402671238636617728,negative,1.8108255623374292e-06
1402671238670077956,negative,0.043362825358225054
1402671241811611660,negative,1.715181741330721e-09
1402671242969337869,negative,0.046645178340128046
1402671242986074113,negative,0.028357826888845077
1402671244458270729,negative,0.006960472926429422
1402671246270156802,negative,0.012454240225287173
1402671246786056196,negative,8.877804526646795e-07
1402671248979763208,negative,0.1189076974072669
1402671249147432960,negative,0.08352982280544467
1402671251022286850,negative,0.0013389229184829002
1402671252633010176,negative,0.012723002037431924
1402671253396332546,negative,0.008025792379028892
1402671253522108420,negative,0.006960472926429422
1402671253597663236,negative,1.0213292904720652e-05
1402671255615160320,negative,1.7546737846301547e-10
1402671255740952579,negative,0.008025297315768258
1402671255787016192,negative,0.0007197847378646633
1402671256105799691,negative,1.7155590991088482e-05
1402671257213095937,negative,0.1628855391694635
1402671259398328332,neutral,0.40909563371415475
1402671260425932802,negative,0.012454240225287173
1402671261084442625,negative,2.81151299217977e-07
1402671262233681921,neutral,0.40909563371415475
1402671264238649355,negative,5.1547418745393374e-08
1402671264247037957,negative,1.4971557716673006e-06
1402671265064833027,neutral,0.6527647069445395
1402671265362722828,negative,0.2917985415262092
1402671265526190081,negative,0.0009336920731781541
1402671265933107202,negative,0.003788389623533633
1402671266449002498,negative,0.01948129003406976
1402671269389160455,negative,0.018337601446515164
1402671270467182598,negative,0.06255523664204865
1402671270995673089,negative,0.04531491646821888
1402671271767314434,negative,0.06446761730078081
1402671273029865475,negative,0.2930063886522257
1402671274451742723,negative,0.04081677068431914
1402671274619441161,neutral,0.3894928495985618
1402671277547065344,negative,0.005562759500961139
1402671278780190730,negative,0.06255523664204865
1402671281024159750,positive,0.7355093453736364
1402671281754054665,negative,0.06349841834265853
1402671283079352342,negative,0.16287342008259006
1402671283263913985,negative,1.6056473366064882e-05
1402671283532410885,negative,5.5943152918399754e-05
1402671283561807873,neutral,0.3668007632812457
1402671284245442565,negative,0.02428006614947694
1402671284354433026,negative,0.01076497515906751
1402671284513820672,negative,0.010489470972561702
1402671285436616713,negative,0.0006922190806905778
1402671286879502342,negative,0.00016798376208983852
1402671286900428807,negative,3.9699356922215295e-05
1402671287105953793,negative,0.004233536344844252
1402671288200663041,negative,0.0017633497268493168
1402671288557133833,neutral,0.6285332173097462
1402671289064726533,negative,0.2112909715950808
1402671289236692994,negative,0.002401771585169262
1402671290742419459,negative,5.085280409606628e-07
1402671290914332674,negative,0.03008296023884245
1402671290922717184,negative,0.09089739463017658
1402671291241570304,negative,0.09063579499909426
1402671291543351296,negative,5.5931873561766376e-08
1402671291694465025,negative,0.2112909715950808
1402671292717883395,negative,0.0009300537180352196
1402671293846151175,negative,2.5704341053702838e-06
1402671294487871495,negative,0.25437770142783683
1402671297163825154,neutral,0.44782734011397646
1402671298468364301,negative,0.0010531652085161226
1402671301416783873,negative,0.003760839653081366
1402671303421743110,negative,0.008025792379028892
1402671304021532672,negative,0.012454240225287173
1402671304868777993,negative,0.3099129385060582
1402671305569284103,neutral,0.4021412052848355
1402671306504491008,neutral,0.40909563371415475
1402671306655547396,negative,0.10470891443198739
1402671307125297154,negative,0.0008262189443620746
1402671307997827075,neutral,0.5269751796825873
1402671310338199554,negative,0.015571033550958555
1402671310879272971,negative,0.0044151213076649804
1402671311286116356,negative,0.10140378941223072
1402671311923646469,negative,0.010051926995250794
1402671312414388232,neutral,0.35180359909024767
1402671314066882567,negative,0.09817661975693076
1402671315002265608,positive,0.936688248517868
1402671315191013384,negative,0.2665151714721201
1402671315803312135,negative,0.0012317577434373572
1402671316373737485,negative,0.01442741763944626
1402671317258801154,negative,0.23505082675335814
1402671317586006018,negative,0.01114776665676775
1402671318399598593,neutral,0.539526285423146
1402671319167164420,negative,0.0002991580211416016
1402671319548837898,negative,0.014048099166578263
1402671320740110341,negative,5.5460148343358816e-12
1402671320983379969,negative,0.015851441687426897
1402671322480713729,negative,0.0028477124498894504
1402671323487277056,neutral,0.5248746097831
1402671324204576772,negative,0.07214744452977725
1402671325265772550,negative,0.19311067094070053
1402671326452662276,negative,0.00014880718793833207
1402671326909902849,neutral,0.5918729194682458
1402671327354392577,negative,0.044280366843524
1402671327597711368,negative,0.11794983638474398
1402671327786504193,negative,0.0014044760988878914
1402671328432381961,negative,0.0019100020884992575
1402671329921404931,negative,0.0064753935472871525
1402671330621747200,negative,8.275082222365986e-05
1402671331511091206,negative,0.2567832155849747
1402671333532700675,negative,0.21390180868057299
1402671333931208705,negative,0.00387747745238081
1402671335390822402,negative,1.8023883739373373e-09
1402671335751495681,neutral,0.46471785445638225
1402671337538211845,neutral,0.5285438683033102
1402671338247143431,negative,0.0066447256659006235
1402671339824091136,negative,0.21765975894732212
1402671340616888321,negative,0.21223536507304275
1402671340759355394,neutral,0.3761089444165096
1402671341698961417,neutral,0.36764059981901537
1402671342026215429,negative,0.05831843784808232
1402671342084923398,positive,0.8762693994739659
1402671342630182916,neutral,0.5762339935264347
1402671343078936577,negative,0.04332524900696872
1402671344219721731,neutral,0.44094788290650255
1402671346107052034,negative,0.1045519032918484
1402671346191065098,negative,0.22493346794813412
1402671346858008577,negative,0.00020268668104642557
1402671347239686144,negative,0.15414931778589258
1402671347399073805,negative,0.0008468063385110309
1402671347516465155,negative,0.20757360369336986
1402671348342734849,negative,0.1889731943884357
1402671349584347137,negative,0.0018549169652132217
1402671349680717828,negative,0.03119106136200889
1402671351932932096,negative,0.1045519032918484
1402671353065578499,neutral,0.42695075000513394
1402671353237446664,positive,0.9302515956086713
1402671353766072320,negative,4.292025421357298e-12
1402671356223893504,negative,0.011382831462506559
1402671356882214917,neutral,0.4620553115569462
1402671357960372231,negative,0.050437993101341304
1402671358161608706,negative,0.20577266440522052
1402671358778253322,negative,2.6546286355936923e-07
1402671359050797059,negative,0.02198307496297663
1402671359717687297,neutral,0.49789225920557484
1402671360606756865,negative,0.10752639724177471
1402671361428910080,negative,0.17761952091000088
1402671362783670275,neutral,0.4620553115569462
1402671363790409728,negative,8.482566004817207e-05
1402671365824598032,negative,0.11794983638474398
1402671367041003521,negative,3.9675746449157865e-05
1402671367196192772,negative,0.2794969732606675
1402671368911605767,negative,0.013922890842405607
1402671369070985225,negative,0.009045503754408346
1402671370224480262,negative,0.05831843784808232
1402671370581032965,negative,0.02428006614947694
1402671370656489477,neutral,0.5533970533999424
1402671371252121600,neutral,0.46127768308170247
1402671372317384709,negative,0.002353653553558623
1402671373290455051,negative,0.04819444335487442
1402671373789630475,negative,0.006498495930551116
1402671374401953794,positive,0.9171248003016226
1402671374750130185,negative,0.25698571686471855
1402671374750171137,negative,4.441483712370384e-05
1402671375052115969,negative,3.8027235335719885e-10
1402671375777738759,negative,0.0171031709003921
1402671375811334149,negative,0.2282829105624719
1402671376524316676,negative,0.003792407934864152
1402671377744859137,negative,0.06826407186997632
1402671381301637121,negative,0.008088096015473644
1402671381523877891,neutral,0.4096931670034796
1402671381737783304,negative,0.0004108780365218857
1402671382920679424,negative,0.012723002037431924
1402671383394541574,negative,0.017608244380966826
1402671383692431364,positive,0.9584437223097174
1402671384036364288,negative,5.022279437902642e-07
1402671384615129088,negative,0.004864834624617253
1402671384652832770,negative,0.1466716355603242
1402671385495887879,positive,0.8314692927588268
1402671386318061575,negative,0.02540365867735426
1402671387446329346,negative,0.004382604972999215
1402671388217987072,neutral,0.4153373325707398
1402671388822052867,negative,0.06255523664204865
1402671388914225156,negative,3.136283342099031e-06
1402671389220519937,negative,0.03702118417703629
1402671390931750917,negative,4.4542353093743e-05
1402671392584343562,negative,0.008025297315768258
1402671392907276288,negative,0.06171359045095568
1402671393473449985,neutral,0.4299371657496221
1402671395587375106,negative,0.32359009059143207
1402671395834826755,negative,0.006825529182185404
1402671395964870665,negative,4.890634156922966e-10
1402671398007496709,negative,0.19311067094070053
1402671398120833029,negative,0.018718518326709645
1402671401480462341,negative,5.1547418745393374e-08
1402671406245203968,negative,0.002912664424265548
1402671407167905792,positive,0.9996899386949136
1402671407645986820,negative,4.535577231278685e-05
1402671407855771648,negative,0.20027757387837822
1402671407943847950,negative,0.01948129003406976
1402671408262660104,negative,0.05831843784808232
1402671411957796865,negative,0.007730105155565248
1402671414495301637,neutral,0.6398119197218689
1402671414507933700,negative,2.628414154356387e-05
1402671415678095367,negative,0.0073870668062441395
1402671417221652482,negative,0.010035527000572126
1402671417582292992,negative,1.7096139980797187e-07
1402671418324758535,negative,0.007752784512533954
1402671418400194566,negative,0.05831843784808232
1402671420056952835,neutral,0.5533970533999424
1402671420883169281,negative,0.26300190238591825
1402671421050994704,negative,0.12349429145986153
1402671421864742919,negative,0.023636402689287756
1402671421927694344,negative,0.0016922641965132893
1402671422120644608,positive,0.999998303957358
1402671422418395144,neutral,0.39539329059626466
1402671423118843906,negative,0.13722177925552323
1402671424620351488,negative,0.010798984217280686
1402671426302267398,negative,0.1555311589064382
1402671426377768971,negative,0.2823214943094772
1402671430077136896,negative,0.00651262922481787
1402671430219747334,negative,0.002354310849354029
1402671434573377536,negative,0.20655263226964274
1402671435555000322,negative,0.08352982280544467
1402671436637089793,negative,1.9648027575919672e-05
1402671437899522049,positive,0.8256498490595531
1402671438700613637,negative,0.011218858173301165
1402671440177078272,negative,5.428714911983298e-06
1402671440550375429,negative,0.08737115598764113
1402671441372385280,negative,0.00889169368402248
1402671441842212868,negative,0.12322374059022631
1402671441926033409,negative,0.00020268668104642557
1402671442970431488,negative,0.0023771061188909855
1402671447198375950,negative,0.0024969851727082754
1402671448142061568,negative,0.00015248088686033515
1402671448733503499,negative,0.09085838354094262
1402671448754376708,negative,0.014294063370558954
1402671452256604165,neutral,0.4749008153267321
1402671452877377537,positive,0.9548932111348519
1402671453569433601,negative,0.026139761062815504
1402671455867916289,negative,0.01642266660189034
1402671456211898374,negative,8.308969784429649e-07
1402671456262184963,neutral,0.36173512508686567
1402671457017155584,negative,0.0064753935472871525
1402671458162298882,neutral,0.577909136773818
1402671458329976849,negative,0.07028650318518999
1402671459449901066,negative,0.000624764890780097
1402671459600900101,negative,0.3172914771801409
1402671459814813701,negative,0.006960472926429422
1402671460020281352,negative,0.06265860095016826
1402671460095873028,negative,1.0644543040241283e-06
1402671460171329537,neutral,0.5534133316493424
1402671460615864331,negative,0.011745630363728351
1402671460813058052,neutral,0.4866647637908391
1402671463468093454,negative,0.031927600314846497
1402671464311046154,negative,1.812256543837922e-05
1402671464504037376,negative,0.007829285817387618
1402671465099677710,negative,5.4355115956825925e-05
1402671468190879765,negative,1.715181741330721e-09
1402671469847527428,negative,7.946884662217846e-08
1402671471030378497,neutral,0.35509496682161057
1402671471231602691,negative,0.0013787493767386816
1402671471894409225,negative,8.747218298656548e-08
1402671474037698570,negative,0.25437770142783683
1402671474503258120,negative,0.0744184792942043
1402671476839493638,negative,0.00020268668104642557
1402671477258924035,negative,0.07433092031701347
1402671480085925891,negative,2.8955824805969915e-05
1402671481998516226,negative,0.004476765942951985
1402671482728337418,negative,1.7443476098634796e-05
1402671483931987969,negative,0.0031054623637801673
1402671484129140738,negative,0.006895415037323665
1402671484733169667,negative,0.21433552074450707
1402671484980580355,neutral,0.5182408255893437
1402671485458731015,negative,0.0014791108445603438
1402671486620639235,negative,0.025266542250866733
1402671487455203335,negative,0.006099313300500436
1402671487585226761,negative,0.0049573332060130594
1402671487685955587,negative,0.00014507184919720508
1402671489128730634,negative,0.05831843784808232
1402671491221757953,neutral,0.5137959781910545
1402671492538769412,negative,0.0009466437795502501
1402671493541154822,negative,0.0003710389349732214
1402671493830619145,positive,0.8066145443807103
1402671494157815808,negative,0.06956819782545667
1402671495076364288,negative,0.00033945122992250557
1402671495378354185,negative,1.0519617608393657e-09
1402671496212926468,negative,2.6546286355936923e-07
1402671496514912263,neutral,0.3500464946084632
1402671496867295242,negative,0.23547448214396235
1402671497144147968,negative,0.00019871361421965552
1402671497618014213,negative,0.0012368602377834195
1402671498402439174,negative,0.08569608730129531
1402671498612072450,negative,0.0009395554443728622
1402671500319207426,negative,0.31431858836719523
1402671501485215751,negative,0.030291071617996067
1402671501812371466,negative,0.0020638225144577324
1402671502277939206,negative,0.002912664424265548
1402671503808868359,negative,0.0003023805063175736
1402671505352314880,negative,8.275082222365986e-05
1402671505612365832,negative,0.03645638597004736
1402671505813741575,negative,0.00035804729654256753
1402671505843052549,negative,0.010320231446011024
1402671506677698565,negative,0.04211714422806627
1402671506816110592,negative,0.005208326003987503
1402671506971258881,negative,1.7521497093346897e-05
1402671507017502726,negative,0.0030367423845207102
1402671507143368709,negative,4.224571680121643e-07
1402671507604742149,negative,1.1055216885127105e-06
1402671507759898624,negative,0.08534500931204615
1402671508250574850,negative,0.3242229476227804
1402671508539990022,negative,5.805991387812143e-06
1402671508682592259,negative,0.00015248088686033515
1402671511023017987,neutral,0.442878047314665
1402671511505444874,negative,0.00035377639926720413
1402671511870312455,neutral,0.3429597528638457
1402671512969265160,negative,0.03702118417703629
1402671513317253120,negative,0.0017969437965044772
1402671516844761094,negative,0.06589975850927038
1402671517708832772,negative,0.003765262332008769
1402671518530875392,negative,0.0004196002196296547
1402671519101292546,negative,0.2665151714721201
1402671519260712966,neutral,0.36579820699353094
1402671519713615872,negative,2.628414154356387e-05
1402671520032378881,negative,0.054777043658565935
1402671521114431488,negative,0.0008468063385110309
1402671521143918595,negative,0.06255523664204865
1402671522527989760,negative,0.014696201098863576
1402671524008673281,negative,3.6977007411149215e-07
1402671525141090306,negative,0.032686520239629084
1402671527552823304,negative,0.043936185695672494
1402671527607275522,negative,0.2138809720425418
1402671528907579398,negative,0.0016856066009950318
1402671529255657478,negative,0.06768258248407405
1402671529285062658,neutral,0.3726847435457324
1402671531323428869,negative,7.901228358052136e-06
1402671531784818691,neutral,0.38839680116598807
1402671532321685505,negative,0.0035103505017064127
1402671532535599113,negative,0.0022752576872444655
1402671533122859015,negative,0.050122074205591845
1402671534980935688,positive,0.7672465289225731
1402671535157092359,neutral,0.408942169628454
1402671535383580676,negative,0.016354281169421118
1402671536692137998,neutral,0.39539329059626466
1402671537556279310,neutral,0.49789225920557484
1402671538487373828,negative,6.67611272061485e-08
1402671539192053760,positive,0.7355093453736364
1402671540064358405,negative,2.8124956586715653e-08
1402671541851205635,negative,0.004382604972999215
1402671542518136841,negative,0.00044851136330409933
1402671543352692741,negative,4.5949921315099166e-05
1402671543440842755,negative,0.02428006614947694
1402671543709220868,negative,0.15608868916466107
1402671544111972364,negative,0.12218116507000928
1402671545156259842,negative,0.0015179276116861606
1402671545932292096,positive,0.7631927813365514
1402671546896769030,negative,0.0007197847378646633
1402671546964090887,negative,0.00234657780725221
1402671547685421062,positive,0.9991536580507301
1402671547819642881,negative,0.2155945142213284
1402671547903528960,negative,0.11794983638474398
1402671549476450305,neutral,0.49789225920557484
1402671549547692034,negative,0.00027781516722646336
1402671550713716741,negative,0.000624764890780097
1402671551888211973,negative,1.7720450720420939e-06
1402671552806670343,negative,0.035517445264189956
1402671553549066242,neutral,0.49789225920557484
1402671553821687810,neutral,0.49789225920557484
1402671556308918276,positive,0.7690186638411569
1402671556309008385,negative,0.0008468063385110309
1402671556875141125,negative,0.0033068838905845484
1402671559370760204,negative,0.09855220600201325
1402671560117440519,negative,0.21765975894732212
1402671562562719745,negative,0.09089739463017658
1402671563481272322,neutral,0.4737554465528978
1402671564026433540,negative,0.25020254715134727
1402671565003792385,neutral,0.40909563371415475
1402671565356011520,negative,0.00020268668104642557
1402671565406416901,negative,2.3893761598912884e-07
1402671565494444039,negative,8.110189560246641e-05
1402671565922344964,negative,0.2851259002136178
1402671566324895749,negative,3.957660605283429e-09
1402671569890168842,negative,0.28609167794492607
1402671570083008512,negative,0.008491144329752773
1402671571609821186,negative,0.033269313687103653
1402671572293410816,neutral,0.5002570270989224
1402671572696117255,negative,0.008790224225296468
1402671573576949761,negative,0.19224535176805121
1402671573849591809,neutral,0.5072356650497893
1402671575392997377,negative,0.02987639784926889
1402671576596811781,negative,0.00651262922481787
1402671577230151680,negative,0.01484172488492658
1402671578190602244,negative,0.0019100020884992575
1402671578803064837,positive,0.9302515956086713
1402671578853298179,negative,0.16357067364769767
1402671580241616901,negative,0.1844221551389556
1402671581093150724,negative,0.1378763640501679
1402671581587968001,negative,0.032686520239629084
1402671582217187336,negative,0.00039176539140121106
1402671582464688129,negative,0.04898312032845412
1402671582691139589,negative,0.05616600362865803
1402671582888312833,negative,6.686323140438624e-06
1402671583127388169,positive,0.9997435592868792
1402671583286673408,negative,0.06904187015378999
1402671585148997635,negative,0.0006934945785756647
1402671587216789514,negative,0.044228929123543176
1402671587581739008,positive,0.9878661524588132
1402671589448159239,negative,0.18392222647119713
1402671590387691527,negative,0.00020268668104642557
1402671590807162882,negative,0.000980914164592184
1402671590949675021,neutral,0.5587296211096968
1402671591826378756,negative,0.1295622923919365
1402671592321212418,negative,0.008607785202439147
1402671594452008966,negative,0.09033910252198331
1402671594514878464,positive,0.6791223579976803
1402671594988834822,negative,1.3231986705625531e-05
1402671596448321541,negative,7.207335643065328e-06
1402671596540727305,negative,0.19674439276676672
1402671596742103040,negative,0.18796574318776013
1402671596851142656,neutral,0.577909136773818
1402671596867837962,negative,2.0388053895742513e-07
1402671598029639682,negative,0.0003267943170524957
1402671598436560897,negative,0.12535232299245253
1402671598675632128,negative,0.0037561506265817567
1402671604749017090,negative,0.012454240225287173
1402671605097005059,negative,0.20577266440522052
1402671605164261382,neutral,0.4302535543944145
1402671606367936523,negative,0.054777043658565935
1402671606485422086,negative,0.0029681228738247445
1402671606678310912,negative,0.10678108157289383
1402671607118811138,neutral,0.49789225920557484
1402671607538241544,neutral,0.49789225920557484
1402671608783937536,negative,0.00031359526709176565
1402671609304002560,negative,0.21433552074450707
1402671609522053123,neutral,0.40909563371415475
1402671610327355392,negative,0.0014993420299187733
1402671610386059266,neutral,0.40909563371415475
1402671613347340298,negative,0.20438790984854657
1402671613628321807,neutral,0.3972509291595535
1402671615461187584,negative,1.715181741330721e-09
1402671616077799428,negative,0.0009466437795502501
1402671617134759936,negative,0.011488307187773262
1402671617868771329,negative,0.06589975850927038
1402671618435043335,positive,0.8694453218766175
1402671618481065991,negative,0.00014706850185419338
1402671618854473728,neutral,0.5678942780360332
1402671619047370757,negative,0.10470891443198739
1402671622381842437,negative,0.004382604972999215
1402671624822870016,negative,0.0014115710585700394
1402671626303459328,negative,0.0023771061188909855
1402671626555211784,negative,0.2155945142213284
1402671627238887430,negative,0.0013020748258049508
1402671628471914501,negative,7.323894680655365e-08
1402671629902270467,negative,0.04326749920868208
1402671630401380357,negative,0.0007617261025850532
1402671631168835587,negative,0.00015248088686033515
1402671631252791299,negative,0.0018538497906761572
1402671631282094090,negative,1.6895019931623934e-08
1402671632078999555,negative,0.3087290515561506
1402671633526108169,neutral,0.5918729194682458
1402671636801785858,neutral,0.3358218310945649
1402671637405655046,neutral,0.4620553115569462
1402671637707821058,negative,1.7551246026034478e-07
1402671639599452164,negative,2.6351690429622775e-05
1402671640174026752,negative,0.06255523664204865
1402671643399426050,negative,1.43752186993714e-06
1402671643772829706,neutral,0.49789225920557484
1402671644544536580,negative,9.37958808331936e-05
1402671644578045960,negative,0.00493459445752079
1402671645534400519,neutral,0.5786524337181943
1402671646343901187,negative,0.06255523664204865
1402671647207964672,negative,0.000875766500992276
1402671648252252161,neutral,0.5918729194682458
1402671648663347208,negative,0.10869669960734156
1402671648688545794,negative,0.007208474596540736
1402671651167289344,negative,0.0002611439945063201
1402671651674787845,negative,0.05831843784808232
1402671652178219014,negative,0.002354310849354029
1402671652568248323,negative,0.02564339498694838
1402671653277081600,negative,0.07379963277091922
1402671654019403786,negative,0.10470891443198739
1402671655030296576,negative,0.25713377043441715
1402671655365877761,negative,0.03005210518976716
1402671655512690689,neutral,0.33968790282220235
1402671656062103555,negative,0.0522070867456433
1402671656355704841,negative,0.003884497307251434
1402671658813562885,negative,3.78817458945562e-05
1402671658985574402,positive,0.9024686363835621
1402671659111354370,negative,1.6144280574937044e-06
1402671659883061254,negative,6.932390577271214e-06
1402671660327739399,negative,0.02673972846544148
1402671661967712258,negative,0.09047585515267088
1402671663188152324,negative,0.00022846325442113944
1402671667499962377,neutral,0.45865158599960215
1402671667999121413,neutral,0.408942169628454
1402671668108091397,negative,0.2022116893880138
1402671668833800195,negative,0.09773722315230571
1402671671761379330,negative,0.0008262189443620746
1402671671778201600,positive,0.8256498490595531
1402671672411439105,negative,0.06255523664204865
1402671672474341385,negative,0.00020268668104642557
1402671672545746949,negative,0.002138625751751312
1402671673619456004,negative,0.03702118417703629
1402671674722504714,negative,8.206811522411253e-05
1402671676400312321,positive,0.9633894245446962
1402671676635160581,negative,0.10752639724177471
1402671677067116547,negative,0.00015248088686033515
1402671677369167882,neutral,0.5126622102799877
1402671678363156480,negative,0.05936583052243792
1402671678640041990,negative,0.03870186503751622
1402671678954557441,negative,0.1765349760797645
1402671679302782979,negative,1.7155590991088482e-05
1402671680082821127,negative,1.7155590991088482e-05
1402671680368021507,negative,0.21301092792490348
1402671682318438406,negative,0.005828059579880551
1402671682742071302,negative,0.1889731943884357
1402671683715092490,neutral,0.5269751796825873
1402671684130426891,negative,0.001772171518333342
1402671684419821579,negative,0.11631075341118745
1402671684423925765,negative,0.0408077357492982
1402671687619989505,negative,0.0008071478676438674
1402671688081457161,negative,0.11642804361262854
1402671688614043664,negative,0.04909327854217433
1402671690497380354,neutral,0.5918729194682458
1402671691076096000,negative,0.0071980339948809376
1402671691277422594,neutral,0.4507454498615163
1402671691801763840,negative,4.705719923655338e-10
1402671692082733062,positive,0.6627514330312124
1402671692107989001,negative,0.004382604972999215
1402671693764694020,neutral,0.5137959781910545
1402671694167302148,positive,0.9024686363835621
1402671694922366985,negative,1.2415918338110652e-10
1402671695329214465,negative,0.03702118417703629
1402671695454949376,negative,0.09089739463017658
1402671696373501954,negative,0.07212025924023883
1402671697321398272,negative,0.05077761273775463
1402671699812925446,negative,0.016038736949438505
1402671700295172100,negative,0.2812124665127172
1402671702149107712,neutral,0.5918729194682458
1402671702941786117,neutral,0.5614152023143125
1402671705114525700,neutral,0.551077815994506
1402671708197249032,negative,0.0397928952988544
1402671708381847562,negative,0.0029649303817683723
1402671708503429123,negative,0.12218116507000928
1402671709019385856,negative,3.9078391898235625e-05
1402671710139256834,negative,0.0035757859731305
1402671710567084033,negative,0.1438813972593036
1402671712496500736,positive,0.9458764709042005
1402671712639111177,negative,0.0013665514426111235
1402671713637351431,negative,0.03005210518976716
1402671715038212102,negative,0.3079211287249981
1402671715470118916,negative,0.13949552936821852
1402671719329026048,negative,0.05691216444359638
1402671720142716933,negative,0.02701150846904301
1402671722889945090,neutral,0.4396343676356297
1402671722902532098,negative,0.041541310691785155
1402671724970270725,negative,0.2051078942539852
1402671725049954304,negative,0.0017935384349600225
1402671725461094403,positive,0.6951123808679944
1402671725670699017,neutral,0.5847444094527869
1402671726358638598,negative,0.003991451006001597
1402671727444959234,negative,2.008349344083755e-06
1402671727621062662,negative,0.004865474981392041
1402671728082493441,negative,7.130025681789903e-20
1402671729168863239,neutral,0.5678942780360332
1402671729416278018,negative,0.09033910252198331
1402671729437200391,negative,0.022462354256301727
1402671730280255498,neutral,0.5892816638711716
1402671731261722629,negative,0.12112352078210593
1402671731471495183,negative,0.00886074250342657
1402671731957981184,negative,0.04228224902021591
1402671732364808195,neutral,0.5212084554669985
1402671733329571846,negative,2.6904220143517924e-06
1402671733597945857,negative,4.105583086001163e-09
1402671734327816196,positive,0.9024686363835621
1402671735472758784,negative,0.1045519032918484
1402671736223678469,negative,5.336291513673074e-06
1402671737981001732,negative,0.10470891443198739
1402671738211770373,negative,0.00015248088686033515
1402671738635362305,negative,0.03702118417703629
1402671739620974592,negative,0.001570740807557807
1402671740094976003,negative,0.003880632283176319
1402671740455686147,negative,7.354249426020352e-05
1402671743601463303,negative,0.03005210518976716
1402671744226312204,negative,0.003207948732862343
1402671744457060353,negative,1.7155590991088482e-05
1402671745811849216,negative,0.012454000627806416
1402671745937641480,negative,0.002119508384490326
1402671749079175169,neutral,0.40909563371415475
1402671749125316622,negative,6.84359519474816e-06
1402671752816349186,negative,0.18392222647119713
1402671753730695179,negative,0.10973296601072308
1402671753994944519,negative,0.21081129865670467
1402671755051913216,negative,2.545237878455367e-06
1402671755332927488,negative,0.07724514202951188
1402671755395805184,neutral,0.4990484376671557
1402671756247277570,negative,3.0130862012283668e-05
1402671756675108865,negative,0.0003595769584228472
1402671757031612421,negative,0.1438813972593036
1402671759527194628,negative,2.8172010965326406e-06
1402671759837515782,negative,0.08587565806600989
1402671761846640645,negative,0.001438536031424746
1402671762429599746,neutral,0.5269751796825873
1402671764417691648,neutral,0.5318834537628724
1402671765768318984,negative,0.0048875167576851565
1402671768419061760,negative,0.016525106725645448
1402671769136386051,negative,0.32359009059143207
1402671769778012163,negative,3.1418783899247485e-05
1402671770369417216,negative,0.20065109901453432
1402671770889502721,negative,8.005059150887699e-05
1402671770897993728,neutral,0.46127768308170247
1402671772160364545,negative,6.424926267394277e-10
1402671772202328064,negative,2.797176119019859e-05
1402671772252708866,negative,0.06826407186997632
1402671772906962945,neutral,0.40623006246991744
1402671773469052929,negative,0.206425280413487
1402671774404431873,negative,0.0012665961147395827
1402671774446329859,negative,0.21433552074450707
1402671774945493005,positive,0.9548932111348519
1402671775398379522,positive,0.9999457393331679
1402671777973780483,neutral,0.49789225920557484
1402671779328442373,negative,0.01872133252532278
1402671779487830018,negative,0.008810659153008476
1402671781098491910,negative,0.0404032151346449
1402671781379555331,negative,0.20771934817642312
1402671783564697606,negative,0.03005210518976716
1402671783589859329,negative,0.0019100020884992575
1402671784797818881,negative,0.04876614156462202
1402671785502461963,negative,0.05811738152946531
1402671786421071875,negative,0.0404032151346449
1402671789096980481,negative,0.081449849411829
1402671790019825665,negative,0.00407926509311509
1402671791194132481,negative,0.005629741426136483
1402671792024604675,negative,3.985062764092583e-05
1402671792024653832,negative,0.011488307187773262
1402671792427315201,negative,0.00043509321151263505
1402671792553070606,negative,0.19440098364447547
1402671794130092035,negative,0.003884497307251434
1402671795279470592,negative,0.20454001336523542
1402671795891851268,negative,0.00015248088686033515
1402671796688674820,negative,0.023105063621770564
1402671796910952449,neutral,0.3492732967706566
1402671797380825098,negative,5.1547418745393374e-08
1402671797384925188,negative,0.06589975850927038
1402671798572007434,negative,0.15487737203545152
1402671799347859457,negative,0.0021237407661403563
1402671800190918669,negative,0.16629820100602336
1402671800534900736,neutral,0.42731488696630027
1402671800761393159,negative,0.005828059579880551
1402671801549967361,negative,0.19311067094070053
1402671802359422982,negative,2.3654362601312763e-08
1402671803215106055,negative,0.14427219265400335
1402671803550609408,negative,0.07978303391184163
1402671803940622349,negative,0.005134478559673611
1402671804242710529,negative,0.03496720109665099
1402671804418768905,negative,0.045157373397462196
1402671805664485381,negative,0.2786191221238764
1402671806943830022,neutral,0.5088253157799723
1402671806998269952,negative,0.04030702679927452
1402671809028309000,negative,0.0016856066009950318
1402671809690996738,negative,0.0171031709003921
1402671811037442049,neutral,0.5306398704057798
1402671811058413576,neutral,0.6201062014302675
1402671811242909711,negative,3.78817458945562e-05
1402671812295733248,negative,6.236696276435074e-10
1402671812891324418,neutral,0.4143856101811453
1402671812962664464,negative,0.0016856066009950318
1402671814057377793,negative,0.18796574318776013
1402671814610915329,negative,0.2411171381745548
1402671816489984003,negative,0.0024969851727082754
1402671816859013120,neutral,0.546708242005271
1402671818222276609,negative,0.0003602324403828378
1402671818427805699,negative,0.06255523664204865
1402671819702870016,negative,0.03279366906454316
1402671820600397831,negative,0.0038450451296255343
1402671820998955011,negative,2.6546286355936923e-07
1402671821183463428,negative,0.00015860233122967608
1402671823091900422,neutral,0.3402002040945113
1402671824765399043,negative,0.004347855688257168
1402671825100763142,negative,0.0028477124498894504
1402671826002747401,negative,0.0064753935472871525
1402671827269394434,negative,0.0033369567330791645
1402671830125715461,negative,3.803010413900608e-08
1402671831811772419,neutral,0.49789225920557484
1402656822117519362,negative,0.027676191637451796
1402656829394472963,positive,0.8339464925624334
1402656847123959810,negative,0.2080069320105487
1402656848411496466,negative,0.055558822824904985
1402656855462137873,negative,0.01872133252532278
1402656861166391299,negative,8.398458028884335e-07
1402656872751157250,negative,1.2035330104954426e-06
1402656889687654408,negative,6.667802249015065e-05
1402656914631168007,neutral,0.4382678285195332
1402656916229312512,negative,0.0034636955333168834
1402656922931806208,negative,0.0016856066009950318
1402656925880307716,negative,0.0023771061188909855
1402656928220725250,negative,6.622952932627444e-09
1402656929244233733,negative,0.06480614518913538
1402656939662786561,negative,2.2327190308305122e-07
1402656947254534146,negative,0.021233808648097593
1402656972718194696,negative,0.019069234147858133
1402656979718389768,negative,0.18067214713394303
1402656986286669827,neutral,0.49114048206328076
1402656986450173954,negative,0.16457147940448735
1402656986617978885,negative,0.05441945098481216
1402656986664218626,negative,0.16378386535978826
1402656986915762177,neutral,0.5103714584610226
1402656991307239425,negative,0.008882039392116032
1402656994612461568,negative,0.0925928539506085
1402656996575305728,negative,0.14695476286911882
1402657013457461256,positive,0.7555261343015127
1402657014338265088,negative,0.0007363238046051288
1402657014438842370,negative,0.0016856066009950318
1402657027156029440,negative,0.2155945142213284
1402657031178309636,negative,0.1998953479058997
1402657032403095553,negative,0.021957682859570428
1402657044000350212,negative,0.03150646367492985
1402657045724254210,neutral,0.40855046400141204
1402657050430222336,negative,4.134949789440851e-05
1402657058881691652,negative,0.0007760860269158711
1402657072269889538,negative,0.032686520239629084
1402657083577835523,negative,0.007752784512533954
1402657088384425992,negative,0.06022408148745919
1402657090624163842,negative,0.04687007765752611
1402657091098222597,negative,0.019069234147858133
1402657100405297154,negative,0.0007055125723791299
1402657101772693507,negative,0.2155945142213284
1402657121825693698,negative,0.24875947145547614
1402657122031214594,negative,0.003066450422385996
1402657125818589192,negative,0.014421615694485428
1402657126837850113,negative,3.0129927325985016e-05
1402657129178271744,negative,0.04909327854217433
1402657158865555457,positive,0.9782734648295923
1402657165253435393,neutral,0.3669241601938948
1402657171238789123,negative,0.0016856066009950318
1402657175659495428,negative,0.2155945142213284
1402657191291768833,negative,0.0016856066009950318
1402657201181835272,negative,0.0023157829373026367
1402657206307282952,negative,0.0925928539506085
1402657219074723848,negative,0.0801924545854761
1402657220127514625,negative,0.06022408148745919
1402657223143215108,negative,0.1816496915292662
1402657227329130499,neutral,0.33087757375300114
1402657235625562116,negative,0.0016856066009950318
1402657238863462402,negative,0.0008174447928852635
1402657246480408585,negative,2.313349933003432e-09
1402657250792116233,negative,4.6259140783713025e-06
1402657252486651919,positive,0.9976151921826037
1402657252994011145,neutral,0.5175030083291732
1402657253262565381,negative,4.6259140783713025e-06
1402657256332697604,negative,0.019069234147858133
1402657258539040771,negative,0.04437609968963084
1402657260443160577,negative,0.007709365646729477
1402657267854581769,negative,0.003792407934864152
1402657269024579592,negative,0.019069234147858133
1402657272996810756,negative,0.00014542277889497343
1402657277732081664,negative,0.019069234147858133
1402657289299914756,negative,0.1453492767221179
1402657299060203533,negative,0.003208576761971494
1402657318043586562,negative,0.007752784512533954
1402657324922281996,neutral,0.39846391252391167
1402657331918344208,negative,0.002455616782483314
1402657332341903363,negative,0.04592922756808047
1402657333457600513,negative,0.0034636955333168834
1402657341099720705,negative,0.00018437850561376384
1402657353632301060,negative,0.001487835632180568
1402657357331640322,negative,4.6259140783713025e-06
1402657360070467584,negative,0.0034636955333168834
1402657366085095427,neutral,0.33578759158135824
1402657370338115585,negative,0.1351767234962014
1402657374775644160,negative,0.1453492767221179
1402657379137826817,neutral,0.34176455497270863
1402657380073193473,negative,0.0024796944808916947
1402657381004234754,negative,0.01872133252532278
1402657386301739012,negative,0.16457147940448735
1402657389292056576,negative,0.1453492767221179
1402657399652204550,negative,0.07793147970118249
1402657400163819521,neutral,0.3344458471712187
1402657400709124103,negative,0.06022408148745919
1402657405117292545,negative,0.06022408148745919
1402657409382879236,negative,0.019069234147858133
1402657413476634624,negative,0.16125652024475642
1402657414457987080,negative,0.007752784512533954
1402657416253214725,neutral,0.49789225920557484
1402657419889725445,positive,0.9694937277400333
1402657421340811267,neutral,0.5297386048855587
1402657423320563714,negative,0.0034636955333168834
1402657423773536262,negative,2.7368326819280725e-07
1402657424788660225,negative,0.1962937113421114
1402657426042757125,negative,0.003792407934864152
1402657433709916163,positive,0.8734271436888497
1402657435689570308,negative,0.1529104434224339
1402657445063835651,neutral,0.40855046400141204
1402657446167027712,negative,0.001487835632180568
1402657450038370306,negative,0.007852525987337804
1402657451850223619,negative,0.06022408148745919
1402657458628218882,negative,0.0026356797021369702
1402657461056704513,negative,0.014421615694485428
1402657473488732166,negative,0.3218121210655105
1402657484607680519,neutral,0.5297386048855587
1402657486252003338,negative,0.00011886352074922578
1402657488525086720,neutral,0.5297386048855587
1402657488575647751,negative,0.027264704448294954
1402657510172004357,negative,0.18489467908545765
1402657515477872642,negative,0.002062578713962333
1402657522817843201,negative,0.18067214713394303
1402657527532240896,negative,0.002565575871592853
1402657530761957385,negative,0.009016124912233177
1402657541033795586,negative,0.012530168297029664
1402657545769177093,negative,0.06022408148745919
1402657546465431557,negative,0.006817621443493984
1402657546712850439,negative,0.2475570304736495
1402657547123892232,negative,0.018846954178985423
1402657549850132482,negative,0.019069234147858133
1402657558272385026,negative,0.08445311179054074
1402657559962587141,negative,0.052048233231563525
1402657562265276424,negative,0.002062578713962333
1402657563028623361,negative,8.317549632178905e-06
1402657595366707201,negative,0.1998953479058997
1402657631043473409,positive,0.9912143776154959
1402657648256892931,neutral,0.33578759158135824
1402657660902723594,neutral,0.442583006521821
1402657663402627084,neutral,0.49564478875955365
1402657675477929989,negative,0.019069234147858133
1402657681979154447,negative,0.06022408148745919
1402657688354500611,negative,0.14695476286911882
1402657706440376325,negative,0.06022408148745919
1402657707560218625,neutral,0.331160741807894
1402657717244903429,negative,0.00610065671984185
1402657717630738434,negative,0.019069234147858133
1402657721955012609,negative,3.78817458945562e-05
1402657727839670274,negative,0.0016856066009950318
1402657730410713088,negative,0.0025174626246831015
1402657755609980932,negative,0.008741049057556332
1402657760429236226,neutral,0.3499352441185855
1402657762241355779,negative,0.03352752113174974
1402657764652945408,negative,0.1453492767221179
1402657767173808128,negative,0.016345330864434522
1402657768738373633,negative,3.265139335873289e-05
1402657776472629257,negative,0.0008213491789427514
1402657777206632451,negative,0.008787525787110336
1402657803660107778,negative,0.0016856066009950318
1402657814560972800,negative,0.2155945142213284
1402657826095439876,negative,0.0016856066009950318
1402657826787442689,positive,0.9480659964001873
1402657834286960650,negative,0.019069234147858133
1402657839496183812,negative,0.1139598408998874
1402657843946340353,negative,0.05977053893941942
1402657850992779268,positive,0.7692598443220963
1402657852997750792,negative,0.00011198180346758952
1402657864569741322,positive,0.7692598443220963
1402657872887099393,negative,0.03642942025312162
1402657883511218180,negative,1.1243475743255992e-06
1402657891958591501,negative,0.001487835632180568
1402657897276919816,negative,0.00561608306517145
1402657897490812929,negative,0.003792407934864152
1402657898019229701,negative,0.019069234147858133
1402657902423384068,negative,0.1230466468673496
1402657905501933573,positive,0.9912143776154959
1402657911806046211,negative,4.6259140783713025e-06
1402657916306534407,negative,0.212751509012591
1402657920135925760,negative,0.009750993356348568
1402657930172940288,negative,0.005471131092048577
1402657935470301194,negative,0.18067214713394303
1402657935667380225,negative,0.10037783377072668
1402657952255942658,negative,0.0235838565934459
1402657958094381067,negative,0.032686520239629084
1402657961026244609,negative,0.019069234147858133
1402657966352846849,positive,0.842353036963926
1402657971704930310,negative,0.0016856066009950318
1402657980533911555,negative,0.01255536328482471
1402657980584243205,neutral,0.5137959781910545
1402657993179738113,negative,0.009513855889347389
1402657993863335945,negative,0.18067214713394303
1402657999462744067,negative,0.019069234147858133
1402658003166261259,negative,0.1453492767221179
1402658004290314245,negative,0.1453492767221179
1402658008375742465,neutral,0.3565255710482475
1402658010560974855,negative,0.012688800398490893
1402658011919925257,negative,0.03135266556708799
1402658019545174024,negative,0.048564867156269044
1402658020249812994,negative,0.0016856066009950318
1402658032597753859,negative,2.9304405411687177e-09
1402658042940997632,negative,0.027264704448294954
1402658044820045825,negative,0.019069234147858133
1402658052084535300,negative,0.001487835632180568
1402658065124671489,negative,2.1497873651999507e-05
1402658065695059969,negative,0.0016856066009950318
1402658072372387841,negative,0.0018778324953708844
1402658080014405635,negative,0.0016856066009950318
1402658080433881088,negative,0.03642942025312162
1402658097395605504,negative,0.0007915344697545379
1402658097856909317,positive,0.7421602654611243
1402658099320737799,negative,0.057066782997521916
1402658112767725576,negative,0.13454087585546887
1402658127758118914,negative,0.019069234147858133
1402658130681643017,negative,0.019069234147858133
1402658133642780687,negative,0.00014542277889497343
1402658137874776064,negative,0.0925928539506085
1402658143998447616,negative,0.10140378941223072
1402658145709789189,negative,0.006673364658784248
1402658147614048263,negative,0.007145411849679499
1402658150164086789,negative,0.003792407934864152
1402658153829961732,negative,0.0023771061188909855
1402658155302211585,negative,0.17537762716762156
1402658158372343813,negative,2.1076487885609513e-06
1402658186495246343,negative,0.00014542277889497343
1402658186671370244,negative,0.04048327875681423
1402658186897809414,negative,0.20771934817642312
1402658200437002246,negative,0.0010277137651238178
1402658201787584522,negative,0.003792407934864152
1402658204320993286,neutral,0.5137959781910545
1402658205667401735,negative,0.002166672684139368
1402658208976625668,negative,0.015109451861940185
1402658214622212099,negative,3.78817458945562e-05
1402658215465267200,negative,0.1139598408998874
1402658215536496645,negative,0.01872133252532278
1402658226940882949,negative,0.00041778884905704916
1402658231172882433,negative,0.07622538756310888
1402658234486321154,neutral,0.5297386048855587
1402658234754818051,negative,0.0014524534482215903
1402658240157073408,negative,0.048564867156269044
1402658241406980096,neutral,0.331160741807894
1402658241411043332,negative,0.10556989307630925
1402658243369910273,negative,0.2155945142213284
1402658257840263168,negative,0.030514195843818898
1402658262068125701,negative,0.017239222887159726
1402658279067508739,negative,0.029473680084027756
1402658289494675458,negative,0.00014542277889497343
1402658298122452992,negative,0.10816286334134015
1402658301859483652,positive,0.9912143776154959
1402658316396924938,negative,0.0016922641965132893
1402658326928936964,negative,0.017767898932742415
1402658339742490626,negative,0.18392222647119713
1402658349024489479,negative,0.0007915344697545379
1402658349976588292,negative,0.0007915344697545379
1402658350865784834,negative,0.0007915344697545379
1402658351532679176,negative,0.1139598408998874
1402658370130264065,negative,0.01872133252532278
1402658372990771205,negative,8.075167565843496e-11
1402658373288566786,negative,3.78817458945562e-05
1402658373951176705,positive,0.9560485480874319
1402658375314333700,negative,0.18392222647119713
1402658379923922949,negative,0.1708079151275053
1402658396696875012,negative,0.0001338155733730657
1402658400111038464,negative,0.1139598408998874
1402658402069794822,negative,1.0002574711972582e-05
1402658402803798018,negative,0.014421615694485428
1402658405534285824,negative,0.09811162431612581
1402658407350509579,negative,0.022664606186979616
1402658410257076225,positive,0.6619069754408279
1402658413964939267,positive,0.999966721099313
1402658415114174464,negative,3.78817458945562e-05
1402658420562534412,negative,0.000624764890780097
1402658421292376064,negative,0.003470840898448144
1402658428342964227,neutral,0.5856889336320867
1402658447154421764,negative,0.000624764890780097
1402658472676691974,negative,0.017597159899999933
1402658475633741832,negative,0.008787525787110336
1402658482466209798,negative,0.21223536507304275
1402658494575173634,negative,0.1139598408998874
1402658499352530952,negative,0.0016856066009950318
1402658507384627211,negative,0.030514195843818898
1402658513491427329,negative,0.00013196077653125003
1402658517899751431,negative,0.019069234147858133
1402658521129406464,negative,0.0016856066009950318
1402658522836447234,negative,0.2537157931636592
1402658524258353166,negative,0.005746372676686554
1402658525109796866,negative,0.21223536507304275
1402658535515869188,negative,0.019069234147858133
1402658537009037312,negative,0.0021733684171951827
1402658540024643589,negative,0.0994705954956129
1402658552028667909,positive,0.7609868129581999
1402658553366724610,negative,0.007145411849679499
1402658558223716355,neutral,0.3499352441185855
1402658562715836427,neutral,0.40623006246991744
1402658568894038024,negative,0.10140378941223072
1402658586719834114,negative,0.00023365681397916792
1402658587202228227,negative,0.06022408148745919
1402658591232958465,positive,0.9831742842095605
1402658603455164421,negative,0.0016922641965132893
1402658618697207814,negative,7.41812248149996e-11
1402658620798537728,negative,0.0016856066009950318
1402658634010705922,negative,2.2073566992914267e-06
1402658636711841795,negative,0.00970790511761553
1402658638473449479,positive,0.7692598443220963
1402658639949742083,negative,0.21088767931067323
1402658646073434121,negative,0.12074106973525932
1402658654051049475,negative,0.019069234147858133
1402658670505299972,negative,0.032682652198798755
1402658675043483656,negative,0.18067214713394303
1402658676280856581,negative,5.021700653753026e-06
1402658685206343688,negative,0.002062578713962333
1402658687450333189,negative,0.004594268259744176
1402658693875908613,negative,0.0009875264306527277
1402658695012655106,negative,0.02659222650188149
1402658701979365376,negative,0.015108348095894708
1402658704462340101,positive,0.9658119604621324
1402658705125019653,negative,0.06317596705260628
1402658708686000131,negative,0.30721801832976103
1402658708769886209,negative,0.019069234147858133
1402658711307497479,negative,0.009016124912233177
1402658716126789632,negative,0.024558063946872228
1402658735332499464,negative,0.0011474760523778281
1402658736041304066,neutral,0.5137959781910545
1402658739958726662,negative,0.004976536711503336
1402658750113124354,negative,0.027264704448294954
1402658758929616903,negative,0.0017829997280767178
1402658759370027012,negative,0.3293059624139299
1402658764856213505,negative,0.00032530158004841073
1402658791225712640,negative,0.007752784512533954
1402658794123968513,negative,0.052592074892324425
1402658803326328836,negative,0.000624764890780097
1402658806258143238,negative,0.00561608306517145
1402658822129397762,negative,0.0011253450795978284
1402658825488982021,negative,0.0001404483138321562
1402658833764397064,negative,7.644559756556369e-08
1402658839011397635,negative,0.003792407934864152
1402658853196648453,negative,9.32844030053459e-06
1402658857420267522,negative,0.0016856066009950318
1402658860796633100,neutral,0.46127768308170247
1402658861115453446,negative,0.2155945142213284
1402658875917099011,positive,0.9996270488213564
1402658879348019208,negative,0.03642942025312162
1402658880744792071,negative,0.004985875231609755
1402658883768786947,positive,0.7100272553849817
1402658898788732939,negative,1.547776796189128e-07
1402658901510733826,negative,0.05292146984530897
1402658908469088260,negative,0.21939254360948038
1402658911493181446,negative,0.2155945142213284
1402658912944463873,negative,0.02342711317510742
1402658920108376065,neutral,0.6541359299761916
1402658927951716359,negative,0.1139598408998874
1402658930501767172,negative,0.000624764890780097
1402658939628630018,negative,0.008787525787110336
1402658942015229960,negative,1.8652769744622613e-06
1402658943453863939,negative,0.0010729920412254057
1402658955441102850,negative,0.009236914323874747
1402658966090432516,negative,1.9306765331569092e-11
1402658970439925760,negative,4.396087723973289e-06
1402658971698216960,negative,0.014502236506966939
1402658998894084096,negative,0.10140378941223072
1402658999523151883,negative,0.011065126434380495
1402659001255530500,neutral,0.5137959781910545
1402659007685332997,negative,0.008787525787110336
1402659010625540109,negative,0.010541765586509752
1402659013590925313,negative,4.6259140783713025e-06
1402659020457103373,negative,0.04127166707346024
1402659021908328448,negative,2.1780188845937786e-07
1402659024399704064,neutral,0.6412490790862367
1402659033132240902,negative,0.07261416447814768
1402659047401209866,negative,0.0023771061188909855
1402659063675056129,negative,4.6259140783713025e-06
1402659075456966657,negative,0.09437441811799226
1402659076002267139,negative,4.396087723973289e-06
1402659077033967625,negative,0.0016856066009950318
1402659078812454915,negative,0.2155945142213284
1402659094729736192,negative,0.0016856066009950318
1402659103500087307,negative,0.18557843254067324
1402659105408491521,negative,0.014421615694485428
1402659115843919879,negative,0.1139598408998874
1402659129466949634,negative,0.00561608306517145
1402659134986665991,negative,0.06022408148745919
1402659139071877123,positive,0.7100272553849817
1402659141806559237,negative,0.0003372362388083458
1402659150056677377,negative,0.11162762197975168
1402659152711892993,neutral,0.5137959781910545
1402659169174499334,negative,0.0016922641965132893
1402659170474774540,negative,0.0016856066009950318
1402659175256240130,neutral,0.33183984865164734
1402659180679417858,negative,0.06497765028487051
1402659187906199557,negative,0.001487835632180568
1402659193849589762,negative,4.6259140783713025e-06
1402659195330207745,neutral,0.49535509869094163
1402659201361588232,negative,0.0016856066009950318
1402659204662501391,negative,0.0016922641965132893
1402659206726131716,negative,0.04437609968963084
1402659212728193028,negative,0.2384385567334661
1402659218616991751,negative,0.024448487293284245
1402659222223994882,negative,0.007145411849679499
1402659227236245513,negative,0.019069234147858133
1402659236362993667,negative,0.10153473275352186
1402659242637774848,negative,0.007752784512533954
1402659243589836811,negative,0.0016922641965132893
1402659251210891264,negative,0.09606264185291145
1402659251529658373,negative,0.053424056328509405
1402659251764531207,negative,0.1962937113421114
1402659251982635010,positive,0.9145922604754942
1402659262212591620,negative,0.15242946841814084
1402659266335371266,negative,0.11162762197975168
1402659267438694401,negative,0.2984178008942282
1402659269359570949,negative,0.0016856066009950318
1402659269862961160,positive,0.8030590577578189
1402659271137955846,negative,0.0535467857362969
1402659279690252295,negative,0.0016922641965132893
1402659282789842948,negative,0.3218121210655105
1402659298077990912,negative,0.18067214713394303
1402659302326915075,negative,0.2750385264453986
1402659303404756993,negative,0.019069234147858133
1402659312128958472,negative,0.048564867156269044
1402659312464433153,neutral,0.331160741807894
1402659313840267275,negative,9.384544327336145e-05
1402659315207573504,negative,0.1704728934491861
1402659322354618371,negative,0.031995790356741875
1402659326653837316,negative,1.429087323194286e-10
1402659344416743430,negative,0.0016922641965132893
1402659353010769932,neutral,0.49789225920557484
1402659365195337728,negative,0.00014542277889497343
1402659385931964417,negative,0.2475570304736495
1402659421075947529,negative,0.10140378941223072
1402659421285666819,negative,0.06022408148745919
1402659425203130376,negative,0.1010074832392128
1402659431494586378,negative,0.000624764890780097
1402659439648313356,negative,0.007145411849679499
1402659447332298752,negative,0.0010272765695297954
1402659460858920961,negative,0.0009875264306527277
1402659461848875013,negative,0.07247746566781324
1402659476352782349,negative,0.0925928539506085
1402659483906621442,negative,0.16673151457925173
1402659488012845063,negative,0.21059427607278267
1402659507893907460,neutral,0.5700985045582742
1402659525191245832,negative,0.007145411849679499
1402659525849751564,negative,0.0016856066009950318
1402659529431605253,negative,0.000624764890780097
1402659530660618245,negative,0.03642942025312162
1402659538105475075,negative,0.008787525787110336
1402659549119750150,negative,0.0008950026107035829
1402659555893551108,positive,0.9997435592868792
1402659560385617922,negative,0.0011253450795978284
1402659573232713730,negative,0.2155945142213284
1402659574247735301,negative,0.13966254712714904
1402659576722374656,negative,0.10140378941223072
1402659577376739331,negative,0.0016922641965132893
1402659584750260230,negative,0.2170242292064985
1402660585356017670,negative,0.2155945142213284
1402660592008187938,negative,0.09802076646100634
1402660594369638404,negative,0.027971269601220823
1402660596227641348,positive,0.7100272553849817
1402660601848029185,negative,0.007227107595172505
1402660604834426880,negative,0.2257709608631781
1402660607434842119,negative,0.0004834560643700131
1402660615680933900,negative,0.04823335500826015
1402660617312522254,positive,0.7421602654611243
1402660618109325315,negative,0.003792407934864152
1402660626946736138,positive,0.7774662866532656
1402660628385480709,negative,0.03052504205200944
1402660635838713857,negative,0.000624764890780097
1402660636547600385,negative,0.06956819782545667
1402660639181578249,negative,0.09205518236013521
1402660645087154177,negative,0.2257709608631781
1402660655711363078,negative,0.09297856513231333
1402660666125791235,negative,0.007328005329850021
1402660669128839168,negative,0.0023771061188909855
1402660671049940997,negative,0.1139598408998874
1402660672756928516,negative,0.0026569503904655574
1402660674388598789,negative,0.0023771061188909855
1402660677521743878,negative,0.047749234179142515
1402660686602412035,negative,0.0694315073764962
1402660689915875329,negative,0.09297856513231333
1402660690133925890,positive,0.9840494203078056
1402660696173780993,negative,0.2257709608631781
1402660703039852546,negative,0.03642942025312162
1402660709729775621,negative,4.512347324420708e-05
1402660710597935105,negative,0.01243277305210285
1402660712237912064,negative,0.03380856868190976
1402660720249085954,negative,0.0017663899014321734
1402660723545755651,negative,0.01243277305210285
1402660725064093700,negative,0.0925928539506085
1402660730848088065,negative,0.022084930493358645
1402660736208343042,negative,0.00035377639926720413
1402660746832531458,negative,0.019069234147858133
1402660749156270087,neutral,0.4896275340985145
1402660752876507141,neutral,0.5966308744102077
1402660753082044416,negative,0.11408730891176494
1402660755690954759,negative,0.22055263745985215
1402660767879606274,negative,0.04694365618889872
1402660782882623490,negative,0.005828059579880551
1402660790830878729,negative,0.008306155498840676
1402660795218018307,negative,0.016870461459942608
1402660831549177860,negative,0.000624764890780097
1402660834212450304,negative,0.019069234147858133
1402660835013574660,negative,0.0016922641965132893
1402660843750408196,negative,0.06497765028487051
1402660847768506371,negative,0.001487835632180568
1402660850293428226,negative,0.20439966089722336
1402660857931251718,negative,6.4797786953594195e-06
1402660858128371716,negative,0.09297856513231333
1402660858539479043,positive,0.8418707407948797
1402660884703416325,negative,0.08007608901063781
1402660886649712649,negative,0.0023771061188909855
1402660900918681606,negative,0.21223536507304275
1402660909198237696,negative,0.0028108144975639176
1402660911014236161,negative,3.7545615620351794e-08
1402660930731839499,neutral,0.4402571704036702
1402660942975021064,negative,0.011586852782379918
1402660953121038344,negative,0.019885839932597647
1402660976193945600,negative,0.1750801004493618
1402660976261058564,positive,0.8141392913248807
1402660996423073805,negative,0.0744556271024811
1402660997681274884,neutral,0.4402571704036702
1402660999489110018,negative,0.0024245804516698343
1402661007957368832,negative,0.0016922641965132893
1402661010645921795,neutral,0.5131610224412056
1402661016106844161,negative,3.323939383033049e-05
1402661024885522435,negative,3.631763879257415e-05
1402661030401093641,positive,0.9996270488213564
1402661036340170756,negative,0.1139598408998874
1402661048482779143,positive,0.9840494203078056
1402661048591790086,neutral,0.5966308744102077
1402661049455808513,negative,7.483129248852279e-07
1402661068208578562,negative,0.019069234147858133
1402661073371684867,negative,0.01111981451845905
1402661075288473602,negative,0.09205518236013521
1402661075594645506,negative,0.000624764890780097
1402661082544721928,negative,7.559282291794383e-08
1402661092036317188,neutral,0.5137959781910545
1402661095165288452,negative,0.007752784512533954
1402661096192983041,negative,0.10140378941223072
1402661100890607617,positive,0.767931051248141
1402661103210008582,negative,0.007145411849679499
1402661104426393602,negative,0.000624764890780097
1402661106741616640,negative,0.0032552410386069517
1402661109367250953,negative,0.03590073494337926
1402661109543444484,negative,0.10140378941223072
1402661109702840322,negative,0.004976536711503336
1402661117780955144,neutral,0.4402571704036702
1402661119408345096,negative,0.03590073494337926
1402661132482093065,negative,0.07655301800072808
1402661143051747328,neutral,0.5137959781910545
1402661147719913476,negative,0.1139598408998874
1402661151628926976,negative,0.16673151457925173
1402661153545805828,neutral,0.4780350104355538
1402661154061758480,neutral,0.4896275340985145
1402661159661150210,negative,0.011806284555278818
1402661164841046023,neutral,0.4780350104355538
1402661165071745024,neutral,0.4780350104355538
1402661166950846473,negative,0.01872133252532278
1402661168016199690,neutral,0.5427804419773418
1402661168561496076,positive,0.7416312712768841
1402661172390793224,neutral,0.35766102513091313
1402661175599546370,negative,0.010541765586509752
1402661178707431428,negative,0.03590073494337926
1402661181857447937,negative,0.2532833859844703
1402661182629023745,neutral,0.5137959781910545
1402661183610626054,negative,0.09297856513231333
1402661191240015879,neutral,0.40466763808712886
1402661197338525700,negative,0.09297856513231333
1402661206217867273,negative,0.006457803398406506
1402661211649581066,negative,0.003792407934864152
1402661213016838146,negative,0.010140462991622485
1402661216372281344,negative,0.0016856066009950318
1402661222667984896,neutral,0.3329812816633337
1402661224618336262,negative,0.1885649404484406
1402661228917542915,negative,0.0016922641965132893
1402661232847556608,negative,0.07889077082816688
1402661233417936898,negative,0.3200765216983107
1402661234638458886,negative,0.0016856066009950318
1402661234655256583,negative,0.32359517107834357
1402661235125018630,negative,0.003795010171250535
1402661236068790272,negative,0.013348708246150164
1402661239042416640,negative,5.599803346196344e-05
1402661239302639623,negative,0.0023771061188909855
1402661244365119495,negative,0.0012078681479018038
1402661248097996807,negative,0.0004327989725885344
1402661249100431362,neutral,0.35075369640273324
1402661255089897477,negative,0.00011270708167980932
1402661259032641536,negative,4.659224696091631e-07
1402661266666164226,negative,0.005737640883090811
1402661282780696582,negative,0.02332355145961536
1402661284097765377,positive,0.7100272553849817
1402661285020504073,negative,9.46085142208821e-07
1402661285167353856,negative,0.11408730891176494
1402661285582540802,negative,0.011566174212738664
1402661286257758213,negative,0.007145411849679499
1402661290632482821,negative,0.03590073494337926
1402661291462963201,negative,0.001487835632180568
1402661304821817345,negative,0.10844824641828824
1402661310903488514,negative,0.000624764890780097
1402661311591366670,positive,0.9911334529155806
1402661312640040966,negative,0.057801832148637246
1402661318688190464,negative,0.08098502464012829
1402661333628190721,negative,0.050143926168211755
1402661357565136899,negative,3.227561170946804e-06
1402661357858742274,negative,0.0016856066009950318
1402661382278074369,negative,0.000624764890780097
1402661386946334723,negative,0.01872133252532278
1402661396291145735,negative,0.0016856066009950318
1402661403228622853,negative,0.019069234147858133
1402661403773882373,negative,0.006695178049683154
1402661409725558784,positive,0.7221597486929977
1402661419326349312,negative,0.000624764890780097
1402661421092065280,negative,0.02332355145961536
1402661432160817155,negative,0.001367912369851043
1402661437273739266,negative,0.005885488766804744
1402661445045788678,negative,0.09297856513231333
1402661450745851904,positive,0.9286678091982967
1402661454759796744,negative,0.0190343343257764
1402661460401065984,negative,0.0367872697300969
1402661463043489792,negative,0.03784718540157027
1402661477958488073,negative,0.010939488200097786
1402661486959415302,negative,0.10140378941223072
1402661489484480512,negative,0.001487835632180568
1402661508358848512,negative,3.9367526308446897e-07
1402661518529941515,negative,5.888087868338629e-09
1402661535542042630,positive,0.7100272553849817
1402661550209576971,negative,7.346291972054364e-05
1402661554991030274,negative,0.0101517367852324
1402661558065549319,neutral,0.46127768308170247
1402661574976983043,negative,0.0017923622651061237
1402661580454641671,negative,0.05490597461862644
1402661582480494599,negative,0.15135237946691557
1402661582950313991,negative,0.010541765586509752
1402661605171773444,negative,0.011895139838691417
1402661605796716547,negative,0.0002964023741499207
1402661607600238594,negative,0.000624764890780097
1402661615116472322,negative,0.02342711317510742
1402661616940994562,negative,0.0023771061188909855
1402661629658021899,negative,0.003521955359247658
1402661650482749442,negative,0.0011253450795978284
1402661656468074507,negative,0.003470840898448144
1402661657982218242,positive,0.9997435592868792
1402661658426810384,negative,0.09297856513231333
1402661673526349826,negative,0.011806284555278818
1402661691888898051,negative,0.000624764890780097
1402661695760257026,negative,0.00014542277889497343
1402661699560390657,negative,0.26389159284109065
1402661754774118404,negative,0.1558376356200993
1402661757747859458,negative,5.648749008472724e-05
1402661758481973251,negative,0.02332355145961536
1402661767801622532,negative,0.052720823880417496
1402661767956684800,negative,0.019394934687277227
1402661776404135944,neutral,0.48728019602140255
1402661779751243786,negative,0.09297856513231333
1402661781961650181,negative,0.017378967263772905
1402661784792846344,negative,4.1643750477825854e-05
1402661792820641793,negative,0.21223536507304275
1402661792950763526,negative,0.0925928539506085
1402661794955423749,positive,0.7982748863099767
1402661798239604738,negative,0.2676305703485813
1402661801129615362,negative,0.00021316442727171343
1402661806179602433,negative,0.041724659373072966
1402661806355718144,negative,0.29632820658078934
1402661808310083591,negative,0.016245826306319242
1402661810772250627,negative,0.031772833219102924
1402661813255294980,negative,0.31793229079579644
1402661815419506698,negative,0.2570546311893131
1402661818506657792,negative,0.0925928539506085
1402661823476862980,negative,0.000624764890780097
1402661827885084672,negative,0.019156489565826242
1402661836097470475,negative,3.227561170946804e-06
1402661855231889410,negative,0.001365562072970823
1402661861171122177,negative,0.0016922641965132893
1402661861976416264,positive,0.9840494203078056
1402661865830981633,negative,0.08564910161318379
1402661878892011520,negative,0.000624764890780097
1402661880141959172,negative,0.010553557483979707
1402661888480194568,negative,0.09897831100372148
1402661896176779271,negative,0.04172102552757766
1402661903378399236,neutral,0.39846391252391167
1402661909871181827,negative,2.8383504682375092e-11
1402661930486149127,negative,0.09297856513231333
1402661947309502466,negative,0.013195598498306933
1402661947351474182,positive,0.6647331184137397
1402661952183283714,neutral,0.4927121302410118
1402661965588307968,neutral,0.5000239759388333
1402661967253364741,negative,0.04022106964188491
1402661974266241026,negative,0.25232503950507956
1402662003068571650,negative,0.019192840942113303
1402662004729552896,negative,0.03979967332182458
1402662009838125058,negative,0.0023771061188909855
1402662010949713920,negative,0.007752784512533954
1402662015374663682,negative,0.03642942025312162
1402662019334127619,negative,0.025616416671719253
1402662026376318977,negative,0.048564867156269044
1402662040808968198,negative,0.0023771061188909855
1402662062334021635,negative,0.0004327989725885344
1402662065496526851,negative,0.000624764890780097
1402662068294238209,neutral,0.49789225920557484
1402662080860278789,negative,0.019069234147858133
1402662086270926854,negative,0.09297856513231333
1402662092453421057,negative,0.001959116040210697
1402662117032005637,negative,0.07004301219392849
1402662134195097605,positive,0.9840494203078056
1402662141774254081,neutral,0.49789225920557484
1402662157662134275,negative,0.059131351144464404
1402662160505966593,negative,0.12634199587706946
1402662180277952512,negative,0.027760523374060993
1402662191518687237,negative,0.30351869142710675
1402662194567811072,neutral,0.5297386048855587
1402662200494407686,negative,2.2607184521763157e-05
1402662206471393280,negative,0.13454087585546887
1402662216369848320,negative,5.704174516819831e-06
1402662217309380610,positive,0.9222998955794892
1402662218672525316,negative,0.21059427607278267
1402662219620442119,negative,0.010541765586509752
1402662226121703425,negative,0.0016856066009950318
1402662234896076803,negative,0.005522669138620269
1402662238817861635,negative,0.2793383607209444
1402662241141415940,negative,0.00037977831400484973
1402662261852938242,negative,0.0987784634572506
1402662264176586754,negative,0.002817726641621341
1402662267611762688,negative,0.0072639162686529285
1402662271273377796,neutral,0.4896275340985145
1402662277363519489,negative,0.0002564152271170352
1402662286376931332,negative,0.059131351144464404
1402662287698063360,negative,0.059131351144464404
1402662289820438529,negative,0.059131351144464404
1402662290042802179,negative,0.002417222833991354
1402662301099073536,negative,0.02003573725197466
1402662309248606208,negative,0.3062677352474149
1402662311249072135,neutral,0.5000239759388333
1402662324113129472,negative,0.000624764890780097
1402662339049054210,negative,0.000624764890780097
1402662340013789191,neutral,0.5193902797076435
1402662341209214980,negative,0.014421615694485428
1402662346636603393,positive,0.9997435592868792
1402662356128260098,negative,0.02086594186491789
1402662356501647362,negative,0.000624764890780097
1402662375153668096,negative,0.08139259472112187
1402662397844852744,negative,0.000624764890780097
1402662401925918720,negative,0.000624764890780097
1402662403460960260,negative,0.03298373070241819
1402662405595828227,negative,0.03642942025312162
1402662412730474501,negative,0.0016856066009950318
1402662436168142850,negative,0.1139598408998874
1402662440031117323,negative,0.03933321617121116
1402662444993069061,positive,0.8491006705427353
1402662448432398340,negative,0.0002564152271170352
1402662452056281088,negative,0.0023771061188909855
1402662455810142208,negative,0.1010074832392128
1402662458288967680,negative,1.1602349036847631e-08
1402662459601739778,negative,0.03979967332182458
1402662465276727301,negative,0.0190343343257764
1402662467868803075,negative,0.057956442696201725
1402662475057729544,negative,0.0987784634572506
1402662488865390609,negative,0.057956442696201725
1402662517520863233,positive,0.6949717540073657
1402662521190879239,negative,0.00021316442727171343
1402662524793856005,negative,0.18392222647119713
1402662526756737024,negative,0.12351621992019221
1402662531794194432,positive,0.6949717540073657
1402662553805897734,negative,0.0987784634572506
1402662563687669769,negative,0.0016856066009950318
1402662572889890820,negative,0.0011606530328197705
1402662577432371208,negative,0.04785767940886459
1402662578002837505,negative,0.0023771061188909855
1402662587582627847,negative,0.0016922641965132893
1402662590166282241,neutral,0.5312936589350938
1402662592389304323,negative,5.72985149735205e-06
1402662596134768645,negative,0.0016856066009950318
1402662603051110404,negative,0.19471860600522733
1402662607694217226,negative,0.006102633459237104
1402662624656080898,negative,0.012471615317673056
1402662628200157186,negative,0.0016856066009950318
1402662630670704645,negative,4.051211677629879e-06
1402662631379509258,neutral,0.3475956646417961
1402662641252933633,negative,0.001430144274282814
1402662645669543939,neutral,0.5558581316687224
1402662648303558661,negative,0.0011253450795978284
1402662649972862979,negative,0.010553557483979707
1402662652489441292,negative,0.015188846226962404
1402662661914075138,neutral,0.4507454498615163
1402662661976997892,negative,0.00023365681397916792
1402662665667944452,negative,0.1139598408998874
1402662672416620545,negative,0.057956442696201725
1402662676665413634,negative,0.03642942025312162
1402662683938365447,negative,0.03052504205200944
1402662707933888513,negative,0.2155945142213284
1402662710458916864,negative,0.0016856066009950318
1402662711666692097,negative,0.20194085988971602
1402662718256123904,negative,0.1666447016589271
1402662722009972744,negative,0.010541765586509752
1402662736786513927,negative,0.007709365646729477
1402662758529765378,negative,0.07325869377567247
1402662760195014658,negative,0.06497765028487051
1402662767241355274,negative,0.0016856066009950318
1402662774258290690,negative,3.814971101423082e-08
1402662777483939851,negative,1.56884126007034e-06
1402662783271964676,neutral,0.4238202351263174
1402662793292271616,negative,0.003792407934864152
1402662795909369860,neutral,0.5137959781910545
1402662800271491081,negative,0.28353980488897873
1402662800397377548,negative,0.0004327989725885344
1402662804642058240,negative,0.1885649404484406
1402662821784076289,neutral,0.4507454498615163
1402662826922106886,negative,0.0014682744227911561
1402662833192456192,negative,0.0038841656778992534
1402662834601922560,negative,0.06497765028487051
1402662835847680001,negative,0.10667123755485537
1402662836355186696,negative,0.027264704448294954
1402662847998537730,neutral,0.35075369640273324
1402662848656863233,negative,0.22929993319956118
1402662865509797896,positive,0.9996270488213564
1402662870261903371,negative,0.0024343004840986777
1402662873558568961,negative,0.027676191637451796
1402662880445616128,neutral,0.3333854762157764
1402662888830025729,negative,0.0016856066009950318
1402662903547891717,negative,2.029057922693371e-06
1402662908077674499,negative,0.027012359451064203
1402662913702350849,negative,0.03784718540157027
1402662922896162819,negative,0.09297856513231333
1402662932513804292,negative,0.001430144274282814
1402662933490925570,negative,0.0987784634572506
1402662940088713219,negative,0.24149968894996554
1402662955066527746,negative,0.01773048122090152
1402662955104313345,negative,0.0987784634572506
1402662961701801991,negative,0.22929993319956118
1402662963039948801,negative,0.0016856066009950318
1402662965808091136,negative,0.11669599492312528
1402662977367678982,negative,0.011806284555278818
1402662979477311497,positive,0.767931051248141
1402662982866378768,negative,0.01739422041768549
1402662987761078279,negative,0.000624764890780097
1402662999987527687,negative,0.2788327805028144
1402663008082575362,negative,0.2356663253618434
1402663026000465925,negative,0.0036270124789420143
1402663026025713666,negative,0.11408730891176494
1402663028328439811,negative,5.541346478165079e-05
1402663032963145729,negative,0.0023771061188909855
1402663033160278026,negative,1.2648329374208148e-05
1402663033932075011,negative,0.07004301219392849
1402663041477627913,negative,8.352491021133425e-08
1402663050692464649,negative,0.0023771061188909855
1402663059022307330,negative,0.0016922641965132893
1402663065112432648,negative,0.0016922641965132893
1402663067121504264,negative,0.00021316442727171343
1402663067784208390,negative,0.03226115294082964
1402663069873053706,negative,0.0016856066009950318
1402663083257077760,negative,0.14558356667159583
1402663083626074112,negative,0.000624764890780097
1402663102802546697,negative,1.7273862824556206e-05
1402663104362782724,negative,0.02270273858707913
1402663106153697285,neutral,0.5137959781910545
1402663107009392640,neutral,0.43700193594599357
1402663115158925314,negative,0.03784718540157027
1402663138332483589,negative,0.03784718540157027
1402663143566884865,neutral,0.43897218798403953
1402663153843027968,negative,0.14435629100639438
1402663156971937800,negative,0.008189632128540458
1402663167671554054,negative,0.005727239067669026
1402663174625808390,negative,0.003792407934864152
1402663175829475341,negative,1.7273862824556206e-05
1402663178455113729,negative,0.0016856066009950318
1402663182511058947,negative,0.008648330875758427
1402663183257636871,negative,2.23439177550828e-08
1402663185509924864,negative,0.0003094944559464891
1402663187531583504,negative,1.7273862824556206e-05
1402663189997817856,negative,1.7273862824556206e-05
1402663196566163463,negative,0.01872133252532278
1402663204145315845,negative,0.0016856066009950318
1402663217529245698,negative,1.7273862824556206e-05
1402663218359816198,negative,0.0016856066009950318
1402663229432774657,negative,4.6259140783713025e-06
1402663255684878338,negative,0.01739422041768549
1402663259950522368,negative,0.05536871971271178
1402663263595372547,negative,0.11408730891176494
1402663264224530436,negative,1.7273862824556206e-05
1402663268070694917,negative,6.31261246942285e-06
1402663271946231815,negative,0.10816286334134015
1402663291671953416,negative,4.8078694356704176e-05
1402663296809984008,negative,0.019069234147858133
1402663299448246279,negative,0.032686520239629084
1402663301818028032,neutral,0.49789225920557484
1402663303432884226,negative,1.7273862824556206e-05
1402663309221023749,negative,0.001780123170191616
1402663313973075971,negative,0.00489186626984168
1402663315596263429,neutral,0.5427804419773418
1402663320012853255,negative,6.2413297951591495e-06
1402663332314763268,negative,0.0016856066009950318
1402663341487763456,negative,0.007862439799325615
1402663344033742853,negative,0.048564867156269044
1402663361972563970,negative,3.838817039861633e-05
1402663363944013826,negative,0.06061112893132124
1402663365315604483,negative,0.007752784512533954
1402663365470740480,negative,0.011895139838691417
1402663365902753794,neutral,0.33687396889773297
1402663366913662976,negative,0.026553443577716013
1402663369954500619,negative,0.17152984816974243
1402663372676554753,negative,0.008787525787110336
1402663386274533383,negative,0.0016922641965132893
1402663386794582025,negative,0.00561608306517145
1402663388757565441,negative,1.4041065747163067e-07
1402663389302755329,negative,7.559282291794383e-08
1402663393912365059,negative,0.024575082183034083
1402663404469473281,negative,0.10816286334134015
1402663413197815808,negative,0.00561608306517145
1402663414565150725,neutral,0.5137959781910545
1402663415127154691,negative,4.6259140783713025e-06
1402663415517270018,negative,1.7273862824556206e-05
1402663434123108360,negative,0.004476765942951985
1402663438728503301,negative,4.8078694356704176e-05
1402663439974252544,negative,0.062257778259726164
1402663442646016003,negative,1.7273862824556206e-05
1402663462644428800,negative,0.09897831100372148
1402663471666376711,negative,0.04785767940886459
1402663475659350017,negative,0.16729170527169449
1402663476196216832,negative,0.01739422041768549
1402663480818376709,negative,0.013819766155045678
1402663482806394887,negative,0.043936185695672494
1402663486023421959,negative,0.06356053740885668
1402663487273381889,negative,0.06356053740885668
1402663491945873412,negative,0.010541765586509752
1402663493522890754,negative,0.0009564217136122059
1402663495527768070,negative,0.031873003878844154
1402663498409287682,neutral,0.5137959781910545
1402663508534255618,negative,0.0987784634572506
1402663511180914691,neutral,0.5137959781910545
1402663516973248519,negative,0.001487835632180568
1402663527551221764,negative,0.0029649303817683723
1402664354454069251,negative,0.0016856066009950318
1402664355318185984,negative,0.007145411849679499
1402664358191247364,negative,0.09297856513231333
1402664370010738690,negative,1.7273862824556206e-05
1402664376612671492,negative,0.09297856513231333
1402664377958998020,negative,0.0002697099577122689
1402664383415730185,neutral,0.39846391252391167
1402664383650611200,negative,0.0023771061188909855
1402664401786781696,positive,0.9776069044879211
1402664407734308867,negative,0.018413893005788582
1402664411655979010,negative,0.052048233231563525
1402664415066046471,negative,0.12599504819578242
1402664415594487813,positive,0.9996270488213564
1402664420078129154,neutral,0.3427049038709751
1402664436821860363,negative,0.0002785015465497472
1402664441292918790,neutral,0.35930261837362276
1402664444233240577,positive,0.6949717540073657
1402664444824588298,negative,0.001487835632180568
1402664456421847049,negative,0.03642942025312162
1402664456727842817,negative,0.09297856513231333
1402664464571408394,negative,9.217089087557542e-07
1402664466815332355,negative,0.17513021591151187
1402664468589514757,positive,0.6949717540073657
1402664469935894538,negative,1.7273862824556206e-05
1402664474281140229,neutral,0.4507454498615163
1402664475388526599,negative,0.04743129355258969
1402664479930863627,neutral,0.34176455497270863
1402664480593661953,negative,0.014421615694485428
1402664480690081793,neutral,0.35075369640273324
1402664485689626627,negative,0.0016856066009950318
1402664486012657666,negative,0.001487835632180568
1402664488826978304,negative,0.0019288546293003144
1402664490936815616,negative,0.06669981650525332
1402664501212766211,negative,0.0987784634572506
1402664502785679361,negative,0.09802076646100634
1402664506719932419,negative,0.009570502032134763
1402664508083130373,negative,1.0487135291386577e-06
1402664508976402434,negative,0.05543300124005975
1402664515431546889,negative,7.26773053199666e-05
1402664516261920768,negative,0.01739422041768549
1402664517771960327,negative,0.031995790356741875
1402664522826063880,negative,0.006883369708875755
1402664529570508801,positive,0.6949717540073657
1402664535870390273,negative,0.010399567199207687
1402664543491330056,negative,0.03642942025312162
1402664550118440967,positive,0.6949717540073657
1402664553931063296,negative,0.003792407934864152
1402664571165462529,negative,0.004997726147558563
1402664590786375684,negative,0.09802076646100634
1402664605067980806,negative,1.7273862824556206e-05
1402664605873233923,positive,0.6949717540073657
1402664607693561859,negative,0.0006416015523439917
1402664608473747457,negative,0.007752784512533954
1402664610172391425,negative,0.22090379262499857
1402664614693847045,negative,1.7273862824556206e-05
1402664622533103622,positive,0.6949717540073657
1402664630779002888,negative,0.030502556539958835
1402664631978573826,negative,0.08164280229089323
1402664637892640772,negative,0.0014524534482215903
1402664648747462658,negative,0.18713968612768944
1402664652803391491,negative,0.000624764890780097
1402664660256628739,negative,0.011806284555278818
1402664663213654019,negative,0.07759298815917601
1402664666799775756,negative,0.0024536157825614177
1402664677805637641,negative,0.004489209924453472
1402664680045301761,negative,0.006383852997866104
1402664685367869441,negative,0.007145411849679499
1402664686928154630,neutral,0.33687396889773297
1402664689725808641,negative,0.019069234147858133
1402664693609676805,positive,0.6949717540073657
1402664706532315138,positive,0.6949717540073657
1402664711762714624,negative,1.7273862824556206e-05
1402664713415180291,negative,0.031972884576508306
1402664714727997440,negative,0.024909403706761393
1402664720503656448,negative,0.06730549972849274
1402664735720587267,negative,0.1416696147022076
1402664747795988489,positive,0.6949717540073657
1402664760542433284,negative,3.611973648014236e-06
1402664768448733193,neutral,0.5137959781910545
1402664775604133899,positive,0.6949717540073657
1402664787901779968,negative,0.02725086548969492
1402664791295016963,negative,0.0004178203166438377
1402664792704360456,negative,0.06956819782545667
1402664793618722821,negative,0.07561043259976
1402664798740008963,negative,0.0016856066009950318
1402664808101646340,negative,0.008787525787110336
1402664809913520136,negative,0.012711200678999024
1402664814984454157,negative,0.03642942025312162
1402664822328672256,neutral,0.5137959781910545
1402664823419252739,negative,0.0034636955333168834
1402664823985479684,neutral,0.38260638955725207
1402664826363695104,neutral,0.40694957648264646
1402664829467430912,negative,0.0016856066009950318
1402664845888081929,negative,0.0016856066009950318
1402664850078187526,negative,4.6259140783713025e-06
1402664855950270466,negative,0.03642942025312162
1402664857065955330,negative,4.517517859378581e-06
1402664865764892680,negative,5.635299824243516e-06
1402664868524736512,negative,0.2804184125299943
1402664868709294081,neutral,0.4731332205867599
1402664870764556290,negative,3.78817458945562e-05
1402664874388475904,positive,0.6949717540073657
1402664874463961088,negative,2.029057922693371e-06
1402664898295967745,positive,0.7100272553849817
1402664901995270148,negative,0.003792407934864152
1402664914762797065,positive,0.6949717540073657
1402664916989919234,negative,0.014421615694485428
1402664917182861319,positive,0.9603877078171027
1402664926850727944,negative,0.00561608306517145
1402664943955157000,negative,0.023137912831782525
1402664962934415364,negative,0.023205276064823668
1402664972245680130,positive,0.9831742842095605
1402664975315918857,negative,1.7273862824556206e-05
1402664976985333765,negative,0.011806284555278818
1402664977912172547,negative,0.0016856066009950318
1402664978092597253,positive,0.6949717540073657
1402664978486906884,negative,0.01948559981025518
1402664980265177095,positive,0.99998676122136
1402664984874717188,positive,0.6949717540073657
1402664997663150083,negative,0.16992335505290107
1402665017003151366,negative,3.318288760224973e-05
1402665021998518277,negative,0.009928282648985336
1402665025119174659,negative,0.081449849411829
1402665025479794692,negative,0.007145411849679499
1402665030974324739,neutral,0.38260638955725207
1402665032098455560,negative,0.027676191637451796
1402665033511981060,negative,0.1250064126383755
1402665034329776128,negative,0.02332355145961536
1402665039316885510,negative,0.04437609968963084
1402665039451021322,negative,0.004476765942951985
1402665051471888387,positive,0.7421602654611243
1402665054261104643,negative,0.00970790511761553
1402665061894823938,negative,0.07004301219392849
1402665062154788864,negative,0.038927542554257906
1402665072908984325,negative,0.007145411849679499
1402665073118744584,negative,0.07004301219392849
1402665078026088457,neutral,0.5682544549400284
1402665081633185797,negative,0.08469047886294087
1402665097936445442,neutral,0.42763653545659
1402665100557930501,negative,0.09297856513231333
1402665109470781453,negative,0.02616497097292024
1402665116773097475,negative,0.07004301219392849
1402665125883023361,negative,0.2804184125299943
1402665130043793414,negative,0.07004301219392849
1402665137157324807,negative,1.7273862824556206e-05
1402665137438396425,negative,0.04123740071814202
1402665153078906882,negative,0.007234236509918294
1402665159181602822,negative,2.2481922166033544e-05
1402665159739465730,neutral,0.3402002040945113
1402665170120421385,negative,0.009710309030910282
1402665178135764993,negative,0.2240450195569394
1402665189355438080,neutral,0.33113200015936756
1402665192417382403,negative,0.0036529222900846354
1402665192572522497,negative,0.07004301219392849
1402665193801404420,negative,0.0016856066009950318
1402665201007276042,negative,0.0016922641965132893
1402665205281214466,negative,0.07004301219392849
1402665232846266369,negative,0.000624764890780097
1402665252651778051,negative,0.07004301219392849
1402665262437044228,negative,0.04123740071814202
1402665264710303754,negative,0.07004301219392849
1402665265700216839,negative,0.003792407934864152
1402665266081939457,negative,0.031772833219102924
1402665276244701193,negative,0.0010272765695297954
1402665285216354304,negative,0.2155945142213284
1402665285832826882,negative,0.0030786337246506167
1402665289909772288,negative,0.0016856066009950318
1402665290119458822,negative,0.007145411849679499
1402665290941427714,negative,0.006818078938288675
1402665291012886531,negative,0.007140674603584267
1402665292824776706,negative,0.0925928539506085
1402665313410424837,negative,0.21223536507304275
1402665313624281092,negative,0.07004301219392849
1402665324068196357,negative,0.031654657559937745
1402665325225725957,negative,0.007145411849679499
1402665335824732162,negative,0.006817621443493984
1402665336869113856,negative,0.0023771061188909855
1402665337217114112,negative,0.004476765942951985
1402665341868822529,negative,0.03305659542531521
1402665344125345795,negative,9.268981429002123e-07
1402665356582342670,negative,0.0004327989725885344
1402665362206900229,negative,0.11451436583212654
1402665363133829120,positive,0.9342591648867437
1402665364237000711,negative,0.0009907802306275573
1402665366590001154,negative,3.78817458945562e-05
1402665369408577545,negative,0.027676191637451796
1402665386093461505,negative,0.0009875264306527277
1402665404816842754,negative,0.03135266556708799
1402665419316596750,negative,1.7273862824556206e-05
1402665420021174273,negative,0.003792407934864152
1402665426765635587,neutral,0.46511884455441777
1402665432461549571,negative,0.0987784634572506
1402665474391957513,negative,0.2984178008942282
1402665481757147141,negative,0.000624764890780097
1402665495367725059,negative,0.003792407934864152
1402665508474871817,negative,0.03642942025312162
1402665514535686158,negative,0.007145411849679499
1402665525361221636,negative,0.03642942025312162
1402665534940930057,negative,0.03394262019765311
1402665537457504259,negative,0.14435629100639438
1402665539856646154,negative,1.7273862824556206e-05
1402665540741697544,negative,0.003792407934864152
1402665542910152704,negative,5.541346478165079e-05
1402665551403655172,negative,0.001761218955509027
1402665552804564998,negative,0.1460366275469869
1402665556583583749,positive,0.9961825388571633
1402665571800518656,positive,0.9840494203078056
1402665577827667975,neutral,0.5587296211096968
1402665580554076167,negative,1.7273862824556206e-05
1402665589756284928,negative,3.78817458945562e-05
1402665606290317314,neutral,0.3499352441185855
1402665618231410694,neutral,0.5290317796528806
1402665618638319621,neutral,0.5587296211096968
1402665634647924746,negative,0.1708079151275053
1402665634765410304,neutral,0.4402571704036702
1402665640251604994,negative,2.1776453798789415e-05
1402665641472102408,negative,0.2665341279904151
1402665651232284683,negative,0.0925928539506085
1402665653648216069,negative,0.002565575871592853
1402665657464934406,positive,0.9667207862230418
1402665657699909633,negative,1.1528583254970962e-06
1402665670945423363,negative,0.007145411849679499
1402665679283699719,negative,0.03642942025312162
1402665682223964160,negative,0.0009161302615239787
1402665684300087304,negative,0.21921412548362115
1402665684442693632,negative,0.02332355145961536
1402665694240575489,negative,0.32511680570366935
1402665696803295236,neutral,0.38260638955725207
1402665703921139715,negative,0.0044228115633566595
1402665705246445575,negative,3.78817458945562e-05
1402665713677094921,neutral,0.3333854762157764
1402665715400908804,negative,0.25232503950507956
1402665717955239937,negative,5.249780712164078e-05
1402665731926507520,negative,0.14126303840442994
1402665738054295557,negative,0.002062578713962333
1402665739832770561,positive,0.7100272553849817
1402665741548142596,negative,7.233862009071174e-09
1402665745763508226,negative,1.7273862824556206e-05
1402665757482360840,negative,0.03642942025312162
1402665758627336202,negative,0.09365175290187668
1402665758996549643,negative,1.7273862824556206e-05
1402665768236601344,positive,0.7627843246566761
1402665787882708998,neutral,0.46511884455441777
1402665792194453505,neutral,0.4420606323680076
1402665794413158406,negative,0.20851727016727084
1402665794882969601,negative,0.08461352977016753
1402665796728504320,negative,0.012891417334514876
1402665825715298307,positive,0.9603877078171027
1402665832577183755,negative,1.7273862824556206e-05
1402665839359410189,negative,1.7273862824556206e-05
1402665842408452101,neutral,0.5137959781910545
1402665856669265924,negative,1.7273862824556206e-05
1402665866869854209,negative,2.029057922693371e-06
1402665878404190214,negative,0.038927542554257906
1402665882736893955,negative,0.0016856066009950318
1402665917839036418,negative,0.31793229079579644
1402665921009881093,positive,0.9912143776154959
1402665922607955969,neutral,0.6226791853272001
1402665924226912259,negative,0.0925928539506085
1402665929981452291,negative,0.1885649404484406
1402665930195415041,negative,0.00010764769114251951
1402665934096011265,negative,0.00853904185303893
1402665936000221185,negative,0.19201781950804608
1402665948071538693,negative,3.78817458945562e-05
1402665948092510211,negative,0.027264704448294954
1402665948444860426,negative,0.24775619782108974
1402665949908639753,negative,0.1708079151275053
1402665969776988174,negative,0.2984178008942282
1402665983119179780,negative,1.7273862824556206e-05
1402665984239063040,negative,0.007234236509918294
1402665991138578439,negative,0.0026534919302626495
1402665997446828039,negative,0.0925928539506085
1402666006871523337,negative,0.0023771061188909855
1402666007479689218,positive,0.7100272553849817
1402666015821991938,neutral,0.43387743414375474
1402666016119918594,negative,0.11451436583212654
1402666027620708357,negative,3.6981547705810044e-05
1402666028543492100,negative,0.03135266556708799
1402666029239648260,negative,1.7273862824556206e-05
1402666037124997120,negative,0.07666354674966204
1402666042808283142,negative,0.023137912831782525
1402666069626601473,neutral,0.4507454498615163
1402666074236141568,neutral,0.5714672888337777
1402666085028073477,negative,0.0016922641965132893
1402666090333884416,negative,0.017623636416806882
1402666090656841731,neutral,0.3499352441185855
1402666094469521410,positive,0.7932791680430391
1402666104728793098,negative,0.001487835632180568
1402666106884665344,neutral,0.3321446595853316
1402666106943381510,negative,0.007234236509918294
1402666118913929218,negative,0.005627951335141683
1402666123863150594,negative,0.11134750817232429
1402666126480400386,negative,1.0582745108885443e-08
1402666126656643081,negative,1.7273862824556206e-05
1402666134235660291,negative,0.002985388670719006
1402666135129104388,negative,0.0016856066009950318
1402666136844570625,negative,0.0006384212818864771
1402666137935126530,negative,0.08633152922414129
1402666139356962823,negative,0.005207113023345252
1402666161838362631,negative,3.463035745887797e-06
1402666163016974343,negative,0.045753561644877906
1402666172429000712,negative,0.10140378941223072
1402666175566393348,negative,0.004274104585018386
1402666184332517380,negative,0.007752784512533954
1402666212392411147,negative,0.2155945142213284
1402666220265082891,negative,0.01739422041768549
1402666233665830915,negative,0.045687470876829325
1402666239122673669,negative,0.0009624375858264745
1402666241077170183,negative,0.0987784634572506
1402666245418274821,negative,0.09737403026645221
1402666258693333001,negative,0.1885649404484406
1402666261939638273,negative,0.0019683341190514184
1402666279652241409,negative,0.21223536507304275
1402666297389899783,neutral,0.4800740091757312
1402666304390184971,negative,0.019069234147858133
1402666305908576263,negative,0.081449849411829
1402666321964326913,negative,0.02061539001314434
1402666333012172808,negative,1.2035330104954426e-06
1402666338452074502,negative,0.19201781950804608
1402666354033967107,negative,0.13958072862239856
1402666367933980672,negative,0.2080069320105487
1402666368722427904,negative,1.8885070818531003e-07
1402666371977302017,negative,0.20910172061212604
1402666376024690688,negative,2.0694904270487485e-05
1402666379111714818,negative,3.78817458945562e-05
1402666402130112514,positive,0.9306094043342024
1402666403052806151,negative,0.0014425021870551808
1402666411592404992,positive,0.8574863980878022
1402666417590358019,negative,0.16992335505290107
1402666418617913349,negative,0.1704728934491861
1402666419209355264,negative,0.1478861422015231
1402666422770319360,negative,0.005043915128846472
1402666424582258693,neutral,0.3339450980197217
1402666435172651014,negative,0.011746996169291464
1402666457700388868,negative,0.10320569151068229
1402666475064791043,negative,0.001487835632180568
1402666479452098576,negative,0.19851770933392573
1402666479909326852,negative,0.03892714743020783
1402666489233219584,neutral,0.4763062889834203
1402666493851148297,negative,0.03642942025312162
1402666501551820802,negative,0.007715976429204912
1402666505301549056,negative,1.9704430122265356e-05
1402666506756968450,negative,6.4251700953167255e-06
1402666519847387143,negative,0.00023176519823309356
1402666520774389768,negative,0.01739422041768549
1402666526591832066,neutral,0.47685481716086114
1402666535391481861,positive,0.91249144586912
1402666542400217090,negative,0.0012862955135746453
1402666548523941888,positive,0.9306094043342024
1402666557986291712,negative,0.03642942025312162
1402666569256378368,negative,0.007145411849679499
1402666583315595271,negative,1.685078856870891e-08
1402666594006978567,negative,0.011806284555278818
1402666615972536320,neutral,0.3499352441185855
1402666620196114437,negative,0.14808732364835248
1402666620451971074,negative,0.2155945142213284
1402666624986066946,negative,0.016679038752443053
1402666625736773633,negative,0.01189148157003723
1402666641876475909,negative,0.0009875264306527277
1402666643399098384,negative,0.027358203731815935
1402666645215121416,negative,0.06768258248407405
1402666645944942596,negative,0.1139598408998874
1402666661736550401,negative,0.011242789621120375
1402666669340823554,negative,0.001487835632180568
1402666687795658753,negative,0.04443002023381119
1402666699724316677,positive,0.9962247634324191
1402666724210757637,negative,0.000624764890780097
1402666728602152960,negative,1.7273862824556206e-05
1402666732892962818,negative,0.012891417334514876
1402666737959636999,negative,0.19201781950804608
1402666741935792136,negative,0.0023771061188909855
1402666747736506380,negative,1.7273862824556206e-05
1402666750928375813,negative,0.12679157732064492
1402666768766844930,negative,0.2311026391334541
1402666785330061317,negative,0.031772833219102924
1402666799833960451,neutral,0.5137959781910545
1402666804074405891,negative,0.0019683341190514184
1402666805794160642,negative,0.26723822659000246
1402666808277188614,negative,0.09802076646100634
1402666809552216066,negative,0.02501075647899934
1402666810332356616,negative,0.1372292165142029
1402666821078159363,neutral,0.35075369640273324
1402666822986571778,neutral,0.48241621375364074
1402666827654762498,negative,4.659886962893519e-07
1402666834181165056,positive,0.7702684514101086
1402666835816898563,negative,0.0016922641965132893
1402666841248567298,negative,0.1917101726863495
1402666846776614912,negative,0.03642942025312162
1402666850526261250,negative,0.15135237946691557
1402666851755253760,negative,4.6259140783713025e-06
1402666855089774594,negative,0.005319502810080515
1402666866452144129,negative,0.15135237946691557
1402666869371310081,negative,0.15135237946691557
1402666887016763399,negative,0.000624764890780097
1402666901176827908,negative,0.031995790356741875
1402666920999112708,negative,0.052048233231563525
1402666939474980864,negative,0.15135237946691557
1402666947322564608,negative,3.78817458945562e-05
1402666950283694082,negative,0.081449849411829
1402666956944199686,negative,0.10377577647580019
1402666962589790215,negative,0.007145411849679499
1402666993686306823,negative,0.002130633554666137
1402667023046426626,negative,0.0016922641965132893
1402667024191533056,negative,0.11134750817232429
1402667025500094464,neutral,0.4507454498615163
1402667027689521155,negative,0.24377160966320946
1402667029929279491,negative,0.30258897789318245
1402667043573309446,negative,0.03642942025312162
1402667050565263361,negative,0.007145411849679499
1402667052385521664,negative,0.0006151084103073271
1402667063517274116,negative,0.18067214713394303
1402667067199868942,positive,0.7473709410923118
1402667069628354562,negative,0.1839193939544779
1402667077647876105,negative,0.03642942025312162
1402667095129788422,neutral,0.5137959781910545
1402667123378372609,negative,0.004476765942951985
1402667126079492105,negative,0.03642942025312162
1402667126956216333,negative,0.014537021558756198
1402667136896671745,negative,0.04224752642637592
1402667137387347973,negative,0.001430144274282814
1402667140226879489,negative,0.03642942025312162
1402667145343946753,negative,3.227561170946804e-06
1402667157234892802,negative,0.0023771061188909855
1402667161030742016,negative,0.03642942025312162
1402667172095135747,negative,0.026628343401283498
1402667175861751808,negative,0.06061112893132124
1402667951996743680,negative,0.001302709568104075
1402667954697916420,negative,0.21921412548362115
1402667964432896004,negative,0.0006416015523439917
1402667971214970882,negative,0.000624764890780097
1402667977317699586,negative,0.005828059579880551
1402667989674217482,negative,0.002565575871592853
1402667991230291980,negative,1.7273862824556206e-05
1402668001531465728,negative,0.13454087585546887
1402668010918367241,negative,0.03642942025312162
1402668052404125696,neutral,0.34176455497270863
1402668053985431554,negative,4.729024117545086e-08
1402668059593150473,negative,0.21106212997300475
1402668077146329095,negative,0.04271550842295945
1402668078668865542,neutral,0.49789225920557484
1402668089909600259,negative,0.0010629071990032562
1402668090580779010,negative,0.001487835632180568
1402668104744898565,negative,0.01040033142407449
1402668107337023488,negative,0.0016856066009950318
1402668111665545216,neutral,0.5118676324292408
1402668113754267656,negative,0.000624764890780097
1402668119064252422,negative,0.031772833219102924
1402668127993962496,negative,0.004476765942951985
1402668134977486856,positive,0.9997435592868792
1402668144020189184,positive,0.9089227959198722
1402668152413163527,negative,0.05903599774183858
1402668181941018629,negative,2.9770172665071403e-05
1402668195178291205,neutral,0.35075369640273324
1402668197678092291,negative,0.1139598408998874
1402668201679503360,neutral,0.5239570677824179
1402668209443061764,neutral,0.6275931078644099
1402668220843237377,neutral,0.5137959781910545
1402668224148348930,negative,0.0034612954708306484
1402668228229406720,negative,0.013936963452161269
1402668230854971395,negative,0.0006094286858395438
1402668235800076291,negative,0.008530936272072801
1402668235959554048,negative,0.0236915648872535
1402668238098644999,negative,0.001430144274282814
1402668249859465219,negative,0.015123088261674508
1402668251218382856,negative,1.2902467477144696e-05
1402668252174618626,negative,0.0025503630245117246
1402668262115139592,negative,0.07793147970118249
1402668265919303680,negative,0.001487835632180568
1402668266997391367,negative,0.2665341279904151
1402668267643285504,negative,0.0016856066009950318
1402668268805103618,neutral,0.4143978702720848
1402668272563240960,negative,6.477164439580936e-05
1402668276291981317,negative,0.0987784634572506
1402668276459704323,neutral,0.4402571704036702
1402668284038819845,neutral,0.5137959781910545
1402668286488231944,negative,0.001487835632180568
1402668290573488136,positive,0.849134289185425
1402668309028425733,negative,0.16657491708767683
1402668311331082246,negative,0.00042083503117884856
1402668318100688896,negative,0.0016856066009950318
1402668318390116354,negative,0.04127166707346024
1402668320260820996,negative,0.14299659279425805
1402668322521505806,negative,0.020560615637426567
1402668323553398788,negative,0.027264704448294954
1402668328896843781,negative,0.03642942025312162
1402668332281741320,negative,0.07862809820843243
1402668337872740352,negative,0.24489195592449883
1402668341223952392,negative,0.03642942025312162
1402668345430839305,negative,0.01000298101223231
1402668348228386821,negative,0.09297856513231333
1402668371313893381,negative,0.03642942025312162
1402668378490294276,negative,0.16992335505290107
1402668386861993986,negative,0.004554896130167407
1402668390225960973,neutral,0.5000239759388333
1402668391866015748,negative,0.009710309030910282
1402668392524431368,negative,4.258958181157625e-06
1402668394655236096,negative,0.001487835632180568
1402668404234985474,negative,1.7273862824556206e-05
1402668419506442241,neutral,0.49789225920557484
1402668428557705225,neutral,0.442583006521821
1402668441602039809,negative,2.657832170485494e-07
1402668446006001675,negative,0.014421615694485428
1402668456663818243,negative,0.0014524534482215903
1402668463328534530,negative,0.15363066560701458
1402668464062578690,negative,0.0009707959227151232
1402668466973384704,positive,0.9306094043342024
1402668476985118724,negative,0.00014542277889497343
1402668484425879558,negative,1.2902467477144696e-05
1402668486070054918,negative,0.0032741284380549927
1402668488452456452,negative,2.3966171338863904e-08
1402668489068843008,negative,1.2902467477144696e-05
1402668489559658500,negative,1.7273862824556206e-05
1402668516919152646,negative,0.2155945142213284
1402668518189932544,negative,0.183704218627001
1402668520878575618,negative,0.0016856066009950318
1402668523080589313,negative,0.22055263745985215
1402668533423685634,negative,0.00014542277889497343
1402668534602272771,negative,0.03642942025312162
1402668548108001282,negative,0.001430144274282814
1402668549584400388,negative,0.09013969985954266
1402668558262407168,neutral,0.5918729194682458
1402668561785667589,neutral,0.5918729194682458
1402668592102006784,negative,0.0007848934457563152
1402668611660140547,positive,0.9306094043342024
1402668618937257988,negative,0.0016856066009950318
1402668632648433664,negative,0.006262401047015361
1402668637002084361,negative,0.16657491708767683
1402668643939504132,negative,0.0023771061188909855
1402668666999783442,negative,0.01497781501309287
1402668670766223364,neutral,0.5918729194682458
1402668679314223115,negative,0.00021114318425250245
1402668680966819841,negative,0.04909327854217433
1402668695479107588,neutral,0.5918729194682458
1402668697446195200,negative,0.017729017561929076
1402668699392356357,positive,0.8941317411015294
1402668700763840520,negative,0.0014524534482215903
1402668703238569987,negative,0.14376675137900835
1402668720242270216,negative,0.014537021558756198
1402668721877962754,neutral,0.3636871034138184
1402668722972733440,negative,0.0016922641965132893
1402668728412692492,neutral,0.34176455497270863
1402668730157502464,negative,0.183704218627001
1402668730346315780,negative,0.1139598408998874
1402668736478339077,negative,0.09297856513231333
1402668742081982464,negative,0.0013350449936317416
1402668757022019585,neutral,0.5137959781910545
1402668759240880135,neutral,0.5918729194682458
1402668760599834627,negative,0.007354744930576736
1402668785262333963,negative,0.008755237519153173
1402668801934626818,negative,0.011806284555278818
1402668814014156805,negative,2.1573149487848578e-05
1402668814773391360,negative,0.032686520239629084
1402668817285894146,neutral,0.5918729194682458
1402668837926019077,negative,0.019069234147858133
1402668842413928451,negative,0.021545822013923736
1402668849472970761,negative,0.0005545491469019863
1402668849888043008,positive,0.7155667505623918
1402668858138316800,negative,0.183704218627001
1402668877969072131,negative,0.06022408148745919
1402668881152548875,positive,0.9918292088607759
1402668897065648137,negative,1.2902467477144696e-05
1402668899041267716,negative,1.2902467477144696e-05
1402668902782488580,negative,0.00010900167079745604
1402668909124362247,negative,0.1139598408998874
1402668921522638848,negative,2.9587247142837645e-09
1402668933367357441,positive,0.8574863980878022
1402668936253018115,negative,0.000624764890780097
1402668940606705672,negative,0.08431170768796832
1402668951100739585,negative,0.006008876988140785
1402668952925270018,negative,0.006008876988140785
1402668954561114117,negative,0.006008876988140785
1402668954682753029,neutral,0.5000239759388333
1402668955471429641,negative,0.0001666825128148092
1402668956146495490,negative,0.028324857476410274
1402668960345165824,neutral,0.5587296211096968
1402668961666379778,negative,2.570950265440563e-06
1402668966426943493,negative,4.6259140783713025e-06
1402668981702565893,negative,0.008189632128540458
1402669027378581508,negative,0.052048233231563525
1402669037864296449,negative,9.494834590446912e-05
1402669046219296772,negative,3.7638768894778706e-05
1402669051218911233,negative,0.0016856066009950318
1402669062119989255,neutral,0.5137959781910545
1402669063801872386,negative,0.0016856066009950318
1402669064766603272,positive,0.8841129136471179
1402669068595892227,negative,0.0987784634572506
1402669087059320836,negative,0.027264704448294954
1402669093300408331,negative,2.1489843574636616e-06
1402669093572972545,negative,0.019140797735170502
1402669107112259584,neutral,0.49789225920557484
1402669116029378566,negative,0.1010074832392128
1402669116977291265,negative,0.19100195792934366
1402669118529155082,negative,0.10627719078611797
1402669118793388035,negative,0.004476765942951985
1402669126800314370,negative,0.0576133570892648
1402669128079585283,positive,0.8616658114904746
1402669131313434627,negative,0.0018324848569683317
1402669139995545603,negative,0.009016124912233177
1402669141287395330,neutral,0.5918729194682458
1402669144768712709,neutral,0.5918729194682458
1402669144877768711,negative,0.30258897789318245
1402669148799447046,negative,0.0022234788096543866
1402669149730619402,negative,0.01872133252532278
1402669149747400706,negative,0.005682215837242645
1402669151785820168,negative,0.017081465412525997
1402669158794514436,negative,0.0007017218135543547
1402669158962274307,negative,0.06730549972849274
1402669160849674245,negative,0.1708079151275053
1402669162892349441,negative,1.2902467477144696e-05
1402669171230613512,negative,0.0016922641965132893
1402669172895719426,negative,0.027264704448294954
1402669174405672963,negative,0.005828059579880551
1402669180004929536,negative,0.1010074832392128
1402669183905665024,negative,0.019958728953741088
1402669197163909124,negative,0.0019380897124621497
1402669197604368388,negative,3.78817458945562e-05
1402669202989891591,negative,0.0006244903180303244
1402669204482969603,negative,0.03642942025312162
1402669206877868038,negative,0.1010074832392128
1402669224254971908,negative,3.78817458945562e-05
1402669238238814211,negative,0.0017829997280767178
1402669242508578821,negative,6.605287653117656e-05
1402669243720667138,negative,0.09365175290187668
1402669259474587650,neutral,0.35075369640273324
1402669263182258178,negative,0.13590266025699568
1402669267397615617,positive,0.755016065139395
1402669269696004097,negative,0.0016856066009950318
1402669272086847493,negative,0.009016124912233177
1402669281784045572,negative,0.02234897503621106
1402669284908744711,negative,0.005461530669008191
1402669287177924611,negative,0.03642942025312162
1402669295205765120,neutral,0.5918729194682458
1402669308921122836,negative,0.00023365681397916792
1402669311295111172,negative,0.038927542554257906
1402669317251112962,negative,0.04437609968963084
1402669317565599746,neutral,0.5269751796825873
1402669320635826176,negative,0.014421615694485428
1402669325086040064,negative,0.0009875264306527277
1402669333961228290,negative,0.1010074832392128
1402669339585691650,negative,0.003088138047049774
1402669340751806464,neutral,0.5137959781910545
1402669342039347208,negative,0.06497765028487051
1402669357726109698,negative,0.019069234147858133
1402669387321065472,negative,0.0023771061188909855
1402669388680073218,neutral,0.5269751796825873
1402669399845310468,negative,0.00021114318425250245
1402669403238436865,negative,1.2902467477144696e-05
1402669405151109123,neutral,0.5918729194682458
1402669407839653891,negative,0.31484315434168086
1402669423308255235,negative,0.005828059579880551
1402669434507046913,positive,0.7609868129581999
1402669434695786498,negative,0.0072720827662287185
1402669445475188740,negative,0.011806284555278818
1402669451376537613,negative,0.2573883729122583
1402669458016059399,negative,0.023740118672697964
1402669471978987521,positive,0.9306094043342024
1402669474994655239,negative,0.0925928539506085
1402669481122541571,negative,0.032686520239629084
1402669482573697033,negative,0.0006018111655861043
1402669482817040386,negative,0.011605571921091016
1402669483735592970,neutral,0.5918729194682458
1402669495387406336,neutral,0.5918729194682458
1402669514366595084,negative,0.019069234147858133
1402669515419303946,negative,0.005828059579880551
1402669525934428163,positive,0.9779676839605747
1402669529273016324,negative,0.0006261376525661636
1402669529617121281,neutral,0.3755761897816305
1402669530845962246,negative,0.01189148157003723
1402669541784788995,negative,0.07539891925889346
1402669568854827014,negative,0.026257888455908204
1402669568959545347,negative,0.16876097960485217
1402669569001541640,neutral,0.4937242027389161
1402669591499837441,neutral,0.33578759158135824
1402669597724184576,negative,1.2902467477144696e-05
1402669603692679180,negative,0.001487835632180568
1402669622957117442,negative,0.16018388723994886
1402669642838069254,neutral,0.5918729194682458
1402669644733841408,negative,0.011746996169291464
1402669665294368773,negative,0.06768258248407405
1402669665315348489,negative,0.0016856066009950318
1402669671762075652,negative,0.00020934225257158125
1402669673947279360,negative,0.00023365681397916792
1402669677164310536,negative,0.0023052457752777665
1402669684080717834,negative,0.1562912750055405
1402669698492338177,negative,0.08609038860680672
1402669700149137410,negative,0.027264704448294954
1402669700467806213,negative,0.0016922641965132893
1402669703122722818,negative,0.26994285618052627
1402669703823233028,negative,0.000624764890780097
1402669706880892937,negative,0.081449849411829
1402669711968645123,negative,1.2902467477144696e-05
1402669717211525121,negative,1.2902467477144696e-05
1402669728020287492,negative,1.7273862824556206e-05
1402669733997129731,negative,0.02332355145961536
1402669738216636417,negative,0.2155945142213284
1402669742062817287,neutral,0.5165271327224713
1402669746299060231,neutral,0.3402002040945113
1402669756453429254,negative,0.000624764890780097
1402669784580251648,negative,0.057970299165091416
1402669784752402436,negative,1.2902467477144696e-05
1402669790293020680,negative,0.06022408148745919
1402669793610772482,negative,0.007235235510067632
1402669794097352707,negative,2.008349344083755e-06
1402669809603653634,negative,0.0004760731551850703
1402669814271909894,negative,0.02997987899677378
1402669816519950338,neutral,0.47685481716086114
1402669831242010624,neutral,0.5918729194682458
1402669836539400193,negative,0.01861309811952287
1402669849143353346,positive,0.9021127306319354
1402669861596188673,neutral,0.5918729194682458
1402669867644325891,negative,0.0005782378014309845
1402669870962155523,negative,0.014421615694485428
1402669875538051072,negative,0.010375587668379907
1402669883071078400,negative,0.14299659279425805
1402669903811862531,negative,0.20194085988971602
1402669905615495168,negative,0.10279359775955177
1402669912837996550,negative,0.02217525623027965
1402669925936910340,negative,0.04176602485944006
1402669959281577989,negative,1.2902467477144696e-05
1402669968588673024,negative,0.037713047187929616
1402669972816642052,negative,0.00021316442727171343
1402669991489675270,negative,0.031772833219102924
1402670008430366724,negative,1.0202774167639165e-07
1402670010435309575,neutral,0.5918729194682458
1402670011412590592,neutral,0.3765445736635767
1402670013878870018,neutral,0.6053653968012953
1402670020086452232,negative,0.0004327989725885344
1402670024226181128,negative,0.010903835395926759
1402670050012762114,neutral,0.5918729194682458
1402670050784514050,negative,0.0005068342439322514
1402670052466466820,negative,0.06669981650525332
1402670060662099974,neutral,0.6398119197218689
1402670078219407362,negative,0.000624764890780097
1402670081809735681,neutral,0.5918729194682458
1402670085458870280,negative,0.03642942025312162
1402670089577500672,negative,8.139809564654565e-05
1402670096661819397,negative,0.009016124912233177
1402670097441996802,negative,0.06204924527564697
1402670107655016455,positive,0.8314692927588268
1402670109706141704,neutral,0.5918729194682458
1402670117213851653,negative,0.2155945142213284
1402670131298418690,neutral,0.34176455497270863
1402670137526919178,negative,0.000624764890780097
1402670178400407558,negative,0.00023365681397916792
1402670195538333707,negative,0.08526276015417243
1402670196779794438,negative,0.0014524534482215903
1402670198654738433,negative,0.2155945142213284
1402670202240835587,negative,0.0010496250726358494
1402670218548154370,negative,8.139809564654565e-05
1402670223996723201,negative,3.78817458945562e-05
1402670225649065986,negative,8.139809564654565e-05
1402670226806697984,neutral,0.6209759954141973
1402670229101191171,negative,0.002556029656776419
1402670229650644992,negative,0.014537021558756198
1402670231705825294,neutral,0.5373942618851942
1402670232787898372,negative,0.001487835632180568
1402670239360421892,negative,3.78817458945562e-05
1402670242296442888,neutral,0.5269751796825873
1402670252010446848,negative,0.0006194901397604184
1402670255235907588,negative,0.11855547067628665
1402670257702150145,negative,1.2902467477144696e-05
1402670260172513285,negative,0.0016856066009950318
1402670261502099456,negative,1.1454629320816197e-05
1402670281051631617,negative,0.002164238850510159
1402670287808761864,negative,0.22055263745985215
1402670296058970122,negative,0.014537021558756198
1402670308453191681,negative,0.011806284555278818
1402670314950119432,negative,0.1139598408998874
1402670322135056393,negative,3.227561170946804e-06
1402670338148913154,negative,0.11855547067628665
1402670345694461960,neutral,0.5137959781910545
1402670346323607557,negative,1.2902467477144696e-05
1402670349372829700,negative,4.8078694356704176e-05
1402670353810399234,neutral,0.5137959781910545
1402670360496119812,neutral,0.4402571704036702
1402670367580229635,neutral,0.5918729194682458
1402670379232006145,negative,0.03870674757348828
1402670407614935042,negative,0.03951005464953348
1402670409082941445,negative,2.378774035330889e-08
1402670414392922114,negative,9.936172821412783e-05
1402670428099944460,negative,0.009016124912233177
1402670428120829954,negative,0.04437609968963084
1402670431329456140,positive,0.9966747648844053
1402670436798849029,negative,0.10140378941223072
1402670472685305862,negative,0.03642942025312162
1402670493128351744,negative,1.2902467477144696e-05
1402670508143939594,negative,1.2902467477144696e-05
1402670519527346178,negative,0.021233808648097593
1402670521335046146,positive,0.9896577151385502
1402670530961018883,negative,0.0016856066009950318
1402670533683130369,negative,0.16125652024475642
1402670538670084099,negative,0.0007815870626458274
1402670543598456840,neutral,0.5918729194682458
1402670544177156100,positive,0.6808460406068715
1402670551852802048,neutral,0.5918729194682458
1402670553320890370,negative,0.2922093310474972
1402670553559883781,negative,0.02217525623027965
1402670560056954882,negative,0.0016856066009950318
1402670561495506944,negative,0.00021316442727171343
1402670566126063618,negative,0.1393461179774062
1402670572488822790,negative,0.010516066450249339
1402670574523015170,negative,0.0028219058671958655
1402670575622004736,negative,0.18394051708429632
1402670580285988865,negative,0.007752784512533954
1402670582601297926,negative,0.0987784634572506
1402670593439375365,negative,0.008486189898517734
1402670600175370242,neutral,0.5805900236731412
1402670632601624591,negative,0.022355686953930858
1402670676637630474,negative,0.00031314228974720895
1402670680404074496,negative,0.06768258248407405
1402670682299940880,negative,0.13366515073963098
1402670692731076615,negative,0.0016174473975726076
1402670693393833989,negative,1.9704430122265356e-05
1402670693637054467,negative,0.001487835632180568
1402670726809718785,negative,0.00365149620924952
1402670740793614340,negative,0.009928282648985336
1402670742056144899,negative,0.000624764890780097
1402670759928082433,negative,0.010818803290003209
1402670763635773446,negative,2.029057922693371e-06
1402670768190857223,negative,0.0023771061188909855
1402670779599409153,neutral,0.3339450980197217
1402670790563205122,neutral,0.5918729194682458
1402670794757529602,positive,0.9072025150126157
1402670812554051593,neutral,0.38260638955725207
1402670825539616770,negative,0.038927542554257906
1402670827884138502,negative,0.18067214713394303
1402670847995826183,neutral,0.5918729194682458
1402670858360049664,positive,0.9779834837871132
1402670860205441025,negative,9.433219760245849e-05
1402670868434612225,neutral,0.5137959781910545
1402670871932661762,negative,8.139809564654565e-05
1402670874424233988,negative,0.027264704448294954
1402670876064043014,negative,0.17513021591151187
1402670876936617988,negative,0.0987784634572506
1402670897119563780,negative,0.081449849411829
1402670914672672769,negative,0.00035804729654256753
1402670919139606541,negative,0.0987784634572506
1402670921345867784,negative,0.050122074205591845
1402670924982325250,negative,0.0987784634572506
1402670935505780737,negative,0.15490726178045747
1402670938370592771,positive,0.8256498490595531
1402670952752758786,negative,0.0016856066009950318
1402670965830598656,neutral,0.5000239759388333
1402670970821910534,negative,0.0023771061188909855
1402670977239158792,negative,0.18392222647119713
1402670995035639812,negative,0.0611546028307518
1402670997271203843,negative,0.003792407934864152
1402671007136206856,negative,0.0007460910301871394
1402671007316512773,negative,1.7273862824556206e-05
1402671009220734977,positive,0.7155667505623918
1402671030720729093,negative,0.081449849411829
1402671040300568582,neutral,0.5269751796825873
1402671053630054405,negative,0.0987784634572506
1402671057010577408,negative,1.6168338004310005e-05
1402671059866902539,negative,0.050122074205591845
1402671072688889861,negative,0.14435629100639438
1402671086278430725,negative,0.13454087585546887
1402671088216293378,negative,0.019069234147858133
1402671098659893252,negative,0.0016856066009950318
1402671103718395905,positive,0.9999692094196828
1402671104272093186,negative,0.00014542277889497343
1402671106100805633,negative,0.029039167516394588
1402671123695874048,negative,0.01773048122090152
1402671132457771008,negative,0.0017591646635198447
1402657326356705283,negative,0.0010065359286303413
1402657329640841216,neutral,0.577913557387514
1402657330408341508,negative,1.715181741330721e-09
1402657331507257346,negative,0.3145626282103261
1402657332161568777,negative,4.4542353093743e-05
1402657332623036419,negative,0.0009466437795502501
1402657335701561346,negative,0.18185354940778564
1402657341468729346,negative,0.0018301321136546696
1402657343058370562,neutral,0.4675211349589721
1402657343305879553,negative,0.06085789804853742
1402657343402299395,negative,0.0024969851727082754
1402657343465271303,negative,0.01089886621947849
1402657344002138115,negative,0.018801243031640345
1402657346048901131,negative,0.17961312307681349
1402657347181420545,neutral,0.577913557387514
1402657347189841924,negative,8.643653286902341e-05
1402657347395280900,negative,0.21433552074450707
1402657349211504648,negative,5.5460148343358816e-12
1402657349400211460,negative,6.066609488202849e-09
1402657349568012303,negative,0.050033000937048024
1402657350440427525,neutral,0.49789225920557484
1402657350591422466,negative,0.01542536468240104
1402657352671764486,negative,0.0008219195428480472
1402657353879674882,negative,9.657192964614704e-06
1402657355100196870,negative,0.1615977477295286
1402657357528813570,negative,0.002590198962193996
1402657358338215945,negative,0.09817661975693076
1402657359613341702,negative,0.10470891443198739
1402657359651029006,negative,0.06113828600935432
1402657361190395907,negative,0.06085789804853742
1402657362612269059,negative,0.006014408157578684
1402657362809430028,negative,0.00025843451711614134
1402657362981306377,negative,0.00014645529661032545
1402657363681816580,negative,0.035689662690044276
1402657365804081153,negative,0.10470891443198739
1402657366294683651,negative,4.938054320791567e-05
1402657366349332480,neutral,0.5741430315828542
1402657366353629189,negative,0.0013783972943669789
1402657366823387143,negative,0.0007734311225788841
1402657369650257929,negative,0.14190518835330426
1402657371659202560,negative,0.00893473813680016
1402657372871573505,negative,0.08154071556995883
1402657374339534857,negative,4.741470845526375e-06
1402657375215968261,neutral,0.5495922250151081
1402657376151425027,negative,3.901420060717778e-06
1402657376180654087,negative,0.22571658443345985
1402657376323444745,neutral,0.49789225920557484
1402657377267064837,negative,0.2973290477429754
1402657378579927040,negative,0.07590295032710602
1402657379649572870,negative,0.015467580142537189
1402657383759949828,negative,0.2049093881554335
1402657384179306497,negative,2.6312310050933342e-08
1402657384527454210,negative,0.0011624812766857446
1402657385915813890,negative,0.12313716015267681
1402657387341824010,negative,0.0049573332060130594
1402657388189163527,negative,0.06342336843429865
1402657393046134786,negative,0.0858691931111478
1402657393050275848,negative,8.56657319008716e-05
1402657393499123717,negative,0.07067480399005795
1402657395088760832,negative,0.04488753511531041
1402657398217707530,negative,0.0009466437795502501
1402657400784670729,negative,0.08543917243675146
1402657401753440257,negative,0.0014996181301208127
1402657402281861121,negative,0.21433552074450707
1402657403003342854,negative,0.003991451006001597
1402657403573833736,negative,0.2686879332757134
1402657404710436870,negative,5.745820939717914e-08
1402657408325914628,negative,9.225521679978736e-09
1402657408724385799,negative,0.0005622101159735747
1402657409013780485,negative,0.07190138442079817
1402657409106169857,negative,0.022132974097124367
1402657409282228232,negative,0.053319083951903726
1402657409596903435,neutral,0.3920775259595825
1402657410494390272,negative,0.18185354940778564
1402657411526279176,negative,0.093031737676633
1402657412063154178,negative,0.06501928388584804
1402657416248971265,positive,0.993359409062386
1402657417633148928,neutral,0.3775551054263822
1402657417956110336,negative,0.0010545832230059212
1402657421345144832,positive,0.7614094461668988
1402657422553014282,negative,0.27435736191371535
1402657422573916162,negative,0.0002674360909111673
1402657423320616960,negative,0.14523505834896383
1402657425803653128,negative,0.09085838354094262
1402657425883336709,negative,0.03119106136200889
1402657426759946240,negative,0.0012772271614231647
1402657427921768448,negative,0.0024969851727082754
1402657428269899778,negative,0.011488307187773262
1402657430916546561,negative,5.014281024223239e-05
1402657430979420162,negative,0.0064116555377572455
1402657432061501440,negative,4.374484260205409e-10
1402657436054458371,negative,2.7688963188501435e-10
1402657438843686918,negative,0.001201209148584852
1402657444652793856,negative,9.7847843582608e-05
1402657445026177030,neutral,0.6351358825488279
1402657445210636296,neutral,0.33402218903110614
1402657446888448007,negative,0.0003422522876304134
1402657447584538626,positive,0.8222255158431281
1402657448306089986,negative,0.0049573332060130594
1402657450231226368,neutral,0.4861590914954918
1402657450801741825,negative,0.0003422522876304134
1402657450835288075,neutral,0.3527781325425899
1402657452513009664,negative,0.12485861035016242
1402657453578334216,negative,9.05384514613727e-05
1402657456648564745,negative,0.053319083951903726
1402657460654153728,negative,0.012309365326848145
1402657461878861827,negative,0.00686327111046468
1402657462277267459,negative,0.07503061985945292
1402657463006990340,negative,0.005131480479302101
1402657463120375808,neutral,0.4407686014587586
1402657463321698314,negative,1.715181741330721e-09
1402657467092381702,negative,1.0146285733673006e-06
1402657467515944960,negative,0.0003422522876304134
1402657469197864962,negative,0.003938028794618337
1402657471064313856,neutral,0.577913557387514
1402657471160856576,negative,0.0009466437795502501
1402657471232086022,negative,0.0019246370740523104
1402657471265755143,negative,1.9089843459853295e-05
1402657471282487306,neutral,0.577913557387514
1402657472205238277,negative,0.0018538497906761572
1402657473333547008,negative,0.25713377043441715
1402657474839257106,negative,0.14446747483957628
1402657475187204102,negative,0.30647691423800943
1402657477481664517,neutral,0.49240294546992547
1402657479973085189,negative,0.12313716015267681
1402657480295976963,negative,0.0027450262386155785
1402657480983863297,negative,0.003991451006001597
1402657481084522496,negative,0.18185354940778564
1402657481273262088,negative,0.0049573332060130594
1402657481629777928,negative,0.0024969851727082754
1402657481709477892,positive,0.9524564115112502
1402657484016345092,negative,0.012988275416586675
1402657485450878983,negative,0.17191069688563645
1402657486495158281,negative,5.0243950431496524e-08
1402657487300567045,negative,0.08683109825637778
1402657487308967939,negative,0.08154071556995883
1402657488521109505,negative,0.0003395226026773254
1402657489338896387,negative,0.25713377043441715
1402657490026725376,negative,0.010802844038422115
1402657490462969864,negative,0.0003422522876304134
1402657491213770760,negative,2.8804239897573842e-11
1402657491641569287,negative,5.32162311293804e-05
1402657492094570505,negative,0.02540365867735426
1402657494628016130,neutral,0.3839270407189077
1402657497169682439,negative,9.586894106698057e-05
1402657497207427076,negative,0.005529174032686112
1402657497672978439,negative,0.0013299801989283557
1402657498876710924,negative,0.027664799102598173
1402657499912802311,negative,0.017303573256099217
1402657500114137088,negative,0.008597056271724635
1402657500269318152,negative,0.008491144329752773
1402657501082968069,negative,0.006908067746189946
1402657502295171087,negative,0.08154071556995883
1402657502966263809,negative,0.0036707903454162695
1402657503528337411,negative,0.00493459445752079
1402657504501415943,neutral,0.5454294334440499
1402657506044882949,negative,0.03138297305352231
1402657507277955078,neutral,0.5372318511317483
1402657510469812225,negative,0.0001631246552766624
1402657512671809537,negative,1.0766165465826994e-09
1402657516878770187,negative,0.039429156760341665
1402657517893734404,negative,0.02540365867735426
1402657518359396352,positive,0.7311141383721347
1402657518862602247,negative,0.011488307187773262
1402657519189757953,negative,0.011488307187773262
1402657519827292160,negative,1.715181741330721e-09
1402657523585404935,negative,0.03962951233428796
1402657523761623042,negative,6.0246006261078535e-05
1402657525493809166,negative,0.1728645106778271
1402657525548392449,negative,0.0016738380666113596
1402657526810808322,negative,0.0007476969775053759
1402657528681533452,negative,0.20119539412131177
1402657528954208268,negative,0.13036700341928276
1402657529000308738,negative,0.027312187472311386
1402657529180692486,negative,1.2514420303479064e-05
1402657531189673997,negative,0.04876614156462202
1402657535686025217,negative,0.1377545061437521
1402657537518878725,neutral,0.577913557387514
1402657538106069000,neutral,0.49789225920557484
1402657538945040385,negative,0.01201349865505436
1402657539356082179,negative,5.896011271860697e-05
1402657540140306435,negative,0.009133189867272249
1402657540777861125,negative,1.0194048382940722e-06
1402657541084090370,negative,0.07707403770577731
1402657542208098304,negative,0.18185354940778564
1402657545806884864,negative,0.1765349760797645
1402657545890709505,negative,0.005959190370306283
1402657545978880004,negative,0.014356967336812859
1402657545978892299,negative,5.010524671485377e-07
1402657546050191366,negative,0.02074465223240783
1402657546398228481,negative,2.823931475038298e-07
1402657548617011201,negative,0.0016738380666113596
1402657548776390662,negative,0.10237261636839329
1402657550030491659,negative,0.0014832660151645157
1402657553994194944,negative,0.05342476903553087
1402657554300289035,neutral,0.367261038995328
1402657554598137861,negative,0.025867483278746512
1402657554711330820,negative,0.03003904159670154
1402657555357257731,negative,0.009089702485650898
1402657556120715268,negative,6.932390577271214e-06
1402657558838624260,negative,0.0009466437795502501
1402657562902806532,neutral,0.44278283723900314
1402657563439681546,negative,0.02540365867735426
1402657563976552451,negative,0.0003422522876304134
1402657565046099973,negative,0.09768492001970358
1402657566140907523,neutral,0.635894130804864
1402657566954565646,negative,0.00045351570243642384
1402657568485478400,negative,0.00021830336331524542
1402657571635351553,negative,0.29047714071546044
1402657572344193027,negative,0.0658649106382999
1402657573849927680,negative,0.002393315008672532
1402657576299503621,neutral,0.3656015308709858
1402657576735711242,positive,0.7092297138808719
1402657577549369346,negative,0.006320877315951264
1402657578421792772,negative,0.00030551925482611645
1402657579159982089,neutral,0.5495922250151081
1402657597304475651,negative,0.02987639784926889
1402657600861356041,negative,0.07503061985945292
1402657601230454790,negative,0.003001059786141732
1402657601385598979,negative,0.009484321371951316
1402657601947643907,negative,0.06265860095016826
1402657602681647109,negative,0.0001520430591417522
1402657604631810049,negative,0.1261964444833579
1402657605504442376,negative,0.1728645106778271
1402657609619025920,positive,0.8222255158431281
1402657613171638281,neutral,0.3402002040945113
1402657613821714433,negative,0.049127455118745916
1402657614371115017,negative,0.039429156760341665
1402657614748598274,negative,0.0004108780365218857
1402657614790639619,negative,0.13411167813658728
1402657616191500290,negative,0.02074895161880797
1402657620050259973,positive,0.8065071932698281
1402657620507377671,negative,0.0863013090687013
1402657621425987584,negative,0.07570039103580001
1402657622017314818,negative,1.8249569508596168e-08
1402657624232009731,neutral,0.6232643230202886
1402657624387211265,negative,0.013568426608100771
1402657624424914944,negative,1.715181741330721e-09
1402657626308157444,negative,0.11357477024235652
1402657626379403270,negative,0.0002364838493232799
1402657626769571840,negative,0.08464046582885688
1402657627356684294,negative,0.21433552074450707
1402657629554544642,negative,0.0564138316055202
1402657630401830918,negative,0.09875815040429646
1402657633174163461,negative,0.12396052383444016
1402657634298306561,neutral,0.4426335991504546
1402657635241975810,negative,0.003991451006001597
1402657635556642818,negative,0.21433552074450707
1402657635674083333,negative,0.05034330143492883
1402657637100048384,negative,0.0024969851727082754
1402657637225861122,negative,6.266505556297123e-07
1402657637339181068,negative,0.0043523886911564615
1402657639188905984,negative,0.0012335980879579365
1402657641508265989,negative,0.2013240848353585
1402657643131453446,negative,0.1306412671821027
1402657645161549830,negative,0.005567248243147468
1402657648961544194,neutral,0.3625689386558307
1402657649452367878,negative,0.25713377043441715
1402657652124045316,negative,0.04469123062002439
1402657656259723268,negative,0.287673723325066
1402657657303994378,negative,0.1576890209583069
1402657657845133313,negative,2.042115566205805e-19
1402657660030394370,negative,0.015419207044361019
1402657661108240385,negative,0.005248087184598671
1402657662802829331,negative,0.0049573332060130594
1402657666242166796,negative,1.9130901701073645e-05
1402657667265540103,negative,0.22771963958029243
1402657668200898568,negative,0.016356919476564417
1402657668293173248,negative,0.0009273328660985915
1402657668297330689,negative,0.19311067094070053
1402657669064933376,negative,0.0007096960743111191
1402657670373335041,negative,0.07177200259335137
1402657672516837380,negative,0.1522963646837849
1402657674706182145,negative,0.09063579499909426
1402657675104632833,negative,0.005638585092320913
1402657676367171593,negative,5.0243950431496524e-08
1402657676576935938,negative,0.02233472077030764
1402657676786556936,negative,0.018901704344843742
1402657677277270037,negative,0.04007682508910861
1402657678787284993,negative,0.004487027047040466
1402657678820790274,negative,0.001505235980661026
1402657682079858694,negative,1.2867770071787298e-05
1402657684382535683,negative,0.02074895161880797
1402657691261095936,negative,2.1503617994815948e-07
1402657691609223170,negative,0.04019478467141161
1402657693928669185,negative,0.00042611866743563564
1402657693941178372,negative,0.0004108780365218857
1402657694494957574,negative,0.03782851224077081
1402657695505817607,negative,0.05278081139985034
1402657696277483521,positive,0.7221944434620964
1402657698349555715,negative,0.09063579499909426
1402657698664140811,negative,0.0049573332060130594
1402657709762166793,negative,0.21433552074450707
1402657709913264132,negative,1.8337765700571339e-07
1402657710068359173,negative,3.882533539211686e-11
1402657710231928838,negative,1.715181741330721e-09
1402657710697484295,negative,0.0012224299385275937
1402657715575525384,negative,0.032007937008611195
1402657718410825735,negative,2.544412854064499e-05
1402657719400767494,negative,0.045626444782682025
1402657721103626241,negative,0.29653026351758854
1402657722076647425,negative,0.019727648643792586
1402657722299002883,negative,0.061815560483129535
1402657724299632646,negative,0.008413378596941669
1402657728296853509,negative,0.0004526983751439115
1402657729156718596,negative,0.005767388359098886
1402657730691743746,negative,0.0009466437795502501
1402657731534860290,negative,0.0009466437795502501
1402657733187227656,negative,0.08245432309369352
1402657733992665093,negative,0.16095666794934776
1402657734013632518,negative,0.014232120950526108
1402657734407950344,negative,0.011488307187773262
1402657734609231877,neutral,0.577913557387514
1402657734915465219,negative,0.0011798052255703152
1402657737150980097,negative,0.07981438509542091
1402657783011553290,negative,0.0013612163485028906
1402657784903110663,neutral,0.5454294334440499
1402657784953454599,negative,0.0009466437795502501
1402657785309978624,negative,0.0025031793874665097
1402657785880449025,negative,0.0003422522876304134
1402657787629420547,negative,0.002869050676931893
1402657787868504064,negative,0.00016236186553588035
1402657790053728256,negative,0.05833901287577043
1402657791999983616,negative,1.3495635631440262e-08
1402657793618890754,negative,0.07724514202951188
1402657794285842435,negative,0.0015663085708371098
1402657795602894848,negative,0.30169600846102096
1402657796760477699,negative,0.31251327812974533
1402657797049831424,negative,0.0001631102500533608
1402657799062974470,negative,1.7521497093346897e-05
1402657799407128581,neutral,0.577913557387514
1402657803135750144,negative,0.0009732756617079567
1402657806944178182,negative,0.0011468456682841542
1402657807564951554,negative,0.21433552074450707
1402657808223461383,negative,3.847217991636555e-10
1402657808345186307,negative,0.002813914905505463
1402657809829859331,negative,0.000111594182713666
1402657810937225217,negative,0.0001669488154552698
1402657811046281216,negative,0.0014814382867003736
1402657811121725447,negative,0.000991865299383934
1402657812266823685,neutral,0.3742196295667788
1402657813529305093,negative,0.23811564961139053
1402657813671915522,negative,0.0003422522876304134
1402657815647473668,negative,4.771711346922964e-05
1402657815852892177,negative,0.007549893477929027
1402657816280715266,negative,0.011901387436515861
1402657821242560514,negative,1.0219105177310751e-10
1402657822035304459,negative,0.0025031793874665097
1402657824744763393,negative,0.01634893777041696
1402657826879770629,negative,0.0012457608732102162
1402657828595277827,negative,0.21433552074450707
1402657829627076618,negative,0.13965700636184816
1402657829924843520,negative,0.0606519226871564
1402657830348394510,negative,9.679238989425006e-06
1402657834169507843,negative,0.008025792379028892
1402657838510624770,neutral,0.5301025468569445
1402657839353565186,negative,0.00022723981906786498
1402657840288997379,neutral,0.367261038995328
1402657841643655172,negative,8.866415958539798e-06
1402657842453168130,negative,0.27559690975127804
1402657847209562115,negative,0.0017073001809817618
1402657849113821187,negative,0.012242799450222273
1402657849495412736,negative,0.038367610275598985
1402657850988564480,negative,0.21433552074450707
1402657851944865792,negative,7.901228358052136e-06
1402657861705113604,negative,0.07774596751193251
1402657863659556869,negative,0.012309365326848145
1402657863844220930,negative,0.006418189402398564
1402657867409285123,negative,0.00045351570243642384
1402657869330329602,negative,0.061815560483129535
1402657870005551107,negative,0.003233709807694724
1402657871041544195,negative,0.08886289974951674
1402657871679139841,negative,3.953921173031574e-08
1402657873772040203,negative,0.1889731943884357
1402657874396991495,negative,0.015137921181916253
1402657883150553088,negative,2.1449042302717276e-06
1402657883590955009,negative,0.007008275262967404
1402657884530434048,negative,0.19311067094070053
1402657886648639506,negative,0.0009466437795502501
1402657886757703689,negative,0.08012325267543423
1402657889060274176,positive,0.9255481950387161
1402657891379724290,neutral,0.5534133316493424
1402657892575203332,negative,5.7587175927566614e-11
1402657892898119691,neutral,0.49789225920557484
1402657893766291467,negative,0.00026305167891535805
1402657895548960771,negative,0.1663786454945429
1402657898526908417,negative,0.0003422522876304134
1402657902448480265,negative,0.24495626844009566
1402657902700154892,negative,0.018674056005062504
1402657904499560453,negative,0.010921823081660608
1402657904684154887,negative,0.005433371490487894
1402657949688946688,negative,0.22937523797257825
1402657950393638915,negative,0.06198209137584043
1402657950636941318,negative,0.15608868916466107
1402657951123488780,negative,0.09267819698975861
1402657951211532294,negative,0.0003422522876304134
1402657951509204993,negative,0.0024837989335677567
1402657954105548809,negative,0.0004383486482511159
1402657956454338561,negative,8.032237832720006e-08
1402657956513169411,negative,0.25870789255938514
1402657958857691139,negative,0.0024969851727082754
1402657960288047105,negative,0.10286991504670501
1402657966239764482,negative,0.06098369733192535
1402657967644807178,negative,0.053319083951903726
1402657968253018113,negative,0.009600211005403408
1402657970094288896,positive,0.969718630319079
1402657973294538753,negative,0.0017596214879161205
1402657974519316490,negative,5.5460148343358816e-12
1402657975651770373,negative,2.8618758908230157e-07
1402657976297590791,negative,0.0018538497906761572
1402657978944208896,negative,0.001110058851413393
1402657979376222210,negative,1.6464267630344952e-06
1402657979619479557,negative,0.25042315977586194
1402657980055760896,negative,0.005225389065674396
1402657981532102659,neutral,0.5495922250151081
1402657983092375560,neutral,0.5495922250151081
1402657983230775300,negative,7.05839081991647e-06
1402657984908566532,negative,0.06647545714829521
1402657985592242180,negative,0.07774596751193251
1402657986791751680,negative,0.0073005626322702475
1402657987781697537,negative,0.00045351570243642384
1402657988284985344,negative,5.755394650153462e-05
1402657990193393667,negative,9.042139279792993e-06
1402657992038928388,negative,6.932390577271214e-06
1402657993062326274,negative,7.157168192670889e-06
1402657993376808962,negative,0.010735668946986559
1402657994198945807,negative,0.05626405036807397
1402657994912014340,negative,0.0024969851727082754
1402657996199673858,negative,0.0049573332060130594
1402657996354826243,negative,0.0004574291209256215
1402657996543508486,negative,0.09277024163898029
1402657998258987008,negative,0.00556946458682395
1402657998351351812,negative,0.12218116507000928
1402657998376407050,negative,0.0037802839600344935
1402658003065704454,negative,0.020847651992240427
1402658003929665541,neutral,0.539526285423146
1402658004542136326,negative,4.783673737725286e-05
1402658004940427267,neutral,0.47275760184394844
1402658005980782597,negative,0.09063579499909426
1402658006043668486,negative,0.0003281681131770633
1402658009076092932,positive,0.8214498199988242
1402658009596055559,negative,6.388136014856845e-07
1402658009675878403,negative,0.0011360352311063412
1402658013887057922,negative,0.06098369733192535
1402658014105116673,negative,0.00023316693009259648
1402658017062105088,negative,0.04655136317756937
1402658017200443396,negative,0.043427981168024356
1402658018441969673,negative,0.19311067094070053
1402658020258107393,negative,6.311173019452038e-08
1402658021319364610,negative,0.07115154167733566
1402658021499617291,negative,0.021920095612662276
1402658021520678919,negative,0.2933275950121153
1402658024364388353,negative,0.11273222752024245
1402658025140363274,negative,0.00013569177998600296
1402658027572973572,negative,0.2704715971682116
1402658028122431497,negative,0.2022116893880138
1402658031469539338,negative,1.147916493970527e-05
1402658031729528838,negative,0.00493459445752079
1402658033415733250,negative,0.0001949367986385605
1402658033495314432,negative,0.22420733708765536
1402658034107793416,neutral,0.4288558791275312
1402658034204262405,negative,0.026280976408834148
1402658035449929729,negative,0.003029218062106838
1402658035961675783,negative,1.400716435006669e-07
1402658037815558152,positive,0.8637745030644719
1402658039379988482,negative,0.023215981228600135
1402658040508211200,negative,1.1350002303543695e-06
1402658041972023301,negative,0.0017806417997385342
1402658044635385863,negative,0.1450886032716251
1402658045491036166,negative,1.1431396147646971e-11
1402658046925578240,negative,0.03301142436236293
1402658047378460680,neutral,0.4598650020881221
1402658047407894529,negative,0.019384971353053757
1402658051899985924,negative,0.0004108780365218857
1402658052428414989,negative,0.13961521813907818
1402658052701106177,negative,0.19311067094070053
1402658052990550019,negative,0.001110058851413393
1402658056190693378,negative,0.0001261874541381338
1402658058661158913,negative,4.240632913955164e-05
1402658059734892548,negative,4.527090870832796e-05
1402658060171190279,negative,0.0016554087642680006
1402658061869883393,negative,0.1522525248590797
1402658062159290368,negative,0.09267563970471075
1402658062176034819,negative,6.423919435598838e-07
1402658062519971843,negative,0.04521448088201744
1402658063321079808,negative,0.0066057357713498535
1402658063564390404,neutral,0.5291858465183138
1402658066965860356,negative,4.26137705675569e-05
1402658068694028295,negative,0.1615977477295286
1402658069176258562,negative,0.18372410925270521
1402658070333960200,negative,0.04521448088201744
1402658070812147714,negative,0.25713377043441715
1402658073093804045,negative,6.658900774496271e-05
1402658074196840450,negative,0.041109684013229786
1402658074528305157,negative,0.03119106136200889
1402658077132853259,negative,2.1009803857411633e-06
1402658078747676675,neutral,0.44543435943567744
1402658081461477380,positive,0.8608849454838764
1402658085441785857,negative,0.21080999158178024
1402658093645840391,negative,8.935899420308488e-08
1402658095646580741,negative,0.0004108780365218857
1402658098926456833,negative,0.08154071556995883
1402658100151193608,negative,0.007348297706162109
1402658100407062538,negative,5.428006373884996e-06
1402658101489291269,negative,0.00686327111046468
1402658103552888836,negative,5.997509143334737e-05
1402658105708711938,negative,0.004258452254083535
1402658108204359683,negative,1.0285419141358704e-11
1402658108615364608,negative,1.6056473366064882e-05
1402658109563281408,negative,1.2848845016042909e-06
1402658110435692547,negative,0.0002574334441738726
1402658110569910274,negative,0.07115154167733566
1402658110876045322,negative,0.0011689459471519355
1402658114525138951,negative,3.438709087578497e-05
1402658115141746692,negative,2.954038886092592e-05
1402658115187884034,negative,0.01710671477000133
1402658117473669120,neutral,0.5734576952979002
1402658117926670337,negative,0.006796617225349921
1402658118446637065,negative,0.056166440016815394
1402658118878781440,negative,6.833087642027128e-05
1402658119084351495,negative,0.005879016731621057
1402658119323430918,negative,0.041885507125855606
1402658120485244928,negative,0.017443764434759527
1402658123660337156,negative,0.012256444874658967
1402658126143369228,negative,0.04655136317756937
1402658126562746374,negative,0.024556844101852188
1402658128538353669,negative,0.06826407186997632
1402658130429988867,negative,1.521667348275433e-12
1402658131260411906,negative,0.09277024163898029
1402658133806399491,negative,0.0030998091380308184
1402658133927997440,negative,1.7568459109282809e-09
1402658137350492163,negative,0.007348297706162109
1402658138495631366,negative,0.00019027166031667406
1402658140387254273,negative,0.22237902178342936
1402658144040390658,negative,2.2000906727725897e-06
1402658147370684416,negative,0.0023607884620746645
1402658150172479488,negative,0.0004108780365218857
1402658151170809858,negative,0.04737941219237368
1402658152697499649,negative,1.5454546179690706e-07
1402658152852692995,negative,0.15351908151688404
1402658153783775235,negative,0.00014645529661032545
1402658154635276295,negative,1.231727128526809e-05
1402658154933067791,negative,0.15650696623839272
1402658155432230915,negative,0.0023607884620746645
1402658157508321282,neutral,0.3483776439259413
1402658157541969927,negative,0.07105149479778025
1402658159320354820,negative,0.00439628869745744
1402658159362256904,neutral,0.408942169628454
1402658163770499075,negative,4.6038661770135776e-10
1402658166307966989,negative,1.0043077075965718e-06
1402658166949695494,neutral,0.5786524337181943
1402658168409399298,negative,0.21433552074450707
1402658168463933441,negative,0.0011360352311063412
1402658169571229702,negative,0.0025848244814347687
1402658170724564992,negative,0.14744233976977522
1402658175090888706,neutral,0.6482575377356905
1402658175820603398,negative,0.20555491931309747
1402658176407834634,negative,0.00014980108987003388
1402658180312834049,negative,0.02758148184496512
1402658182074404869,negative,0.014411599765236646
1402658182359572485,negative,0.07115154167733566
1402658182531633156,negative,0.017719091134375354
1402658182946766857,negative,0.0030297368454360336
1402658188244234242,negative,6.582323576219058e-08
1402658190626537476,negative,0.0036622589595209617
1402658190999891973,negative,0.03119106136200889
1402658191863959553,negative,0.0001357098258400906
1402658192186826760,negative,0.07647342124856862
1402658192371376131,negative,0.009357144057792446
1402658192476315655,negative,0.0025386325002172403
1402658196372824065,negative,0.15654297441458045
1402658196544802818,negative,0.035337713149785996
1402658196766998528,negative,2.8303866820640082e-08
1402658198105083914,negative,0.0004108780365218857
1402658204102844416,negative,6.290878598400394e-06
1402658204350353411,negative,0.06826407186997632
1402658205667315713,negative,0.0024969851727082754
1402658208267780104,negative,0.21218310372903385
1402658209421221893,negative,6.130898926417174e-05
1402658209782022147,negative,0.0007243834877218958
1402658209815465988,neutral,0.34503062106406457
1402658210255933449,negative,0.10794391359306882
1402658215997886469,negative,0.09346403205612903
1402658216140492803,negative,0.0005771105317403123
1402658217210044419,negative,0.3059049267183783
1402658219563040771,negative,0.010846571941197865
1402658222813614082,negative,0.2692963416579097
1402658223908327428,negative,0.08430375422247162
1402658224143224832,negative,0.000469458907657667
1402658226328457227,neutral,0.3656015308709858
1402658226680832006,negative,0.025672622557227482
1402658228018745355,negative,0.011357907019884312
1402658233358209027,neutral,0.49789225920557484
1402658239829921798,negative,1.0284959627756367e-05
1402658239880339463,negative,0.02181568249032211
1402658241771978755,neutral,0.5212084554669985
1402658241977327617,negative,0.06085789804853742
1402658242757603331,negative,0.053319083951903726
1402658242992476163,negative,0.0029358549300730614
1402658244305293322,neutral,0.577913557387514
1402658246230528005,negative,0.0026732958404922995
1402658248021393408,negative,0.005088545900377155
1402658248130543618,positive,0.7221944434620964
1402658248671563783,negative,0.001931579632708797
1402658250496040965,negative,0.13363301319885934
1402658250852646914,negative,0.14329698629105297
1402658251272032263,negative,0.0007523473812909193
1402658252811292678,negative,0.010921823081660608
1402658253557964804,negative,0.0012224299385275937
1402658254140940288,neutral,0.577913557387514
1402658254556106758,negative,0.05309501705794286
1402658254971342853,negative,0.0016565748650120599
1402658255902498819,negative,0.2301917679834784
1402658256837910532,negative,0.21433552074450707
1402658257060118528,negative,0.008382669442915939
1402658261518721025,negative,0.2301917679834784
1402658262525399045,negative,0.0018538497906761572
1402658262856744962,negative,0.01664859834372743
1402658263859085313,negative,0.0024166680332652355
1402658264924426246,negative,0.047545227715440466
1402658265436233742,negative,0.0003281681131770633
1402658265637478402,negative,0.09267819698975861
1402658266170155015,negative,0.005767388359098886
1402658270687473666,negative,0.0049573332060130594
1402658271014629376,negative,0.2721254154477073
1402658271933222914,negative,0.0007261130686517568
1402658273313046528,negative,0.0049573332060130594
1402658274114166787,negative,0.003991451006001597
1402658274369998853,negative,6.0246006261078535e-05
1402658274537771018,negative,0.002452505071699316
1402658274709757957,negative,0.19943273285630103
1402658276353970176,negative,9.056627092358394e-12
1402658277100507148,negative,4.467756185167757e-09
1402658279843581959,negative,0.000996156266886404
1402658282586710023,neutral,0.5136446707795853
1402658284356751366,negative,0.27959683688238995
1402658284625088525,negative,8.032237832720006e-08
1402658284864159749,positive,0.8418384151799024
1402658285313007618,negative,4.0530788740258016e-05
1402658290702733315,negative,0.0004513297318388965
1402658293932232709,negative,0.06577606968386239
1402658299242106882,negative,0.06085789804853742
1402658301242925058,negative,0.002478157871324595
1402658301633089553,negative,0.02074895161880797
1402658301872160778,negative,0.0012567829018437621
1402658302379581447,negative,0.01710671477000133
1402658303923064846,neutral,0.4366771102964549
1402658305143619584,negative,0.09217446846896088
1402658305604997120,negative,0.0012751407562365813
1402658306657685512,positive,0.8222255158431281
1402658306989121537,negative,3.15311486696056e-06
1402658307450490880,negative,0.03875471247531451
1402658308981461005,negative,0.029457927680475848
1402658310046765057,negative,0.0822067222571355
1402658311544115204,negative,0.020646157202004356
1402658315029647362,negative,6.053954481690235e-05
1402658315402948612,negative,0.022966249505319284
1402658319970484237,neutral,0.4598650020881221
1402658320528424964,negative,0.0015663085708371098
1402658321035939845,negative,1.4155767989618051e-08
1402658326224199685,negative,0.0001669488154552698
1402658327511846913,negative,0.16176363966730578
1402658327750791178,positive,0.6695274803606495
1402658332792569857,neutral,0.5495922250151081
1402658333069352960,negative,1.7973030307805699e-10
1402658333572714502,negative,0.010921823081660608
1402658338098319366,negative,0.0003422522876304134
1402658339516043264,negative,0.0001615933075111248
1402658344582619142,negative,0.07383244980161048
1402658345492914185,negative,0.09875815040429646
1402658348403769349,negative,0.03603219356075418
1402658350010093573,negative,0.009357144057792446
1402658353197764611,negative,0.007348297706162109
1402658353466286081,negative,0.06085789804853742
1402658354774822917,negative,0.046754285250661866
1402658360978292738,negative,0.06085789804853742
1402658398118809600,negative,0.23326851826994252
1402658398164901901,negative,0.2051993567673872
1402658398232055816,negative,0.09277024163898029
1402658401033797633,negative,0.007348297706162109
1402658401369403398,negative,0.0012457608732102162
1402658402174709777,negative,0.2786191221238764
1402658403118469120,negative,0.003991451006001597
1402658403957317641,negative,0.032613617839418844
1402658405337206785,negative,0.0564138316055202
1402658407996444674,negative,0.0822067222571355
1402658408596181001,negative,0.25713377043441715
1402658409153970177,negative,5.555049825387638e-10
1402658410550775809,negative,0.2812124665127172
1402658412417146884,negative,0.006848774889338411
1402658415126712325,negative,5.5460148343358816e-12
1402658416166948865,negative,2.1449042302717276e-06
1402658416896643074,negative,0.0001669488154552698
1402658417131597827,negative,0.00032385968591302876
1402658417630662661,negative,0.3099813820306171
1402658417752391691,negative,0.3208433480177698
1402658419501408259,negative,0.08154071556995883
1402658419715235845,negative,0.016275948205034377
1402658419769753604,negative,4.724840011852274e-05
1402658419836964868,negative,0.0010056378312778972
1402658419908153348,negative,6.37970224454392e-05
1402658421082570758,negative,0.0015539504101662281
1402658422517084166,negative,0.053319083951903726
1402658429878124551,negative,0.0012457608732102162
1402658430427533316,negative,0.20854580457823413
1402658431320924165,negative,0.0024095425065413143
1402658431350231047,neutral,0.5495922250151081
1402658431404679171,negative,0.21433552074450707
1402658431748739078,positive,0.9255481950387161
1402658432268767237,negative,0.00373130740519866
1402658435687194627,neutral,0.46127768308170247
1402658435699781645,negative,0.00045351570243642384
1402658436119158795,negative,0.0072869415488625655
1402658436991623178,negative,4.230820312605038e-12
1402658437842956293,negative,0.24971008184593788
1402658438249955330,negative,0.002320772522097864
1402658440892366851,negative,0.00022723981906786498
1402658441966018564,negative,0.0012224299385275937
1402658442385498117,negative,0.07724514202951188
1402658444818235392,negative,0.03119106136200889
1402658448072974338,negative,0.011158141861858768
1402658450031759365,negative,0.00234657780725221
1402658450195288066,negative,0.024556844101852188
1402658450639888392,negative,0.005767388359098886
1402658451252203522,neutral,0.4410543099528349
1402658456935489542,negative,0.012242799450222273
1402658457723998213,negative,0.0927105921067971
1402658458520883202,negative,0.003991451006001597
1402658459494064130,negative,0.20119539412131177
1402658459921887233,negative,0.09085838354094262
1402658460097912837,negative,0.0001298705217298816
1402658460714536960,negative,0.000996156266886404
1402658462337847298,negative,0.002026500596496026
1402658462769848330,negative,1.8698390603177006e-05
1402658462824288264,neutral,0.5454294334440499
1402658462849540098,negative,0.0024969851727082754
1402658463285747718,negative,0.2812124665127172
1402658468771897351,negative,0.0004513297318388965
1402658469879164936,negative,0.07774596751193251
1402658470344679424,negative,0.003991451006001597
1402658471061950470,negative,6.145828613850106e-08
1402658471397543937,negative,0.18760693662253133
1402658473104527361,neutral,0.33968790282220235
1402658475717578752,negative,0.2754104732179606
1402658477932265478,negative,0.03804800099793425
1402658478867595271,negative,0.0012567829018437621
1402658479899303945,negative,0.0004108780365218857
1402658480956264453,negative,1.6331443146583845e-07
1402658482441097220,negative,0.0037408181808092317
1402658484504731652,negative,0.06085789804853742
1402658487767814148,negative,0.0015663085708371098
1402658489139404802,neutral,0.4215531227116738
1402658489462411267,negative,6.165861907977363e-06
1402658490091454464,negative,0.00017941002379476525
1402658493098758147,negative,0.028452640966735707
1402658493430222851,negative,0.0606519226871564
1402658494612840448,negative,0.008382669442915939
1402658494843654146,negative,0.052796153595986606
1402658495149842440,negative,0.041541310691785155
1402658495921594374,positive,0.8589684933875458
1402658496999571458,negative,0.0001669488154552698
1402658498106773504,neutral,0.4215531227116738
1402658499188899850,negative,0.0049573332060130594
1402658499537027073,negative,0.02584741112725809
1402658501307084807,negative,0.08308470536041589
1402658506080194562,negative,0.08886289974951674
1402658506277261313,negative,0.10577957008250018
1402658506428256260,negative,0.0012457608732102162
1402658508747771904,negative,0.00010061416088678741
1402658515634753542,negative,0.008755152401954796
1402658516255522823,negative,0.00022723981906786498
1402658519153885190,negative,0.003991451006001597
1402658520139448321,negative,0.03393388101316312
1402658573558108164,negative,0.00013276597994478902
1402658576695504903,negative,5.355555175531441e-13
1402658578289336320,negative,0.20119539412131177
1402658578733875204,negative,6.130898926417174e-05
1402658580562595845,negative,0.0005500538826239543
1402658582496264192,negative,0.0011451840459257366
1402658587948761093,negative,5.745820939717914e-08
1402658587999096840,negative,0.0005622101159735747
1402658588678447107,neutral,0.33968790282220235
1402658590054354945,negative,0.0003422522876304134
1402658590641561609,negative,9.290609379547144e-05
1402658591849463810,negative,1.7973030307805699e-10
1402658592088637446,negative,0.25713377043441715
1402658594168967170,negative,0.320989734291795
1402658594991005704,negative,6.23677736643483e-05
1402658596836544521,positive,0.6793839681563866
1402658598929502211,negative,1.8676564562662127e-09
1402658599311118338,negative,2.311995211561597e-06
1402658600183603209,negative,0.06595985127527848
1402658601609699333,negative,0.0024969851727082754
1402658601903214596,negative,7.166892669844854e-07
1402658602565918720,positive,0.7348238637620169
1402658602893119498,positive,0.6913671368649189
1402658603497148423,negative,8.032237832720006e-08
1402658605854244868,negative,0.022879262894249085
1402658606198239236,negative,2.3336935666867632e-06
1402658607884165120,negative,0.08644448057401505
1402658608135933961,neutral,0.6503430015264552
1402658609104818176,negative,0.010846571941197865
1402658610312794117,negative,0.049331930181335366
1402658611231342599,negative,5.5460148343358816e-12
1402658612380590081,negative,0.22425862640257577
1402658614276415492,negative,0.0008370211577140721
1402658614406430720,negative,2.6101149303027555e-10
1402658617225105416,negative,0.0003281681131770633
1402658619435401225,negative,6.130249729328787e-07
1402658619716345858,negative,0.04974247579042641
1402658621213843468,negative,0.11357477024235652
1402658622283341827,negative,0.09308183871579322
1402658631154348036,negative,0.06904187015378999
1402658632014118913,negative,0.038366778965032426
1402658632450424838,negative,0.0003422522876304134
1402658633465450503,negative,3.560048447474405e-05
1402658634572632067,negative,0.00045351570243642384
1402658635675803664,negative,3.598020136531646e-05
1402658637378641925,negative,0.24495626844009566
1402658640411217931,negative,3.9590439670168856e-05
1402658641908584464,negative,0.0024969851727082754
1402658644131565572,negative,0.19224535176805121
1402658645180141572,negative,0.03631918433769304
1402658648455888910,negative,0.010798984217280686
1402658649105895426,negative,0.0781472689660069
1402658649114394635,negative,0.0003422522876304134
1402658650301288452,negative,0.09267819698975861
1402658655837818885,negative,0.0008074754604902396
1402658656861278214,negative,0.00045351570243642384
1402658657645600773,negative,0.0006753728287996777
1402658657905659904,negative,0.03119106136200889
1402658659981795335,negative,0.03119106136200889
1402658660157988868,negative,4.527090870832796e-05
1402658661776953347,negative,0.12750381978194764
1402658662754271398,negative,0.0009466437795502501
1402658662871621644,negative,0.20119539412131177
1402658667070169093,negative,0.0001298705217298816
1402658669175652355,negative,0.00493459445752079
1402658669989445634,negative,6.0246006261078535e-05
1402658674091429889,negative,1.893270635895757e-07
1402658674997403648,negative,0.14704911318113795
1402658676922531844,negative,1.715181741330721e-09
1402658677795004422,negative,0.06085789804853742
1402658680458383366,negative,0.003966107712384741
1402658680538025986,negative,0.046457522448170675
1402658683700584451,negative,0.2735426475376906
1402658683788607488,negative,0.29653026351758854
1402658687345438724,negative,0.0074833460414732425
1402658690679857158,negative,3.1804900954037412e-09
1402658690738577416,negative,0.2491855021776358
1402658690969358338,negative,6.584016580153028e-05
1402658692911206410,negative,0.0003804646428757406
1402658692970029062,negative,0.02514279301940666
1402658695096512518,negative,0.21546656194426045
1402658695209705486,negative,0.053319083951903726
1402658698078703616,negative,0.07258309718630329
1402658699567640578,negative,0.017443764434759527
1402658700570071045,negative,0.00234657780725221
1402658729095569410,negative,0.27559690975127804
1402658733818273795,negative,0.0026732958404922995
1402658736607567874,negative,0.11938393881691052
1402658739430252545,negative,0.0003010661402705708
1402658742068518912,positive,0.9255481950387161
1402658742181711875,negative,0.15574095315079645
1402658742458630148,negative,0.0049573332060130594
1402658744698290177,negative,0.030949954044151774
1402658747764285449,negative,0.04916193750163472
1402658748431282184,negative,0.020826497126140462
1402658748729004035,negative,1.800429678831169e-10
1402658749807013898,negative,0.00013413188529347108
1402658750218092545,negative,1.9568156587106505e-05
1402658751539204096,negative,0.001712440923773788
1402658752096989186,negative,0.32573782325020034
1402658753237897217,negative,0.10719836066340488
1402658755293200393,negative,0.0018538497906761572
1402658755372892164,negative,0.26545944637530294
1402658757054717958,negative,0.0019361878189106828
1402658759424593935,positive,0.9255481950387161
1402658762104709121,neutral,0.5734576952979002
1402658763564322816,negative,1.7973030307805699e-10
1402658765007200260,negative,0.06085789804853742
1402658767532183566,negative,6.932390577271214e-06
1402658769012678656,negative,0.0021237407661403563
1402658769759309827,positive,0.6612500564708482
1402658771994923010,negative,0.00045351570243642384
1402658772523405313,negative,0.000518612031230072
1402658774993756161,negative,5.5460148343358816e-12
1402658775442546700,negative,5.877033909369764e-08
1402658775736147980,negative,0.0049573332060130594
1402658777225216005,neutral,0.3499352441185855
1402658777837588488,negative,0.24495626844009566
1402658779267801092,negative,0.0012930713030854303
1402658782551891970,negative,0.0004513297318388965
1402658785513017346,negative,0.020954593396666023
1402658785886453761,negative,0.0003422522876304134
1402658787509559300,negative,0.1303004119814942
1402658787954245635,negative,0.01465513500958493
1402658788633632770,negative,0.025672622557227482
1402658793146699787,negative,0.0049573332060130594
1402658794581200901,negative,1.029824778651645e-07
1402658795453566978,negative,0.0018654602144677992
1402658795881385984,negative,0.10341748430430156
1402658795940163585,negative,0.06265860095016826
1402658796061736961,negative,0.1306412671821027
1402658797810749440,negative,0.0003422522876304134
1402658801996681220,negative,1.5878162274442482e-05
1402658804970496000,negative,0.00045351570243642384
1402658806333575169,negative,0.003963986066383198
1402658807612854274,negative,0.0024969851727082754
1402658808086908928,negative,0.0018582142026466444
1402658810112663557,neutral,0.46318326475361027
1402658814567010312,negative,0.2022116893880138
1402658815703752708,negative,0.0017020579373197625
1402658816081248267,negative,0.027030514600196075
1402658817490489347,negative,0.007074339417691634
1402658818006388736,negative,0.0024969851727082754
1402658818505457664,negative,0.0005629847565883672
1402658819365347328,negative,0.08886289974951674
1402658820887875585,negative,3.8165366414512967e-05
1402658823530336265,negative,6.462865331127321e-06
1402658825065447429,negative,0.010799348372101189
1402658827133243395,negative,0.0004754192969321962
1402658828299218944,negative,0.0024969851727082754
1402658829230383104,negative,0.00045351570243642384
1402658829595254791,negative,0.008025792379028892
1402658831855931393,negative,0.003029218062106838
1402658835605737478,negative,0.001712440923773788
1402658835664445443,negative,0.11944778932724441
1402658836218101762,neutral,0.6124251627871157
1402658838164217865,negative,4.914876883338506e-09
1402658850101149703,negative,0.10341748430430156
1402658851816673294,negative,0.25713377043441715
1402658853066625030,negative,1.133542455198613e-05
1402658853901193216,negative,0.0018585174898644117
1402658856140951555,negative,0.034749794564525
1402658856178696196,positive,0.9769009828462468
1402658859102126081,negative,0.12438984184454012
1402658862147280901,neutral,0.4302157084738883
1402658862428209163,negative,0.00014980108987003388
1402658863069995008,negative,0.025285833275903925
1402658863845892102,negative,0.025994453848072287
1402658865041313796,negative,0.004330127476647456
1402658866467414023,negative,6.130898926417174e-05
1402658866794532868,negative,2.1009803857411633e-06
1402658870695190543,negative,2.4043016800207847e-12
1402658870976208898,negative,0.29653026351758854
1402658872624570368,negative,0.0022844157545333925
1402658872909762562,negative,0.046754285250661866
1402658874105253888,negative,0.00046174785004580196
1402658874222690308,negative,0.04916193750163472
1402658875262783498,negative,0.0009052619856102406
1402658875690655747,negative,2.2723154983913553e-05
1402658877515182080,negative,0.008003243346936622
1402658880295952388,negative,0.08579703226006438
1402658880648364034,negative,0.21433552074450707
1402658880702791684,negative,9.628358888550646e-06
1402658885014593536,negative,0.07570039103580001
1402658885236834305,negative,0.04655136317756937
1402658885681434627,neutral,0.367261038995328
1402658886365159425,neutral,0.45150826860645343
1402658888919531523,negative,0.022493193234706447
1402658890639097862,neutral,0.41889062857537257
1402658891750645763,negative,0.0019466718877091805
1402658893772251139,negative,0.0049573332060130594
1402658898960474112,negative,0.008106074283281086
1402658901783465988,negative,0.16176363966730578
1402658903016546311,negative,0.01115700367960208
1402658904295624710,negative,0.0822067222571355
1402658907483422720,negative,0.017281989577732106
1402658908716646404,negative,0.19998196736072743
1402658909349986306,negative,0.00234657780725221
1402658909488287755,negative,7.901228358052136e-06
1402658909979131909,neutral,0.4273119560253249
1402658911073746944,negative,5.5460148343358816e-12
1402658911849750532,negative,2.768147534561109e-07
1402658913397379076,positive,0.9842233519818345
1402658914718650373,negative,1.715181741330721e-09
1402658915192606723,negative,1.715181741330721e-09
1402658915339456522,negative,0.03119106136200889
1402658917918904323,negative,3.438709087578497e-05
1402658918149525504,negative,0.0004108780365218857
1402658918644555776,negative,0.2812124665127172
1402658921265905671,negative,0.09063579499909426
1402658924059312135,negative,0.062362337071592396
1402658924822663173,negative,0.0009466437795502501
1402658928010403843,neutral,0.408942169628454
1402658928283029512,negative,0.0003422522876304134
1402658929151197190,negative,0.00014980108987003388
1402658929256157190,negative,0.21433552074450707
1402658929901977603,negative,0.10825107348239045
1402658930564665350,negative,0.0049573332060130594
1402658933035110405,positive,0.8418384151799024
1402658933106487298,negative,0.27559690975127804
1402658936658989062,negative,0.0009466437795502501
1402658936810000391,negative,1.6452962507383436e-11
1402658938080927744,negative,0.0007569463215780223
1402658939272142851,negative,0.04515868719617916
1402658939414663178,negative,0.19311067094070053
1402658939829993481,negative,0.006348595918432595
1402658940635254784,neutral,0.42695075000513394
1402658948038246400,negative,0.015293409255561592
1402658948872904704,negative,4.855066175952085e-06
1402658948990316549,negative,0.046754285250661866
1402658950227673090,negative,0.0007162668695003769
1402658950961676294,negative,3.9590439670168856e-05
1402658951339122689,negative,1.0945663705078841e-05
1402658953683734530,negative,0.2992556389282078
1402658954988199939,negative,0.00015449154114802798
1402658957869584384,negative,0.07570039103580001
1402658959325110273,negative,0.09524014754170725
1402658960042127365,negative,0.01166753029680748
1402658961334099969,neutral,0.5495922250151081
1402658969282297863,negative,0.0024969851727082754
1402658970947497986,negative,2.3134418024538407e-07
1402658973979922440,negative,0.0005745529837826374
1402658976270008320,negative,0.019727648643792586
1402658976509091848,negative,6.334742727857652e-10
1402658977025036293,neutral,0.49240294546992547
1402658981127110659,negative,0.08308470536041589
1402658981441589254,negative,0.04077678531670483
1402658982288924681,negative,0.16079157698990237
1402658983433940992,negative,0.0024969851727082754
1402658983673053193,negative,7.481211913667913e-05
1402658983945637890,negative,0.08308470536041589
1402658984834785289,negative,3.219786307252563e-07
1402658986445389831,negative,0.041541310691785155
1402658987200237570,negative,0.030740040238969223
1402658987783462913,negative,0.005368831053048167
1402658988848824323,positive,0.7221944434620964
1402658989746397192,negative,0.051403459391691636
1402658991692525569,negative,0.0074833460414732425
1402658992367751170,negative,5.17711631945136e-05
1402658992602726400,negative,0.048779413243360575
1402658996243283969,negative,1.5486418519253816e-05
1402658999275868166,negative,0.09226616197949561
1402658999850385408,positive,0.6731924274151495
1402659003046453251,negative,0.0831594032984721
1402659003184844802,negative,0.00011728247910880175
1402659004040503301,negative,0.05129834445923581
1402659006041268225,negative,0.08311110279259547
1402659006313816074,negative,0.004330127476647456
1402659006640836608,negative,4.26137705675569e-05
1402659006683004931,negative,0.0024855653331075636
1402659011254800389,negative,0.0039529982928059116
1402659011565166599,negative,0.24354662640449293
1402659013842636814,negative,0.00039136989232712097
1402659016745140229,negative,0.21278880149456827
1402659020004118539,negative,0.1862105306217156
1402659020389892105,negative,9.986331349204141e-09
1402659021061083139,negative,2.6904220143517924e-06
1402659021983830016,negative,0.06265860095016826
1402659022541672448,negative,3.9590439670168856e-05
1402659023216852993,neutral,0.34086527139263656
1402659023288213513,negative,0.0024969851727082754
1402659023514525701,negative,0.004466195654733731
1402659023837618180,negative,0.2022116893880138
1402659025884491778,negative,0.041541310691785155
1402659026232619009,negative,0.21433552074450707
1402659030003335169,negative,0.014356967336812859
1402659032012296194,negative,0.0017020579373197625
1402659032586989578,negative,0.023373202888897014
1402659032939311105,negative,0.0007692792529032948
1402659033463640066,negative,0.011488307187773262
1402659034625421325,negative,4.624634128059764e-05
1402659035548205056,negative,0.000352801644723791
1402659036319916037,neutral,0.5495922250151081
1402659037364297732,negative,0.012298198026416674
1402659040736468996,negative,8.58221846938446e-09
1402659040862392324,negative,2.1009803857411633e-06
1402659042208661508,negative,6.906991233928798e-05
1402659043206995969,negative,0.00014296227653321232
1402659046377857026,negative,0.011488307187773262
1402659047963348998,negative,0.002401771585169262
1402659048714129411,negative,0.041541310691785155
1402659051717156868,negative,0.14142345914065063
1402659053193605121,negative,0.04501741048619211
1402659055026552837,negative,0.041541310691785155
1402659056024686595,negative,0.0024805555367230785
1402659056024797202,negative,0.045969378334629635
1402659056184172547,negative,0.00022724627567180137
1402659059531018246,negative,0.22332129332012243
1402659059937984520,negative,0.0024969851727082754
1402659061473198080,negative,0.0003422522876304134
1402659062718812161,negative,0.018149556904161243
1402659064971157507,negative,8.110096404275204e-10
1402659066464382977,negative,0.11357477024235652
1402659067018031121,negative,0.005609303588718711
1402659068062339074,negative,0.2735426475376906
1402659069551337474,negative,0.00014980108987003388
1402659070511882248,negative,0.14854183559573167
1402659070553772036,neutral,0.47783226025070424
1402659071073869829,negative,1.633569758307992e-05
1402659071656931335,positive,0.6913671368649189
1402659073212960772,negative,1.4609710529516646e-05
1402659075092004864,negative,0.0003422522876304134
1402659076870377479,negative,0.1475548162193037
1402659078564892678,negative,4.741470845526375e-06
1402659080762761220,negative,7.901228358052136e-06
1402659081765244933,negative,0.0009466437795502501
1402659081828155394,negative,0.00045351570243642384
1402659083350687746,negative,0.30646938503567367
1402659085347168259,negative,0.0003693837959985421
1402659086357962752,neutral,0.4598650020881221
1402659086945095684,negative,0.18372410925270521
1402659087620489222,negative,2.2096140318134173e-06
1402659088203460610,negative,0.0003422522876304134
1402659090090840077,negative,6.932390577271214e-06
1402659090715889665,negative,0.32467974050082954
1402659093148471299,negative,0.07286678776702725
1402659094960525321,negative,0.1201617826059343
1402659095077871618,negative,0.21433552074450707
1402659104972226565,negative,0.04809349693462443
1402659106318700550,negative,0.002869050676931893
1402659108336111620,negative,5.664836509390292e-05
1402659108768169987,negative,9.462431016274646e-08
1402659108814209029,negative,4.4635767963556516e-08
1402659109812514822,negative,0.11945760647027072
1402659112429752323,neutral,0.49789225920557484
1402659112555618308,negative,0.000284311778722983
1402659112912134153,negative,0.0010279309589925896
1402659112958279685,negative,0.00016073145938452565
1402659114346496006,negative,8.911441776769448e-07
1402659116347281410,negative,1.5032840543043722e-07
1402659116640768001,negative,0.11637330322585299
1402659118414979073,negative,2.310893443686842e-09
1402659119090311172,negative,0.09171217588253197
1402659119736238085,negative,8.176123176989252e-05
1402659119765635076,negative,7.06331149773098e-05
1402659126778474498,negative,2.033012165722927e-07
1402659128925896704,neutral,0.548197168923367
1402659132570800132,negative,0.09437441811799226
1402659133808119809,negative,0.06904187015378999
1402659134311387144,negative,5.443096064532429e-09
1402659136228241411,negative,0.003415864326665743
1402659136291094534,positive,0.756192805855507
1402659137658499074,negative,0.17094342026099824
1402659138128187401,negative,0.02073208816906034
1402659140661649413,negative,0.002419032715112106
1402659146219069441,negative,0.08685992631673226
1402659151721938956,neutral,0.367261038995328
1402659151940132866,negative,0.04345265800245178
1402659152393080842,negative,0.21433552074450707
1402659154418978824,neutral,0.4249381003413066
1402659158621622274,negative,4.619094416822166e-06
1402659158881705994,negative,0.25870789255938514
1402659159817003017,negative,0.0003422522876304134
1402659160693616649,neutral,0.5534133316493424
1402659162006380544,negative,0.12396052383444016
1402659224371576836,negative,0.0004108780365218857
1402659227034951682,positive,0.9895044274444634
1402659227924054018,neutral,0.49789225920557484
1402659228288962565,negative,3.6036424763610605e-06
1402659228607827981,neutral,0.42695075000513394
1402659230344224768,negative,8.281408822802409e-05
1402659231342399490,negative,0.0049573332060130594
1402659232340758530,negative,0.019384971353053757
1402659237906599942,negative,2.6904220143517924e-06
1402659238258806790,negative,0.2022116893880138
1402659239508779018,neutral,0.37905150929607584
1402659240741900292,positive,0.8222255158431281
1402659241161367562,negative,0.0024350585082734077
1402659241727569927,negative,0.01115700367960208
1402659243963072512,neutral,0.49789225920557484
1402659244873293824,neutral,0.5805197305669315
1402659246878171143,neutral,0.4598650020881221
1402659248224583686,negative,0.07540504681326432
1402659250476830720,negative,0.1615977477295286
1402659251059773442,neutral,0.48490554191646484
1402659251114319874,negative,0.3057951101229265
1402659251147923463,negative,1.1760746426085624e-07
1402659251257028612,negative,0.001969248358313927
1402659251361927169,negative,0.0006848041213084166
1402659251638575108,negative,0.0018966308497628307
1402659252779601935,negative,0.3088436322907659
1402659253102460933,negative,0.0004108780365218857
1402659253106663424,negative,0.089204090342988
1402659254490783746,negative,0.07703558737100268
1402659254981566465,neutral,0.5221759545287693
1402659255363198978,negative,0.12218116507000928
1402659256038473732,negative,1.914001765721361e-06
1402659257103880204,negative,0.1263120116713249
1402659259310129154,negative,0.0007134170798406834
1402659260081881095,neutral,0.49789225920557484
1402659260413132800,negative,1.715181741330721e-09
1402659260887187466,negative,0.025994453848072287
1402659262413914114,negative,0.20986667574712015
1402659263810506753,negative,0.06265860095016826
1402659265370800136,neutral,0.604546034898304
1402659265442205711,negative,4.5518029566557677e-07
1402659265597296645,negative,0.0004868464624039101
1402659265677037570,negative,0.0003422522876304134
1402659267988144129,negative,0.03500127724217177
1402659268164304902,negative,0.0007087559781889525
1402659268705271808,negative,4.052598837729802e-08
1402659269518970891,negative,0.08308470536041589
1402659269602914308,negative,0.004429729052027545
1402659271976816640,negative,2.0423559996995905e-05
1402659273331511299,positive,0.6880243920044389
1402659275265253376,negative,0.0009466437795502501
1402659275693084674,negative,0.001120641806481258
1402659276410216453,neutral,0.49789225920557484
1402659279149088771,negative,0.053319083951903726
1402659279786622976,negative,2.179706469549215e-07
1402659280986284041,negative,0.11637330322585299
1402659281078476805,negative,2.3600082608993425e-11
1402659282177474565,negative,0.2930063886522257
1402659285713162241,negative,3.1804900954037412e-09
1402659285755207685,negative,0.008025792379028892
1402659286338084866,negative,0.014723776646620668
1402659287172800516,negative,0.00016313018150301942
1402659288045264897,negative,3.96293575342241e-09
1402659288531734533,negative,0.08308470536041589
1402659290440163333,negative,0.002572405756660532
1402659292155625476,negative,1.665921708740674e-16
1402659293841838082,negative,4.527090870832796e-05
1402659294437326850,negative,0.061187650523774006
1402659294550560773,neutral,0.49789225920557484
1402659299160117248,negative,1.7555303951496961e-06
1402659300779216898,negative,6.0246006261078535e-05
1402659304285552643,negative,0.04256399876642396
1402659308614074379,negative,0.0024969851727082754
1402659309331361792,negative,0.17701694828734224
1402659310723870728,neutral,0.49789225920557484
1402659311537426432,negative,0.014723776646620668
1402659312070057989,negative,0.014723776646620668
1402659315224387585,negative,0.0822067222571355
1402659315547258881,negative,0.3260988657141328
1402659375320338439,negative,0.09508853961375871
1402659376830234629,neutral,0.49789225920557484
1402659377996210176,negative,0.00013609324882617627
1402659380357734413,negative,0.11428583130183421
1402659380617748498,negative,0.05385480576108469
1402659381519466503,neutral,0.43659261371271024
1402659382056337413,negative,0.05128388920630159
1402659382807207941,negative,0.00018915348916250438
1402659383469920261,neutral,0.46127768308170247
1402659385067909128,negative,0.21957679215292267
1402659386548445194,negative,0.02716073232349129
1402659387999756296,negative,0.22771963958029243
1402659388704366595,negative,0.0744184792942043
1402659389002166279,negative,0.014356967336812859
1402659389434105864,negative,4.44585251427063e-05
1402659392013668355,negative,0.002420089175238441
1402659392986755077,negative,0.11919839499006867
1402659393020248066,negative,0.00017056873777754217
1402659393057996804,neutral,0.49789225920557484
1402659394257575936,neutral,0.33157545532807337
1402659395708854276,negative,0.00032474676866304803
1402659395746603017,negative,0.005233374667577294
1402659397977923594,negative,0.1153566400124845
1402659400066777088,negative,0.08308470536041589
1402659400859459588,negative,0.008332222887741256
1402659401979269120,negative,5.1547418745393374e-08
1402659404458168320,negative,4.166139865046305e-11
1402659404722454532,negative,0.0005548204932027602
1402659405443784707,negative,0.0003422522876304134
1402659406186270727,negative,0.2812124665127172
1402659406748205058,negative,0.024556844101852188
1402659407348043781,positive,0.7586315901854868
1402659408124039171,negative,0.046457522448170675
1402659408593797122,positive,0.9740997906387266
1402659409294245893,negative,0.0003369692304877636
1402659413215920135,positive,0.8222255158431281
1402659422141300736,negative,0.09345813030467916
1402659424037126144,negative,0.0004439669371854744
1402659425345851394,negative,4.741470845526375e-06
1402659425362587652,negative,0.0002403211336608363
1402659425710661636,negative,0.0073005626322702475
1402659425714909187,negative,0.020075981958282797
1402659425811320835,negative,0.008003243346936622
1402659425912078336,neutral,0.49789225920557484
1402659426427887627,negative,5.115425707735162e-05
1402659433071747079,negative,0.0003422522876304134
1402659433294053384,negative,0.0003674071479813791
1402659433507962888,negative,9.290609379547144e-05
1402659433759584261,negative,0.02987639784926889
1402659433906311177,negative,0.06171359045095568
1402659434028048390,negative,0.0024969851727082754
1402659434338336775,neutral,0.5281789346055156
1402659434644623367,negative,0.0003422522876304134
1402659435013627904,negative,5.451493853120046e-05
1402659435147935750,negative,0.08167625767929795
1402659435546284039,negative,0.00018513008169973838
1402659437496520704,negative,0.044304423571561447
1402659438322847746,negative,0.001489126638633443
1402659439874744324,negative,0.0004541566013248265
1402659441850392580,negative,0.015285149484214463
1402659442110439425,neutral,0.49789225920557484
1402659443813326854,negative,0.3131022423291098
1402659445809819651,negative,6.240380970478808e-06
1402659446224982019,neutral,0.3415481232761925
1402659449345556482,negative,0.0002970243610379077
1402659451014877186,negative,0.0004108780365218857
1402659451312746501,negative,0.08308470536041589
1402659452583559170,negative,0.0003010661402705708
1402659456723390468,negative,0.21546656194426045
1402659460179447812,neutral,0.49789225920557484
1402659461584637958,negative,6.932390577271214e-06
1402659463551754243,negative,0.061187650523774006
1402659467477630986,negative,0.0003422522876304134
1402659468387704836,negative,0.0004108780365218857
1402659468635222019,neutral,0.5495922250151081
1402661076114751492,negative,0.0013003267808221108
1402661078484623361,negative,0.2786191221238764
1402661081412255756,positive,0.9255481950387161
1402661081659625484,negative,0.003966107712384741
1402661082427277318,negative,0.12394850969611926
1402661083056324610,neutral,0.34086527139263656
1402661083773607943,negative,4.051227557299241e-06
1402661086797602820,negative,2.3676492314271426e-08
1402661089687572481,negative,0.014348451473292062
1402661090689957889,negative,0.0008571165989643615
1402661090698448901,negative,0.0024969851727082754
1402661092032233473,negative,0.008470828406668001
1402661093210832896,negative,0.003415864326665743
1402661093584117770,negative,0.06265860095016826
1402661093772873729,negative,3.1177889698092223e-10
1402661095245074441,negative,2.514319093829655e-06
1402661095979073536,negative,0.1773437336917878
1402661096914313217,negative,1.5500918162086146e-05
1402661097082175494,negative,0.017869635081143732
1402661097480544261,negative,0.020721195135353157
1402661097975463939,positive,0.9397112481083332
1402661098118131714,negative,0.0009466437795502501
1402661098550083588,negative,0.11919839499006867
1402661100714332182,negative,0.00018304805061262683
1402661101419089926,negative,0.024556844101852188
1402661102798917632,negative,0.019384971353053757
1402661103029608448,negative,0.0003029321919634067
1402661103298134018,negative,0.0018453086213360724
1402661103499452422,neutral,0.3972509291595535
1402661104002740226,negative,0.0003422522876304134
1402661104082358277,negative,0.0704388943684432
1402661108947816459,negative,0.06356682695455698
1402661109753171980,negative,0.01357575441946125
1402661109912555522,positive,0.8460128725955494
1402661112039063552,neutral,0.39872048050538694
1402661113280532480,negative,0.0003422522876304134
1402661113767071752,negative,0.12709216038105
1402661115990097921,negative,0.06265860095016826
1402661117583888386,negative,6.0246006261078535e-05
1402661122390568965,negative,0.25870789255938514
1402661123590066188,negative,0.21433552074450707
1402661124382855168,negative,0.0009648207541828641
1402661124751990789,neutral,0.49061498381861546
1402661125536235520,negative,0.29269409416187353
1402661130284290050,negative,0.001297466651426742
1402661132268150789,negative,0.007032998598914364
1402661133153148934,negative,2.1009803857411633e-06
1402661137066430469,negative,0.01076497515906751
1402661137217462275,negative,0.1682996612145067
1402661139822133260,negative,5.305230804703427e-05
1402661140614758403,positive,0.7092297138808719
1402661141566922755,negative,0.013259526676731938
1402661141776670724,negative,0.2022116893880138
1402661143026544644,negative,0.002461417450648507
1402661145492738059,negative,0.1505352292076723
1402661146012880901,negative,0.0009466437795502501
1402661146314874880,negative,0.016584830894926354
1402661146621100037,negative,5.2672783671251385e-06
1402661149858955267,negative,0.031219157744463925
1402661151239032835,negative,0.0002959719707004359
1402661153659105294,negative,0.0007528365545669666
1402661154133102595,negative,0.23643684088510605
1402661154938368007,negative,0.011488307187773262
1402661159606571012,negative,9.290609379547144e-05
1402661160999133184,negative,0.0003422522876304134
1402661162072805381,negative,4.073276988413724e-06
1402661162215305220,negative,0.06611219829922098
1402661163163435021,negative,0.050033000937048024
1402661163553460235,negative,0.006527800173030204
1402661165038141448,negative,0.0012621283159888314
1402661166569213955,negative,0.2732099654217579
1402661167605157892,negative,0.011488307187773262
1402661171279417346,negative,0.25713377043441715
1402661172256649216,negative,3.0475548715733593e-06
1402661172416061452,negative,0.10470891443198739
1402661173926019075,negative,0.19311067094070053
1402661173951148037,negative,3.6444934531672796e-05
1402661174462779406,negative,0.09085838354094262
1402661175616229381,negative,0.01228205351381001
1402661179579850758,negative,0.0009273328660985915
1402661180032831500,negative,3.668121239783889e-06
1402661180662026254,negative,1.367264089634765e-06
1402661184554287112,neutral,0.5281789346055156
1402661186299174913,negative,0.007008275262967404
1402661198559166468,negative,0.3260988657141328
1402661198609408001,negative,0.0003422522876304134
1402661198819168259,negative,1.877395457209456e-12
1402661201176301569,negative,3.5052490170292056e-10
1402661201792966658,neutral,0.41659619599839665
1402661204020006914,negative,0.2849964062781445
1402661208239521795,negative,0.0003422522876304134
1402661210361827333,negative,0.0010208600368861306
1402661214912716801,negative,0.05128388920630159
1402661215978102789,negative,2.514319093829655e-06
1402661216946900994,negative,6.0246006261078535e-05
1402661217680900099,negative,7.481211913667913e-05
1402661217966174208,negative,0.04228224902021591
1402661218754699275,negative,0.26251324993077857
1402661221145403393,positive,0.8222255158431281
1402661222164615168,negative,0.09063579499909426
1402661222638571521,negative,0.0003422522876304134
1402661225033519109,negative,0.0018538497906761572
1402661228514889730,negative,0.15723749934779085
1402661230200901648,negative,0.0023607884620746645
1402661230473617408,positive,0.9999366520424725
1402661232574926853,negative,0.06904187015378999
1402661233422110726,negative,0.01076497515906751
1402661233745072130,negative,0.2812124665127172
1402661234068045827,neutral,0.38115870816625896
1402661234147737602,negative,0.0033611082790206276
1402661240766451714,negative,0.0024969851727082754
1402661241563324422,negative,0.01076497515906751
1402661244503531530,neutral,0.33061839583058367
1402661245011075077,negative,0.2527620963149295
1402661246655156227,negative,0.09765643291370402
1402661246831370244,negative,0.0024969851727082754
1402661247032639493,negative,1.985161514845752e-05
1402661247972171778,negative,0.015991766479605013
1402661248496439296,negative,1.2344441674406596e-12
1402661248496549891,negative,0.31006108443157726
1402661248970506240,negative,0.08245432309369352
1402661249222164484,negative,0.08870729404990754
1402661254049808390,negative,5.1547418745393374e-08
1402661255417057281,negative,0.02540365867735426
1402661255886917638,negative,0.014723776646620668
1402661259137454085,negative,0.04959092861816812
1402661261167452166,negative,0.1765349760797645
1402661261385551875,neutral,0.49789225920557484
1402661261482024962,negative,1.8108255623374292e-06
1402661264309080066,negative,0.0005625764938814549
1402661264376147969,negative,0.0035254790231674447
1402661264388726790,negative,2.1357303788165114e-06
1402661264623497220,negative,0.08603904553265672
1402661264690716675,negative,1.1983917739837811e-05
1402661267479969794,negative,0.2155216314530114
1402661267853262855,negative,0.0003159588360556483
1402661269078003730,negative,0.000875766500992276
1402661269094735872,negative,0.043427981168024356
1402661271871254532,negative,0.1406568429382401
1402661273322639369,negative,0.01643143601599208
1402661273419010051,negative,0.04228224902021591
1402661273469394950,negative,5.428714911983298e-06
1402661274643800070,negative,0.005532260106527057
1402661276120227842,neutral,0.42731488696630027
1402661276246028289,negative,0.001772171518333342
1402661276308971524,negative,0.2049093881554335
1402661277567180802,negative,6.0355937538794626e-15
1402661285339308038,negative,0.02987639784926889
1402661287008653313,negative,0.0009466437795502501
1402661288916959235,negative,0.07732771257911876
1402661291991445508,neutral,0.45865158599960215
1402661294159843331,negative,0.0008758133517678694
1402661295237873667,negative,0.001772171518333342
1402661296663900164,neutral,0.43897800242845086
1402661298790453252,negative,0.047990230000385735
1402661299188809731,negative,2.6345526531987755e-13
1402661299453038601,negative,0.0003422522876304134
1402661301072109568,negative,0.0006761360599068068
1402661304440135687,negative,0.00013569177998600296
1402661305107075074,negative,0.007349439921980887
1402661305434185733,negative,0.2812124665127172
1402661306369548290,negative,0.10470891443198739
1402661307728416769,negative,0.00011674930662433381
1402661308382711810,negative,0.003904104503069253
1402661308835713027,negative,0.00034840952724165663
1402661309116735490,neutral,0.5495922250151081
1402661309158731780,negative,0.10921488418667877
1402661309846540291,negative,0.021015822015602908
1402661310903558156,neutral,0.48728019602140255
1402661311650086920,positive,0.7092297138808719
1402661311834640386,negative,0.005213806841034659
1402661316897038338,negative,0.0005441916316306234
1402661320714067980,neutral,0.45865158599960215
1402661326653116418,negative,0.1648737338460222
1402661326749638666,negative,0.0010531652085161226
1402661328813182977,negative,0.019098428441326785
1402661329551364101,negative,4.081746981400953e-12
1402661330545414152,negative,0.21433552074450707
1402661331979935747,negative,0.027030514600196075
1402661335113121796,neutral,0.4651496474142663
1402661337205989381,negative,0.003949606836624242
1402661337424093186,neutral,0.3448789537043245
1402661338770513921,negative,0.0014552057592178947
1402661339143847937,negative,0.00045351570243642384
1402661340297056260,negative,0.00014349476358500456
1402661342071361537,negative,0.04228224902021591
1402661342889320452,neutral,0.5439262159184923
1402661395360006145,negative,0.3260988657141328
1402661395695611904,negative,7.146587967953795e-05
1402661396077334532,negative,0.0007692792529032948
1402661396333084681,negative,0.029770008580355573
1402661396580552708,neutral,0.49026635668587865
1402661398862352388,neutral,0.532078215418009
1402661399797678081,negative,0.0003422522876304134
1402661400548360195,negative,0.041541310691785155
1402661400615526408,negative,0.008790224225296468
1402661400808394759,negative,1.3638603006775213e-13
1402661400967778309,neutral,0.4407686014587586
1402661401873821701,negative,1.26803319733784e-05
1402661403182440448,negative,0.0045943214924034775
1402661403614273537,negative,1.188215827739631e-05
1402661403899711497,negative,0.001772171518333342
1402661404147130371,negative,9.436899615283078e-06
1402661405870919682,negative,0.308199125160694
1402661406042906626,negative,0.050033000937048024
1402661409494908931,negative,0.001772171518333342
1402661409662672896,negative,0.02540365867735426
1402661410556022789,negative,0.001772171518333342
1402661410975408132,negative,0.06826407186997632
1402661412913258501,negative,0.008025792379028892
1402661415035490307,negative,0.21433552074450707
1402661415270457344,negative,3.275463306906151e-06
1402661416864292865,negative,0.011488307187773262
1402661419473018886,negative,0.26892627985067374
1402661419716386816,negative,9.290609379547144e-05
1402661420093915138,negative,0.011488307187773262
1402661422211997702,negative,0.0060802095831174125
1402661423759597570,negative,0.26892627985067374
1402661423772102668,negative,0.26892627985067374
1402661429254230023,negative,0.0018545167479992492
1402661429367431176,negative,1.2223757654549658e-11
1402661431334551555,positive,0.8700695307312173
1402661433087873028,negative,0.08886289974951674
1402661434648109056,negative,0.03500127724217177
1402661438209019907,negative,0.1844221551389556
1402661446048268289,negative,0.0009466437795502501
1402661450209017856,negative,3.149852752629883e-05
1402661451488182275,negative,0.0011043585965926353
1402661451551105027,negative,2.514319093829655e-06
1402661452637474821,negative,0.047990230000385735
1402661456353574916,negative,0.003029218062106838
1402661458274627584,negative,3.248612741174303e-05
1402661459511939074,negative,0.3260988657141328
1402661460543746050,negative,0.2914744856844657
1402661463269986307,negative,0.0035285126609436073
1402661464066904067,negative,0.021147800838273244
1402661465941843978,negative,0.01096883391167923
1402661466864590860,negative,9.290609379547144e-05
1402661467510427648,negative,0.0011043585965926353
1402661468949020675,negative,0.21433552074450707
1402661469003649028,negative,0.00014980108987003388
1402661470853382149,negative,0.06374701668888923
1402661471167864843,negative,0.0021237407661403563
1402661473017552897,negative,6.288677108372218e-05
1402661473709592581,negative,0.0022662232693832817
1402661473747361796,negative,0.0010659620422167775
1402661474439516168,negative,0.09063579499909426
1402661474942787587,neutral,0.38873372480120943
1402661475026624512,negative,1.789655914072377e-08
1402661476003897347,positive,0.6806659712367428
1402661478210183171,negative,2.4564908508834485e-05
1402661478617001985,negative,0.000875766500992276
1402661478985990148,negative,0.21433552074450707
1402661483377577984,neutral,0.3367222676084967
1402661484157669378,negative,0.06938090498332918
1402661484656836611,negative,0.05182840149084554
1402661486036754432,negative,0.00045351570243642384
1402661487588614147,neutral,0.43161563527106483
1402661489664745479,negative,0.0369439992258834
1402661490218475528,negative,0.020707632580263154
1402661498099572736,negative,0.2812124665127172
1402661499840176131,positive,0.8700695307312173
1402661502612615168,negative,0.04228224902021591
1402661557985742849,negative,0.1504030197459501
1402661558996635653,negative,0.002122160461479138
1402661563748782086,negative,0.07723974857920941
1402661564075986944,negative,0.0032837852514149843
1402661564935815169,neutral,0.4368347878126289
1402661565451714580,negative,0.01187419458295843
1402661565564923904,negative,0.001741370232127587
1402661566315732993,negative,0.013527959444817517
1402661567326457862,negative,0.1999331438758283
1402661570656755717,negative,0.19957961956116366
1402661574255448074,negative,0.015546481032977491
1402661574465228809,negative,0.12218116507000928
1402661574955896834,negative,0.19311067094070053
1402661575178305536,negative,5.1547418745393374e-08
1402661578873389065,negative,0.008726450152701954
1402661579670396931,negative,0.014848866428121579
1402661579838136323,negative,7.374217023901853e-07
1402661580718944261,negative,2.2096140318134173e-06
1402661582199574528,negative,0.001975590012189513
1402661583814381576,negative,0.0012665961147395827
1402661584913190915,negative,1.715181741330721e-09
1402661586460975107,negative,8.941023282446918e-09
1402661586490253318,negative,0.024673463232097247
1402661586666283008,negative,0.01339178011942358
1402661592588820482,negative,0.019101492028410088
1402661594316906500,negative,0.2528032921865484
1402661595952582661,negative,0.03130192007259289
1402661597756248064,negative,8.704485916812229e-07
1402661599559749632,negative,0.08931623789372894
1402661600943804416,negative,0.053319083951903726
1402661601338142723,negative,0.007892740507438841
1402661606845292553,negative,0.29858250404719916
1402661607193382914,negative,0.00018348393579970356
1402661607222788102,negative,0.0012224299385275937
1402661607499522055,neutral,0.3499352441185855
1402661612545351681,negative,0.005767388359098886
1402661612826341381,negative,8.047535189769331e-05
1402661617972752385,negative,0.01114776665676775
1402661618065055760,negative,0.10285357834158744
1402661618937479168,negative,0.10283248069732932
1402661619067408388,negative,0.020190772170251402
1402661619654610946,negative,0.000996156266886404
1402661620602576901,negative,0.2813637580637425
1402661623534391299,negative,0.014356967336812859
1402661623911829508,negative,0.0003422522876304134
1402661624238936067,neutral,0.48728019602140255
1402661624398372868,negative,0.01301280538663274
1402661624926834693,negative,0.0004513297318388965
1402661625069391872,negative,0.001516688250596053
1402661625237315586,negative,0.007932746275839607
1402661626889871361,negative,0.09217446846896088
1402661627095400450,negative,0.0003422522876304134
1402661627690893313,negative,0.008491144329752773
1402661628932509696,negative,0.0030297368454360336
1402661630719168519,negative,1.715181741330721e-09
1402661630740152320,negative,0.0012567829018437621
1402661632497569793,negative,4.741470845526375e-06
1402661632887734276,negative,6.932390577271214e-06
1402661635836321792,negative,0.25713377043441715
1402661636167585794,negative,0.0015663085708371098
1402661637694308355,negative,0.21433552074450707
1402661639854432264,negative,0.006902978830694807
1402661641192419332,negative,0.0001669488154552698
1402661641938952194,negative,0.00022459520128508378
1402661642828140548,negative,0.0003126418337802409
1402661644610777092,negative,0.18230379953618195
1402661645051105287,neutral,0.3358218310945649
1402661646317805578,negative,4.741470845526375e-06
1402661647131582471,negative,0.0012457608732102162
1402661650302386176,negative,0.2022116893880138
1402661650646421508,negative,0.08931623789372894
1402661651409739782,negative,0.02540365867735426
1402661652504395776,negative,0.00022723981906786498
1402661657466347529,negative,8.513458888176935e-06
1402661659546734602,negative,0.012242799450222273
1402661661908078602,negative,0.006025080050674894
1402661662063304707,negative,0.008025792379028892
1402661662260297729,neutral,0.34086527139263656
1402661662281408515,negative,0.020007154114013333
1402661662356877312,negative,0.11730026882154578
1402661664806391810,negative,0.07774596751193251
1402661665615790080,negative,0.0011679708702440803
1402661665989070850,negative,0.19311067094070053
1402661666731462662,negative,0.011488307187773262
1402661667377319940,negative,0.0049573332060130594
1402661668807659520,neutral,0.3358218310945649
1402661669281714182,negative,0.008025792379028892
1402661669684318210,negative,0.0012665961147395827
1402661673463336962,negative,0.08331681416044835
1402661675644461057,negative,0.10193407910086733
1402661676370087939,negative,0.008025792379028892
1402661677892517889,negative,5.885883237267782e-12
1402661678387433479,negative,1.715181741330721e-09
1402661680245473283,negative,0.06085789804853742
1402661682770554882,negative,0.004429729052027545
1402661683466846213,negative,0.024673463232097247
1402661683848482817,positive,0.993359409062386
1402661684754403328,negative,0.006902978830694807
1402661686067277826,negative,2.1009803857411633e-06
1402661687434440708,neutral,0.5495922250151081
1402661689854660611,positive,0.7092297138808719
1402661693038153743,neutral,0.3358218310945649
1402661695034728448,negative,0.00031795018283824997
1402661695307370497,negative,0.015995491981497575
1402661695869366276,negative,0.19224535176805121
1402661698343944193,negative,0.25662546476788567
1402661698948022283,negative,0.12709216038105
1402661699078037510,negative,0.04158591118063701
1402661699166031876,negative,0.06349841834265853
1402661699635740677,negative,0.021599338129987797
1402661701728837633,neutral,0.3358218310945649
1402661707621801990,negative,0.0003422522876304134
1402661707621842952,negative,0.1674537993739461
1402661707651051520,negative,0.006072389058716505
1402661708708057091,neutral,0.3358218310945649
1402661709404381366,negative,1.715181741330721e-09
1402661709853102087,negative,1.6996115024688313e-06
1402661711501475843,negative,3.940985912319964e-06
1402661716970946566,negative,0.06446761730078081
1402661717415452674,neutral,0.46127768308170247
1402661721584644099,negative,0.014356967336812859
1402661722150916100,negative,1.0285419141358704e-11
1402661722356338692,negative,6.834203855758919e-08
1402661722985533440,neutral,0.3358218310945649
1402661723945984009,negative,0.000875766500992276
1402661724550017024,negative,0.0066057357713498535
1402661725334347777,neutral,0.5495922250151081
1402661728865992704,negative,0.06098369733192535
1402661728970756099,negative,5.452209169592625e-05
1402661734540890119,positive,0.8700695307312173
1402661735870386180,negative,0.00017941002379476525
1402661736516313092,negative,0.0003422522876304134
1402661738315587594,negative,0.21433552074450707
1402661738747662339,negative,0.0012665961147395827
1402661740991631366,negative,0.03500127724217177
1402661744405848067,negative,0.010886842537170382
1402661747010551812,negative,3.211182512263049e-12
1402661748914622464,negative,9.3433884930452e-15
1402661749707399175,negative,0.2693233510950675
1402661750311432196,negative,4.7019328115777814e-08
1402661750760251395,negative,0.1765349760797645
1402661751909457922,negative,0.015386016993002339
1402661754337890318,neutral,0.408942169628454
1402661754493050882,negative,0.0962736080613458
1402661755478814721,negative,0.007932746275839607
1402661759144628226,negative,0.015865462901028478
1402661760931401728,negative,0.08308470536041589
1402661761988317186,negative,1.8108255623374292e-06
1402661762214809607,negative,0.25713377043441715
1402661766832734213,negative,1.1716250020550567e-08
1402661767516504065,negative,0.004532751493693432
1402661767608770577,negative,0.06940751172782361
1402661767612825605,negative,0.006378353601482212
1402661767747145732,negative,0.00019392171973836624
1402661767810015232,negative,0.03713739763201534
1402661767956766726,negative,9.276835191632394e-09
1402661768120442882,negative,0.002296537999950091
1402661769525485573,negative,0.051554127184910856
1402661770511241221,negative,0.0001304638330064549
1402661772922851330,negative,0.10810892464812642
1402661773103308806,negative,0.18715368829809673
1402661773791137792,neutral,0.49061498381861546
1402661775590539266,negative,6.918639077390401e-09
1402661776995536898,neutral,0.5266607897375037
1402661777612095491,negative,2.0430846589626142e-07
1402661778610438150,negative,0.0018585174898644117
1402661779176570888,negative,0.0240162670455321
1402661779185020941,negative,0.10268901612559923
1402661784423747595,negative,0.057956442696201725
1402661787216924675,negative,0.1446041164482266
1402661787493978117,negative,0.12412556424372821
1402661787640737797,negative,0.006332498088069367
1402661788500561921,negative,4.777375806604463e-05
1402661788668239875,negative,0.1446041164482266
1402661789163196418,negative,0.0003422522876304134
1402661789863616512,negative,0.1446041164482266
1402661790341906438,negative,1.5673487716068165e-05
1402661790778015745,neutral,0.49789225920557484
1402661791134531585,negative,0.0004950179113077978
1402661792925507586,negative,0.31251327812974533
1402661795668529153,negative,0.13535116043171014
1402661795815436289,neutral,0.5495922250151081
1402661796008402948,negative,0.10470891443198739
1402661797149220864,negative,0.20173451908064408
1402661800685064193,negative,0.005612853117060671
1402661802236915721,negative,0.29858250404719916
1402661802572451841,negative,2.5658914395434392e-06
1402661804258455552,negative,0.002832170798745732
1402661805319614465,negative,0.00028549921456264037
1402661806594789392,negative,1.9016136605018745e-07
1402661807433547779,negative,0.07296212253600601
1402661810256371719,negative,0.1999331438758283
1402661810512220162,negative,0.0012665961147395827
1402661811116195842,negative,0.0003422522876304134
1402661811996999682,negative,0.001772171518333342
1402661813234327563,negative,0.00035601909536383717
1402661814257655813,negative,0.040379203542761435
1402661814513582081,negative,0.0008845006624757872
1402661814987595784,negative,0.0008184842769847745
1402661815864156161,neutral,0.3358218310945649
1402661816040411139,negative,0.21433552074450707
1402661818217250823,negative,0.00017941002379476525
1402661820578643969,negative,1.715181741330721e-09
1402661821585186821,negative,0.27559690975127804
1402661823019687936,negative,1.1960788578996899e-05
1402661827343962115,neutral,0.5651393015448372
1402661827411169280,negative,0.08308470536041589
1402661827415351298,negative,3.438709087578497e-05
1402661829357211655,negative,0.0024350585082734077
1402661832289140743,negative,0.21433552074450707
1402661832398151686,negative,0.002122160461479138
1402661832712765440,negative,2.861331769830064e-05
1402661832716963844,positive,0.9255481950387161
1402661834352697345,negative,0.0003422522876304134
1402661834453360641,positive,0.8794400731486101
1402661834855964676,negative,0.09277024163898029
1402661836223361025,negative,2.239608496034336e-06
1402661836588302343,negative,0.0005685993809923564
1402661836848259074,negative,0.03407165505916917
1402661836990910469,negative,0.011442485908811955
1402661837435514887,negative,0.001772171518333342
1402661838484127752,neutral,0.46169297422218397
1402661839255879680,negative,0.00014296227653321232
1402661840547635200,negative,0.012883381034400943
1402661843710136325,negative,0.0007031078001276083
1402661844553289734,negative,0.001712440923773788
1402661844993576963,negative,0.019384971353053757
1402661845127815172,negative,1.1296553051909577e-05
1402661845501202434,negative,0.21433552074450707
1402661846482575361,negative,1.5673487716068165e-05
1402661847984226309,negative,0.028388259821422797
1402661848810459137,negative,0.09530399256378161
1402661850517491729,negative,1.2717334025262323e-10
1402661851167612934,neutral,0.4392838202975367
1402661851465461762,neutral,0.4297850204964556
1402661851973001230,negative,0.03781076192107229
1402661852824444933,negative,4.186872828246779e-05
1402661852983738374,negative,5.236905468717431e-15
1402661853168340993,negative,2.8026088939648265e-08
1402661854535684097,negative,0.00046099220852659315
1402661857614340097,negative,0.0009466437795502501
1402661859447169024,negative,0.25713377043441715
1402661861305298949,negative,0.005810965601098244
1402661863469502468,negative,0.16015861207917695
1402661866095132682,negative,0.09171209668694087
1402661872063729667,neutral,0.3358218310945649
1402661873938571268,negative,0.27598191059478827
1402661873946877952,negative,0.017219305687240994
1402661875112886277,negative,0.0029326218298410265
1402661877218435073,negative,0.0003422522876304134
1402661877960917001,negative,0.20376488541642857
1402661878006956034,neutral,0.4952169633185348
1402661879747653634,negative,0.0012665961147395827
1402661879844069377,negative,1.7214117932398668e-07
1402661880150343684,negative,9.385297822089702e-10
1402661882197069824,neutral,0.3358218310945649
1402661884118061058,negative,0.0018582142026466444
1402661884139126789,negative,0.2621435295041906
1402661886240432133,negative,0.021091846373026885
1402661886311665669,negative,1.6723353082658885e-06
1402661886437597190,negative,0.0003369692304877636
1402661887402196998,negative,0.014356967336812859
1402661888706625540,positive,0.7696962693766337
1402661889683906564,negative,0.308199125160694
1402661891491696645,negative,0.0006048391858312161
1402661892070559748,negative,0.00234657780725221
1402661892225699845,negative,0.004781078114566766
1402661892401909762,negative,0.011488307187773262
1402661893697802243,neutral,0.3957755569793847
1402661893983047684,negative,0.2692963416579097
1402661897128878083,negative,0.1409403274176519
1402661897162346496,negative,0.0030269710830360405
1402661904531722242,neutral,0.3358218310945649
1402661906612211716,negative,3.385462673281579e-11
1402661910210879494,positive,0.9997161212650171
1402661910621863937,negative,0.06446761730078081
1402661910651228162,negative,0.0004439669371854744
1402661912786112512,negative,0.20663939140358475
1402661914182828036,negative,0.0025031793874665097
1402661914207997952,negative,4.3263989389366295e-10
1402661914833043463,negative,0.02074895161880797
1402661915046957060,negative,2.3720833713270374e-05
1402661916565291013,negative,0.011488307187773262
1402661916800176130,negative,0.035337713149785996
1402661916946931712,neutral,0.47697210391394973
1402661920889577479,negative,6.43832115109004e-05
1402661922353336329,negative,0.006683188805047508
1402661922693169156,negative,0.01769204383438639
1402661922810609665,neutral,0.655450136834394
1402661923766865925,negative,0.08457040564223582
1402661924341432320,negative,0.000875766500992276
1402661924563734532,neutral,0.3358218310945649
1402661925285240834,negative,0.0025031793874665097
1402661926744776708,negative,3.5518197825238776e-06
1402661929173372929,negative,0.0026053091843054824
1402661929592709128,negative,0.02074895161880797
1402661929773154305,negative,0.2724487450499946
1402661930687516677,negative,0.0025031793874665097
1402661931115335683,negative,0.21433552074450707
1402661934680481796,negative,0.25326577304486586
1402661936966291457,negative,0.003991451006001597
1402661937104687108,negative,0.19243135556791616
1402661937402503168,negative,0.013757833343513208
1402661938572808192,negative,0.002122160461479138
1402661939260669954,negative,0.007932746275839607
1402661941185859588,negative,0.1765349760797645
1402661943643623427,negative,0.0277515223365891
1402661946416111625,neutral,0.4274047939449264
1402661947552768003,negative,0.0006833573165622841
1402661948001603584,negative,0.0012665961147395827
1402661951956787213,negative,0.008951228752727563
1402661956016906243,neutral,0.6232643230202886
1402661957468053504,negative,1.154814633466341e-06
1402661958004977667,negative,0.0017454393072341356
1402661960437665796,negative,4.5540505557873455e-06
1402661961305821185,negative,0.0034096948482806155
1402661961947570180,negative,2.5010024744597982e-08
1402661962639679492,negative,0.0004078076874556432
1402661965479174149,negative,0.21433552074450707
1402661966309511170,negative,0.009217550570344993
1402661969702752257,negative,0.10470891443198739
1402661970227216390,negative,0.000469458907657667
1402661971808378890,negative,0.019938200790002837
1402661972420747264,negative,1.0285419141358704e-11
1402661975952400387,negative,0.008025792379028892
1402661982952640516,negative,1.8627569819972752e-09
1402662011486474243,negative,4.295572937506191e-05
1402662011704590341,negative,0.0024808860484802305
1402662012602273797,neutral,0.3358218310945649
1402662013189464068,negative,1.5545840616187148e-08
1402662014162440194,negative,1.7155590991088482e-05
1402662016305803267,negative,0.0010397418609381008
1402662018692354056,negative,0.017772270905106753
1402662019967377417,negative,0.05977686520305812
1402662021313679362,negative,2.797933035012256e-05
1402662025466109964,negative,0.23226620223243846
1402662030851645450,negative,0.00017941002379476525
1402662033166946305,negative,0.0064207197852432655
1402662033401815043,negative,0.31823262333707925
1402662034337107971,negative,9.276835191632394e-09
1402662036643926017,negative,0.1300566113731734
1402662046643146752,negative,0.014038028847041997
1402662049356918786,negative,0.005440257956366898
1402662049671532546,negative,0.039605099778285836
1402662050208288772,negative,0.25662546476788567
1402662050254491651,negative,0.00013812261186464046
1402662059494547466,negative,0.0004321106398459818
1402662059817459723,negative,0.033458484596853494
1402662061570674688,negative,0.04280709061721464
1402662062338236416,negative,0.10470891443198739
1402662062380228612,negative,0.04280709061721464
1402662062984159236,negative,0.21433552074450707
1402662067992240134,negative,0.0012665961147395827
1402662070382964742,negative,0.0564138316055202
1402662070571634692,negative,2.4191220166667254e-10
1402662071192506369,negative,0.21433552074450707
1402662072056532996,negative,0.25713377043441715
1402662072127832070,positive,0.9255481950387161
1402662073553850375,negative,4.105583086001163e-09
1402662075806240774,negative,0.014021535463782469
1402662080931586050,negative,0.000153893770970439
1402662081963376640,negative,0.006796617225349921
1402662082491809796,negative,1.338358549005803e-11
1402662083062292483,negative,0.06349841834265853
1402662083825704970,neutral,0.4392838202975367
1402662084542930945,negative,0.0009273328660985915
1402662089689337864,neutral,0.46127768308170247
1402662093019561989,negative,0.01514625061499168
1402662094080823304,negative,1.0816274407883108e-07
1402662097599799298,negative,0.04280709061721464
1402662097696210947,negative,6.932390577271214e-06
1402662097864040452,positive,0.978153617686429
1402662100082831371,negative,0.006683188805047508
1402662100619587591,negative,0.06085789804853742
1402662101504626698,negative,0.00014980108987003388
1402662102628712450,negative,3.1261309528617706e-07
1402662102653968391,negative,0.16307888525735348
1402662102712586251,negative,0.011488307187773262
1402662103857524737,negative,0.041541310691785155
1402662104423964685,neutral,0.3358218310945649
1402662106344869893,negative,0.015995491981497575
1402662106940559366,negative,0.18645595668377823
1402662107477389313,negative,0.0003422522876304134
1402662112497909760,negative,0.0014065153698387962
1402662113785622532,negative,1.7155590991088482e-05
1402662115375079424,negative,0.0049573332060130594
1402662115488546817,negative,0.01514625061499168
1402662117774352388,negative,5.745820939717914e-08
1402662117921153024,negative,0.08154071556995883
1402662119531819012,negative,0.04586992648613221
1402662120492257280,negative,3.847217991636555e-10
1402662121624768512,neutral,0.47059541088770873
1402662121704411143,neutral,0.3996580091506196
1402662122899783683,negative,0.0024166680332652355
1402662123168227335,neutral,0.3561529666342978
1402662124229439495,negative,1.5943541138719852e-05
1402662126641164305,negative,1.7128307297691346e-06
1402662126737575940,negative,0.010798984217280686
1402662127115067395,negative,0.02705797450253169
1402662127656132608,negative,0.006796617225349921
1402662128289468434,negative,0.21433552074450707
1402662130080534533,negative,5.4712753734410986e-05
1402662130172796933,negative,1.8823484128583498e-05
1402662133393989635,negative,0.017443764434759527
1402662133486194698,negative,0.000875766500992276
1402662133557563393,negative,0.06693648514329814
1402662136258641923,negative,0.08676692301071082
1402662138104225796,negative,0.016913926875375424
1402662140499136514,negative,0.10341748430430156
1402662195931066378,negative,0.00016236186553588035
1402662196459577345,negative,4.741470845526375e-06
1402662197478707204,negative,0.01112124852268412
1402662197596246020,negative,0.08308470536041589
1402662199793963008,negative,0.1306412671821027
1402662201740177418,negative,1.7973030307805699e-10
1402662202243534848,negative,0.00115088384779834
1402662203250069506,negative,0.001895595373409068
1402662203765972994,negative,0.0024969851727082754
1402662204546109448,negative,0.3086610248283621
1402662204562821120,negative,0.09085838354094262
1402662204567175185,negative,9.290609379547144e-05
1402662204994985994,negative,0.0025031793874665097
1402662210434998278,negative,0.0049573332060130594
1402662213538791427,negative,1.5194062228020443e-09
1402662218253094912,negative,0.0003422522876304134
1402662219058405380,negative,0.006796617225349921
1402662219888926724,negative,0.12295531454079939
1402662221646286853,negative,0.0025031793874665097
1402662225068933122,negative,0.2812124665127172
1402662226029338631,neutral,0.3358218310945649
1402662227090591751,neutral,0.42731488696630027
1402662227442814986,negative,0.0009237536239330291
1402662227707109378,negative,0.0443079894937439
1402662228965441539,negative,6.932390577271214e-06
1402662230383120384,negative,0.02691843278793075
1402662230534074371,negative,0.0010637391065450913
1402662235500171265,negative,0.0024969851727082754
1402662236867420167,negative,0.06098369733192535
1402662237668450306,negative,0.008438896806157609
1402662238176034818,negative,1.4994657204543906e-06
1402662238251630599,negative,0.11119659543863034
1402662240382341120,negative,2.966079725286135e-05
1402662240440946693,negative,0.041473191059868166
1402662241774755841,negative,0.21433552074450707
1402662242949160960,negative,0.09063579499909426
1402662243721007107,negative,0.06098369733192535
1402662246971478019,negative,0.019938200790002837
1402662247432851461,negative,1.059606701365998e-06
1402662249911701507,positive,0.8868134982855803
1402662250029142020,negative,0.0003422522876304134
1402662251950133249,negative,2.1093152949315062e-08
1402662252386344964,negative,1.613632733071787e-07
1402662252503785478,neutral,0.35123939558401696
1402662253980160006,negative,0.0001298705217298816
1402662255641075720,neutral,0.5031461802850085
1402662256572252160,negative,0.06313897870745902
1402662257952280578,negative,0.08819112390971989
1402662261852971012,negative,1.4082321955248716e-05
1402662263107080194,negative,0.003652571184499193
1402662264008855556,negative,0.0010905161617223917
1402662264704995330,positive,0.7092297138808719
1402662267230068741,neutral,0.4147342023902695
1402662268656103432,negative,8.82032041026708e-05
1402662270837170184,negative,1.7155590991088482e-05
1402662273529913348,negative,0.001772171518333342
1402662274033078272,negative,2.162871336207868e-05
1402662275870334978,negative,2.1449042302717276e-06
1402662276168142857,negative,0.010798984217280686
1402662279301246977,negative,1.4150661004535691e-13
1402662281020837894,negative,0.007932746275839607
1402662281398398976,negative,0.0023188427313199454
1402662281742323718,negative,3.755515730823701e-07
1402662283008937984,negative,0.02352852391456527
1402662283352883200,negative,0.19311067094070053
1402662285194272777,negative,0.055143144354749735
1402662285311684608,negative,1.4534817400420608e-05
1402662285961695234,negative,0.003585200996938502
1402662286049918981,negative,0.09063579499909426
1402662287337529346,negative,0.0003422522876304134
1402662287471689731,negative,0.0006481522355555033
1402662287907958790,negative,0.12709216038105
1402662288084148226,negative,0.0024969851727082754
1402662288356696067,positive,0.6722721914996241
1402662288851603462,negative,2.73940116266195e-05
1402662290537598979,negative,0.21616627111920514
1402662290772705281,negative,0.2591387191014554
1402662293154959362,positive,0.9802922036023936
1402662296242081795,negative,0.0004108780365218857
1402662297328365571,neutral,0.367261038995328
1402662297731014660,neutral,0.4147342023902695
1402662298393718790,negative,0.006493290273089638
1402662300495061001,neutral,0.46127768308170247
1402662300645998596,negative,2.111531753748536e-06
1402662302164393984,negative,0.1765349760797645
1402662303422685186,negative,0.02074895161880797
1402662303514910725,negative,0.0004108780365218857
1402662307151466497,negative,0.21433552074450707
1402662310070603778,positive,0.8580282167508158
1402662311593193472,negative,1.715181741330721e-09
1402662317834317832,negative,0.025497731254414277
1402662318060748808,negative,4.537361501619367e-05
1402662321131069447,negative,4.232239995663934e-05
1402662321323917325,neutral,0.3358218310945649
1402662325430140928,negative,0.06098369733192535
1402662326092898308,neutral,0.41889062857537257
1402662328215212035,negative,0.10173998315047082
1402662329314066432,negative,0.000829249803746339
1402662330048126977,negative,0.03415990282173189
1402662331100839936,negative,8.230488050242637e-07
1402662355729846283,negative,0.01112124852268412
1402662356774264833,negative,0.007193774300628451
1402662357051006976,negative,0.15959065827752425
1402662357835255814,negative,0.2603587181939817
1402662358485450753,negative,3.742959681623e-06
1402662358951120896,negative,0.11357477024235652
1402662359848697862,neutral,0.4022762059624621
1402662361341771794,neutral,0.42909323188051196
1402662362335809541,negative,0.04280709061721464
1402662362646253570,negative,0.014055091196469898
1402662362692337667,negative,5.1547418745393374e-08
1402662364059742209,negative,0.31251327812974533
1402662370455953408,negative,0.0008441611292798269
1402662372188295169,negative,0.1889731943884357
1402662373241012233,negative,0.21433552074450707
1402662375073923077,neutral,0.4651496474142663
1402662375564709892,neutral,0.5306398704057798
1402662376806170627,negative,0.0018538497906761572
1402662378702086148,negative,0.014356967336812859
1402662378777583617,negative,2.544412854064499e-05
1402662380207759361,neutral,0.3358218310945649
1402662382153965572,negative,0.008400194593160024
1402662384548810754,negative,0.0049573332060130594
1402662386415423498,negative,0.06085789804853742
1402662386935476228,negative,0.27559690975127804
1402662387711418373,negative,6.550520295473785e-07
1402662394497806337,negative,6.932390577271214e-06
1402662395525337090,negative,3.1069086001183968e-09
1402662396091678721,negative,0.0002310617416154998
1402662397593149445,negative,0.003029218062106838
1402662398348173322,positive,0.7417427703549323
1402662399904190478,negative,0.21433552074450707
1402662400860512260,negative,1.4155767989618051e-08
1402662401150009350,negative,0.06098369733192535
1402662411677671425,negative,0.07723974857920941
1402662412277407753,negative,0.07193968657329299
1402662414160703490,negative,0.1460952420394673
1402662415972569092,negative,0.2788747891739769
1402662416283013125,positive,0.9386245297412297
1402662416354365443,negative,0.07960991979591593
1402662421345542153,negative,2.394964670632144e-05
1402662423627194369,negative,0.21433552074450707
1402662424667373572,positive,0.900489106654135
1402662428345782278,negative,0.0003422522876304134
1402662428735905795,negative,0.10942120963873572
1402662429763555331,negative,0.00033118038043415085
1402662430086402053,negative,0.015293409255561592
1402662430631673857,negative,0.006813960672273908
1402662431848075266,neutral,0.6377796252986178
1402662431952883728,negative,4.192369524151582e-07
1402662433601343493,negative,0.09277024163898029
1402662434524049414,negative,9.259345007878347e-14
1402662435278962689,negative,0.006025080050674894
1402662435845292040,negative,0.013632078237931205
1402662437241958407,negative,0.06198209137584043
1402662440156946433,negative,0.01484172488492658
1402662442547695621,positive,0.9952448639469245
1402662442644262915,negative,0.03374885239237226
1402662444577837061,negative,0.04590302062335658
1402662447237013504,negative,0.0005724511853464631
1402662447903920129,negative,5.0243950431496524e-08
1402662449308917761,negative,0.13065569479911773
1402662451754250246,negative,1.5673487716068165e-05
1402662453511606276,negative,0.2693233510950675
1402662453960392709,positive,0.9344703833855915
1402662454165966852,negative,3.847038445247299e-05
1402662457571688449,negative,0.001149889172983334
1402662457844326402,negative,0.0039564971655205415
1402662458297364489,negative,0.0024969851727082754
1402662459811545097,negative,0.03973312973261511
1402662460583251975,negative,1.9269080612725294e-05
1402662460969132034,negative,0.04880958176931736
1402662466413268992,negative,0.0022664630461410895
1402662467466141697,negative,0.07275263776568391
1402662467730280451,negative,0.049222042412023506
1402662472193134592,neutral,0.4598650020881221
1402662472377581574,negative,0.011705518993497194
1402662475917631496,neutral,0.46127768308170247
1402662477112950786,negative,0.31939872252123247
1402662479298240529,negative,0.056267677391079504
1402662479336022016,negative,0.004487816062367425
1402662479348502530,negative,0.06292205162442527
1402662481672159239,negative,0.029362368031047036
1402662482594910209,negative,0.0001298705217298816
1402662483064729601,negative,0.2431029451502966
1402662483534483459,negative,0.18459858958932926
1402662485640028161,negative,0.0001313439807404215
1402662487225520129,negative,0.23584094362027108
1402662488479612930,negative,0.0003422522876304134
1402662490325012483,neutral,0.43897800242845086
1402662491889573890,negative,0.2692963416579097
1402662493412003844,negative,0.0003422522876304134
1402662493500149766,negative,0.0001394147972738576
1402662500139778054,negative,0.006150044690740794
1402662501616136193,negative,0.028201222367420665
1402662503138709511,negative,0.0005021762919563031
1402662505156124684,negative,3.1975375450460696e-07
1402662505852379141,neutral,0.655450136834394
1402662509832777730,negative,6.514875996162966e-05
1402662510889689090,negative,0.19510946571462687
1402662511724351488,negative,0.00029527677485183967
1402662512789753860,negative,0.025374224952113035
1402662513951522818,negative,0.0003586406667197995
1402662513959968771,negative,0.10929724442446238
1402662514278686722,neutral,0.4850156555875076
1402662514912026624,negative,0.003991451006001597
1402662515084083207,negative,1.7155590991088482e-05
1402662517579685893,negative,0.0039529982928059116
1402662518070390784,negative,3.901229912379137e-06
1402662519374811139,negative,0.1303004119814942
1402662521086091267,negative,0.0012861203037696598
1402662522440802307,negative,0.25147600328125563
1402662522482741251,negative,0.0001795158567741618
1402662522503581700,negative,0.03634572531682861
1402662522763845638,negative,0.18520517507856704
1402662524043079682,negative,0.055143144354749735
1402662527104958467,negative,0.0014651723644432569
1402662531970355205,negative,0.008755033715386076
1402662538882453506,negative,0.1475548162193037
1402662539956215814,negative,0.3260988657141328
1402662541629788160,negative,0.007348297706162109
1402662543869497347,negative,0.18314809619415942
1402662544075018241,positive,0.9999772623389254
1402662545287172104,negative,0.24168212069727724
1402662548151885825,neutral,0.4598650020881221
1402662551176032258,negative,0.0005071065617119121
1402662551771570179,negative,0.003786130267831199
1402662554049171456,negative,0.003991451006001597
1402662554464366598,negative,0.06265860095016826
1402662557048053766,negative,0.06637132457853596
1402662559388422145,negative,0.0008439237074274852
1402662562156666885,negative,0.1844221551389556
1402662562546790408,negative,0.2022116893880138
1402662563318538243,negative,0.0018582142026466444
1402662564241235968,negative,0.07724514202951188
1402662565470146560,negative,8.390195089001182e-09
1402662566376189957,negative,0.09060425196202514
1402662567412121604,negative,3.235361937121832e-05
1402662568938852356,negative,0.046457522448170675
1402662570113314817,negative,1.715181741330721e-09
1402662570864123908,negative,0.08308470536041589
1402662573628067842,negative,0.0006716179033192813
1402662575519719424,neutral,0.3358218310945649
1402662576958447622,negative,2.1009803857411633e-06
1402662577575022594,negative,0.00034840952724165663
1402662577751171078,negative,5.745820939717914e-08
1402662577788833800,negative,0.2411171381745548
1402662579911200771,negative,0.06515741814510642
1402662581714702339,negative,0.002315743153719703
1402662582696218627,neutral,0.3358218310945649
1402662583723872258,negative,5.002522705007135e-06
1402662583908327426,negative,8.202550421971332e-08
1402662585355444224,negative,0.0031214125904038548
1402662590774452232,negative,0.06098369733192535
1402662592104042497,positive,0.7221944434620964
1402662592145989639,negative,0.000848095403862953
1402662592900964357,negative,0.03119106136200889
1402662592905101324,negative,0.17997488519278493
1402662594515816458,negative,0.034012838684445136
1402662596457676809,negative,0.07560203739046589
1402662598097702920,positive,0.8418384151799024
1402662601155399689,neutral,0.6405367958679489
1402662605106331653,positive,0.9214720985427086
1402662606855344134,negative,0.003991451006001597
1402662610273652736,positive,0.7092297138808719
1402662610399645701,negative,1.8274869792876755e-08
1402662612500897794,negative,4.151874298938503e-09
1402662612756742147,negative,4.660391559507741e-09
1402662615382364164,negative,0.13631276423760857
1402662615462129665,negative,0.2812124665127172
1402662617395642369,negative,0.0001189880667467905
1402662617739628547,neutral,0.48728019602140255
1402662632847462413,positive,0.9021835118254664
1402662633115901953,neutral,0.3358218310945649
1402662633665335302,negative,1.929694376622243e-05
1402662634722271232,negative,0.0007248847579079042
1402662637750702082,negative,0.00045351570243642384
1402662645442940928,negative,1.8348674090836946e-05
1402662646680375301,negative,0.3208433480177698
1402662647439495172,neutral,0.46888340151167296
1402662653630291969,negative,0.032882214851891335
1402662653890269195,negative,2.010462149421876e-06
1402662655597420545,negative,4.26137705675569e-05
1402662656004263936,negative,6.5234295630522115e-09
1402662657027682312,negative,0.03852994994341567
1402662660496314373,negative,0.00033566999150743315
1402662663725912070,negative,0.03879710554366324
1402662665319747591,neutral,0.5495922250151081
1402662667274362883,negative,0.12218116507000928
1402662671275728901,negative,0.06085789804853742
1402662671816740867,negative,0.09085838354094262
1402662673582411782,negative,0.2526074510789885
1402662675298099210,negative,0.14567039552045064
1402662678636728322,negative,0.30905956368035736
1402662679920185344,negative,0.03730799836275653
1402662682428428290,negative,0.01114776665676775
1402662683112005637,negative,1.5673487716068165e-05
1402662687687991306,negative,0.04280709061721464
1402662688266858499,negative,0.000833194760585089
1402662691144093703,negative,0.0009466437795502501
1402662691987197953,positive,0.8206718816283124
1402662692796698631,negative,0.06637562328545384
1402662694235381771,negative,0.11357477024235652
1402662695028002818,negative,0.1889731943884357
1402662698194718725,negative,0.00583385291904266
1402662698521968641,negative,0.1561003617877172
1402662699096592385,negative,9.048722109469905e-06
1402662700828790786,negative,4.525461243963463e-05
1402662701772554252,negative,1.715181741330721e-09
1402662707619319820,negative,6.309206089192892e-10
1402662708206526465,neutral,0.3358218310945649
1402662709339041798,negative,0.013568426608100771
1402662712090546176,negative,0.038143984224253524
1402662712631562243,negative,3.6096156665084425e-08
1402662714317627392,negative,0.08919630276671142
1402662715324354563,negative,0.08308470536041589
1402662717408808967,negative,0.00016236186553588035
1402662718130241538,negative,2.657793146604445e-06
1402662719044657156,negative,0.00014980108987003388
1402662719225008130,negative,9.98184893685247e-05
1402662719346651140,negative,0.015040678857463912
1402662722593038336,negative,9.248706033213336e-05
1402662727630438409,negative,3.755515730823701e-07
1402662727861088260,negative,0.0004108780365218857
1402662727902957571,negative,1.2809007602931238e-11
1402662728007815174,negative,0.022341898363164067
1402662732369903617,negative,0.0010637391065450913
1402662736228667393,negative,0.04721946549952826
1402662739814780934,negative,0.00012948049459435976
1402662739978424321,negative,0.019101492028410088
1402662744592166923,negative,0.011236920462860065
1402662747209408520,negative,0.0016243817147557837
1402662747872141317,negative,0.3053664125773578
1402662747918196736,negative,0.02871015452243467
1402662750032207872,negative,5.718858413090645e-07
1402662753005981697,negative,0.10929724442446238
1402662754398388231,negative,0.059717719499111484
1402662757049188354,negative,2.010462149421876e-06
1402662757422469122,negative,0.0008321916784969603
1402662759095947265,negative,2.1449042302717276e-06
1402662761008664580,negative,0.15417973921011094
1402662761725927431,negative,4.955914816715745e-06
1402662763571429378,negative,0.03788546129834295
1402662765693739008,negative,7.14796362102828e-14
1402662767249833984,negative,0.0025848244814347687
1402662770357805068,negative,0.1932132947237516
1402662773084000265,negative,0.061858293740291316
1402662773314686981,negative,2.8379257284361066e-10
1402662773864103940,negative,0.0002909386617963673
1402662776523218945,negative,0.045835993146997905
1402662834648014853,negative,0.07270171693922868
1402662839186251777,negative,0.08245432309369352
1402662839970676752,negative,0.03328038257452989
1402662841308569605,negative,5.054967625804864e-05
1402662843061878784,negative,0.010145625387659157
1402662846417211396,negative,2.3512490901592557e-05
1402662846882881536,negative,0.09422882665310278
1402662847453220867,negative,0.00014645529661032545
1402662848262819845,negative,0.0003422522876304134
1402662848367673344,negative,8.383106318879182e-05
1402662849126748160,negative,0.06297151661571239
1402662849231691780,negative,4.741470845526375e-06
1402662850980630528,negative,1.6495979328802915e-08
1402662852301819909,positive,0.9255481950387161
1402662856907280384,negative,0.04659691276079612
1402662858450739200,negative,0.049331930181335366
1402662858920505348,positive,0.7092297138808719
1402662860254322701,negative,0.0005404106159909243
1402662864276570113,neutral,0.540222577411058
1402662867573354497,negative,2.1465072412264695e-06
1402662867942494210,negative,6.833087642027128e-05
1402662869334962178,neutral,0.49789225920557484
1402662869745950724,negative,1.8637106470321974e-05
1402662870689669121,negative,2.1009803857411633e-06
1402662875534086148,negative,0.0009466437795502501
1402662877161562113,negative,0.003991451006001597
1402662877819985923,negative,0.0018585174898644117
1402662881372557316,negative,0.029041213711504112
1402662884425994246,negative,0.0564138316055202
1402662884950392834,negative,1.551924540035081e-06
1402662888444248065,negative,5.0243950431496524e-08
1402662889056518145,negative,1.0227202330851046e-13
1402662891627683842,negative,0.0024969851727082754
1402662892709810185,negative,0.04878375150168418
1402662894123298819,negative,0.0003422522876304134
1402662895708684289,neutral,0.46603432029532843
1402662896614662145,negative,6.634899702845225e-07
1402662897700978691,neutral,0.3358218310945649
1402662897910751246,negative,1.7155590991088482e-05
1402662898757951492,negative,0.19943273285630103
1402662901371093000,negative,0.12766574320420906
1402662906932703232,negative,0.320989734291795
1402662908677533698,negative,6.7649759684790245e-12
1402662913920352256,negative,0.29858250404719916
1402662914050428932,negative,0.04448257367331478
1402662916235608074,negative,0.0858687699959785
1402662918257262601,negative,0.00032161289699723683
1402662918651514884,negative,0.09085838354094262
1402662918819397638,negative,1.7155590991088482e-05
1402662918907383815,negative,1.2126930499550134e-09
1402662923697283075,negative,0.014356967336812859
1402662928365592584,negative,0.008025792379028892
1402662928847941643,neutral,0.48728019602140255
1402662930257170441,negative,0.00022616029397246805
1402662930500444166,negative,0.0001298705217298816
1402662930991157249,negative,2.5097731044372915e-05
1402662931234426885,negative,6.932390577271214e-06
1402662933251907585,negative,0.00010251270264524828
1402662934518681603,negative,0.010799348372101189
1402662934929678337,negative,3.847217991636555e-10
1402662940357103622,neutral,0.3358218310945649
1402662986293125120,negative,2.5936767282594398e-05
1402662990764298246,neutral,0.539526285423146
1402662991569489929,negative,4.3269783934062944e-14
1402662991603113984,negative,5.05959988029215e-08
1402662991775121414,negative,0.0013657692191382782
1402662992286732293,negative,0.0054678342607856634
1402662992303513601,negative,0.05977686520305812
1402662993402503171,positive,0.909520856961665
1402662993561853958,negative,0.32573782325020034
1402662997512933380,negative,6.496717534943392e-05
1402662998943178762,negative,2.1990537556511856e-09
1402663002453819393,negative,2.1009803857411633e-06
1402663003288387586,negative,6.071557037631959e-11
1402663004123041794,negative,0.0009466437795502501
1402663005389737984,negative,0.062193829001045024
1402663009135304710,negative,0.0003422522876304134
1402663009751814144,negative,0.03455221242913788
1402663011861647360,negative,6.242954825359172e-07
1402663012767571971,negative,0.013664143538346883
1402663014852091911,negative,1.0213292904720652e-05
1402663015091212291,negative,0.07414833241600664
1402663015456116745,negative,0.0032638071619632172
1402663016139796481,negative,0.10942120963873572
1402663018614472705,negative,0.10470891443198739
1402663019277131789,negative,0.00014645529661032545
1402663019579154435,negative,6.798792751664354e-05
1402663020191440903,negative,0.21433552074450707
1402663020413792266,negative,0.004170967806576724
1402663020870897668,negative,0.07007114522107323
1402663021969805312,negative,8.643653286902341e-05
1402663024905891841,negative,0.0005663737278786332
1402663025820065793,neutral,0.47001235788178286
1402663025904033794,negative,0.0014850107426894513
1402663025962733569,positive,0.7789712716690413
1402663026239680512,negative,0.03793122546767139
1402663027288293376,negative,0.09063579499909426
1402663028664029200,negative,0.0018442231166018643
1402663031012827137,negative,0.0019639709696858032
1402663031205732355,negative,0.045251232908696676
1402663031302234116,negative,0.00015733107261694629
1402663032979869710,negative,0.08496365055702683
1402663034649186309,positive,0.7568420664898874
1402663036322729990,negative,0.00015317327843265428
1402663039569219587,negative,0.3057951101229265
1402663042064789507,negative,0.005558645491936674
1402663043134275585,negative,6.932390577271214e-06
1402663045223047170,negative,0.27559690975127804
1402663046267420674,negative,1.5673487716068165e-05
1402663046401642522,negative,2.2565674329674456e-06
1402663053620125701,neutral,0.4274047939449264
1402663056811991047,negative,0.010845549270906214
1402663059139727370,negative,0.041541310691785155
1402663061106970627,negative,0.0016243817147557837
1402663065385160705,negative,0.0003422522876304134
1402663069126250499,negative,0.0008441611292798269
1402663071622049792,negative,0.1765349760797645
1402663072204996610,negative,0.27559690975127804
1402663081768062980,negative,0.0006656329211654766
1402663146523877376,negative,0.0036963589127610784
1402663147517972480,negative,0.00015759612526193524
1402663147597492225,negative,0.14724156289400714
1402663149094965248,negative,1.7155590991088482e-05
1402663149510213634,neutral,0.4166990005601631
1402663150290452480,negative,3.248612741174303e-05
1402663151120883712,neutral,0.5534133316493424
1402663151540359170,negative,2.4478894769296455e-05
1402663153314455558,negative,0.005417494376386411
1402663154346348546,negative,0.0744184792942043
1402663155352936452,negative,0.1295622923919365
1402663155554209796,negative,6.932390577271214e-06
1402663156741251074,negative,0.03430607902218915
1402663158003732480,negative,7.901228358052136e-06
1402663158234464261,negative,0.031076207742745145
1402663160272785408,neutral,0.41889062857537257
1402663162214858754,neutral,0.5088851762340192
1402663162999156739,neutral,0.5088851762340192
1402663164865548293,negative,1.2685647836104375e-05
1402663166736281600,negative,0.25713377043441715
1402663167088541702,neutral,0.3358218310945649
1402663167906529281,positive,0.9149694491880217
1402663169730961408,negative,0.21433552074450707
1402663176341274627,negative,0.03486795776171095
1402663176370634762,negative,0.019177484945158293
1402663180334256133,negative,0.2648468094234096
1402663184226525189,negative,5.1547418745393374e-08
1402663187565137925,negative,0.02813321848917522
1402663190698381315,negative,0.0009617582247993029
1402663191235149831,negative,8.116749280478849e-05
1402663192078307331,negative,0.14497980861033438
1402663198390620163,negative,0.07707403770577731
1402663200374628362,negative,0.2812124665127172
1402663202840879109,neutral,0.4737554465528978
1402663204954722311,negative,0.003029218062106838
1402663207735480322,negative,9.988962484667843e-06
1402663209547481091,negative,0.008025792379028892
1402663209631371266,negative,1.493644556877406e-10
1402663215163707398,negative,4.741470845526375e-06
1402663216073875457,positive,0.7134944440403177
1402663220213600259,negative,0.0006970855646581478
1402663221232902148,negative,0.005004911199993023
1402663221371281412,negative,0.0007631543622752978
1402663221526421506,negative,8.643653286902341e-05
1402663224701489160,positive,0.7134944440403177
1402663224978325513,negative,0.07792038519144458
1402663225611669516,positive,0.7134944440403177
1402663225796272138,positive,0.7134944440403177
1402663226643517440,positive,0.7134944440403177
1402663227121672194,positive,0.7134944440403177
1402663228556128265,neutral,0.3718275699744309
1402663230946807808,negative,9.471442278050369e-08
1402663231118839814,positive,0.7134944440403177
1402663231232036866,negative,0.07201907943751883
1402663232821776388,negative,1.7702713955207055e-05
1402663236651081735,neutral,0.6003162798680879
1402663237649305607,negative,0.00013569177998600296
1402663238354022410,negative,0.010269044209298122
1402663238651817989,negative,0.3140393096589628
1402663239465549825,negative,4.105583086001163e-09
1402663239851327494,negative,0.13639282747024353
1402663240417660932,negative,0.009357144057792446
1402663243634647043,negative,2.4911738727249205e-05
1402663244322553857,negative,0.034828550386048096
1402663246310543369,neutral,0.577913557387514
1402663250966286339,neutral,0.577913557387514
1402663251171852290,positive,0.7134944440403177
1402663251234721794,negative,0.002421252203935015
1402663294058569730,neutral,0.577913557387514
1402663296638013443,negative,0.18582536866146135
1402663297275547650,negative,6.37970224454392e-05
1402663297632063491,negative,0.0032906266065237297
1402663301084073990,negative,0.006396334015157081
1402663305148350465,negative,0.0023683054967850864
1402663306159067143,negative,0.046754285250661866
1402663306817638402,negative,0.0015661972801984656
1402663307811635201,negative,0.018087118226875042
1402663310596661251,negative,0.010550707286842388
1402663311175520257,negative,5.394927615468879e-14
1402663313008365578,negative,0.06085789804853742
1402663313134305287,negative,0.0001975638579193779
1402663313918599171,negative,0.0011791257917170906
1402663314900070405,negative,0.1493153367648322
1402663315831152644,neutral,0.3358218310945649
1402663317152411651,negative,0.12430702563028734
1402663319098564609,negative,0.06085789804853742
1402663321296375814,negative,0.0003422522876304134
1402663328879726598,negative,0.057956442696201725
1402663329022230530,negative,0.03119106136200889
1402663329873661957,negative,0.21433552074450707
1402663330679083020,negative,0.26251324993077857
1402663335162744835,negative,0.1295622923919365
1402663335380783106,negative,0.008491144329752773
1402663335590514690,negative,0.0003422522876304134
1402663336525930496,negative,0.06446761730078081
1402663337008123908,negative,0.19311067094070053
1402663343517732864,negative,0.06743958299281788
1402663343673036807,negative,0.020707632580263154
1402663344398536710,negative,1.7155590991088482e-05
1402663344885141508,negative,3.01956401232038e-11
1402663345908596743,negative,1.715181741330721e-09
1402663350203342851,neutral,0.47825669334571413
1402663350589341697,negative,0.00040342080388228825
1402663351239516164,negative,0.006662979942094851
1402663351931617283,negative,0.0003422522876304134
1402663353730936836,negative,0.10488832541700202
1402663354309562369,negative,2.1449042302717276e-06
1402663355672940552,positive,0.9352213248745316
1402663355677130755,negative,0.001672047966788127
1402663356897677326,negative,0.05977686520305812
1402663358457954307,negative,0.023835319427945447
1402663359527391233,negative,0.001772171518333342
1402663360127139840,negative,9.290609379547144e-05
1402663362375323653,negative,0.0049573332060130594
1402663362727661568,negative,2.7436406745746625e-06
1402663365265313794,negative,0.00023892459259949975
1402663365617594370,negative,0.04659691276079612
1402663366670360583,negative,0.3075505731041273
1402663370252292096,negative,0.18795859623648656
1402663372328476673,negative,0.0003422522876304134
1402663373083398152,neutral,0.49789225920557484
1402663373901340677,negative,0.029704461138546738
1402663374845001729,neutral,0.4011799299840899
1402663375696547841,negative,0.014348451473292062
1402663377667870721,negative,9.04707613983394e-05
1402663377785311232,negative,0.05385480576108469
1402663378334720000,negative,0.04307963767596571
1402663383757950981,negative,3.9590439670168856e-05
1402663384059985932,negative,0.008025792379028892
1402663384890421256,negative,0.061815560483129535
1402663385221718024,negative,2.589345125720863e-10
1402663393773948930,negative,0.0007043340755290863
1402663394084335619,negative,0.005609303588718711
1402663394981953537,negative,0.0024350585082734077
1402663395652952076,negative,0.006915918301770618
1402663397959901195,negative,0.1295622923919365
1402663399465566210,negative,0.0024969851727082754
1402663402426748932,negative,0.0006656329211654766
1402663405127880705,negative,0.19311067094070053
1402663406293991433,negative,0.14265291154886595
1402663409246687238,neutral,0.3358218310945649
1402663410316333060,negative,0.10959729776397353
1402664902955831296,negative,0.2437601038784652
1402664904188891141,negative,9.739302875672189e-14
1402664904901992461,positive,0.7092297138808719
1402664905929539592,negative,0.0006091539635278707
1402664907296882692,negative,0.24168212069727724
1402664909385707520,negative,1.1839450720144021e-05
1402664910203535365,neutral,0.40909563371415475
1402664910312648712,negative,0.0024969851727082754
1402664910530748423,negative,0.0037008329328111697
1402664914527866881,negative,0.09216674254684976
1402664914540548099,negative,0.19836287565354593
1402664915467386881,neutral,0.40909563371415475
1402664915916185603,negative,0.008025792379028892
1402664915958222859,negative,0.05933202814165601
1402664918986461185,negative,0.0001298705217298816
1402664919640723456,negative,0.18459858958932926
1402664920538353668,negative,0.11794983638474398
1402664920777433088,negative,0.19117120614249172
1402664921297469447,negative,0.18796574318776013
1402664921771515906,negative,0.005293714949664123
1402664926397800452,neutral,0.40909563371415475
1402664928113311748,negative,0.06085789804853742
1402664928532525056,negative,0.1595273616256475
1402664930432651266,negative,0.1354638557186487
1402664932223688706,negative,0.001110058851413393
1402664933565870089,negative,5.4441557032007505e-06
1402664934677397511,negative,1.0683035935438244e-08
1402664935084208136,negative,0.11794983638474398
1402664938817077252,negative,0.1295622923919365
1402664939991580673,negative,0.04228224902021591
1402664942222852097,negative,0.011608795687469134
1402664945125412872,neutral,0.40909563371415475
1402664945884479490,negative,0.06265860095016826
1402664946169790464,negative,0.00014108715441678331
1402664947025317888,negative,7.901228358052136e-06
1402664947759321088,negative,0.0045611869283322375
1402664949642584066,negative,0.00015531722841562255
1402664953983688712,negative,0.00493459445752079
1402664955091034116,negative,0.0011825824371613468
1402664956563275776,negative,0.0006443799368270282
1402664956722622485,negative,0.11794983638474398
1402664956764561412,negative,0.0039529982928059116
1402664957527871490,negative,0.00493459445752079
1402664958094159872,negative,1.22676147188259e-05
1402664960669491217,negative,0.0003064969386971067
1402664960845619205,neutral,0.40909563371415475
1402664961025916940,negative,0.00045351570243642384
1402664962837946372,negative,0.0003742155084287769
1402664963232174092,negative,0.004237553823276154
1402664964792500230,negative,0.0003422522876304134
1402664968554696709,negative,5.0243950431496524e-08
1402664971834646530,negative,1.7817918094801883e-13
1402664972585426945,negative,2.551916037002202e-10
1402664972920963074,negative,0.0031724366259021767
1402664974326116353,negative,0.00014980108987003388
1402664975148126209,negative,1.7984251141311512e-07
1402664975525683200,negative,0.0025031793874665097
1402664976616149005,positive,0.9547880616863362
1402664979644436487,positive,0.9653142919435937
1402664979896094726,negative,0.006825529182185404
1402664981624201216,negative,6.932390577271214e-06
1402664984446963714,negative,6.932390577271214e-06
1402664984916676613,negative,0.011488307187773262
1402664985415794691,negative,0.013306065186456507
1402664986334408708,negative,0.0004108780365218857
1402664989509492740,neutral,0.407418185527783
1402664991199748103,negative,0.21433552074450707
1402664992051273731,negative,0.21433552074450707
1402664994047672328,negative,0.01654801954629552
1402664994328788995,negative,6.825583831889217e-05
1402664994353864705,negative,0.16427222066560537
1402664995314450438,neutral,0.46127768308170247
1402664995444379652,negative,0.18714519194611898
1402664998359515139,negative,2.701723349311631e-07
1402664998657302529,neutral,0.5495922250151081
1402665003187118081,negative,0.29841165505812506
1402665003702960132,negative,0.000594306868345464
1402665004558553091,negative,0.009950182323455058
1402665004764217344,negative,0.29600894280344103
1402665006374834176,negative,0.001110058851413393
1402665006584446980,negative,0.10470891443198739
1402665006827778058,negative,0.11927035403942943
1402665007133962241,negative,0.011780639408640317
1402665008790708229,negative,0.278561879274107
1402665009293971463,negative,1.26803319733784e-05
1402665009616936960,negative,0.000875766500992276
1402665010011246592,neutral,0.48728019602140255
1402665010585866240,negative,4.151874298938503e-09
1402665013865717763,negative,1.3395826050651053e-05
1402665015229005827,negative,4.741470845526375e-06
1402665015237304325,negative,0.10510792215598203
1402665015736418308,negative,4.741470845526375e-06
1402665019838500867,negative,0.06098369733192535
1402665020631269382,negative,0.09845597525315798
1402665020903788554,negative,1.7155590991088482e-05
1402665022225006594,negative,0.2411171381745548
1402665022338355205,positive,0.6731924274151495
1402665023877517314,negative,0.00022126098037240273
1402665024762560516,negative,4.741470845526375e-06
1402665024812879874,neutral,0.5786524337181943
1402665028231258123,negative,0.009675777443987432
1402665029036560391,positive,0.9233088092352407
1402665029883793409,negative,1.132341836351941e-07
1402665031842643972,neutral,0.47837770934716217
1402665032681414661,negative,0.2388045655031998
1402665033339969536,neutral,0.40909563371415475
1402665033444773895,neutral,0.40909563371415475
1402665033470033920,negative,6.833087642027128e-05
1402665037852909568,negative,0.06085789804853742
1402665039962726403,negative,0.049222042412023506
1402665040143175682,neutral,0.40909563371415475
1402665041590161408,negative,1.715181741330721e-09
1402665041715945476,negative,0.015668460502288935
1402665042986811396,neutral,0.3964546191502027
1402665046476562433,negative,0.10470891443198739
1402665047394906116,negative,2.3523126167703404e-06
1402665047445417984,negative,0.0024350585082734077
1402665048217169922,neutral,0.5131625441424894
1402665049030807552,negative,0.007932746275839607
1402665050154979335,negative,0.047917380270306335
1402665050851229697,negative,0.03733235336625141
1402665054273773577,negative,7.091115274462314e-07
1402665055167070212,negative,9.777439903855921e-07
1402665055838146561,negative,0.038838259569214405
1402665056089907203,negative,2.8035165021719745e-12
1402665056517640201,negative,0.07792038519144458
1402665058962972672,negative,0.0024969851727082754
1402665061676728326,negative,0.09657807097554322
1402665062305865729,negative,0.05446640066165261
1402665062444187655,negative,0.19725808982000892
1402665064621088772,neutral,0.40909563371415475
1402665065577422852,negative,3.775785729207371e-09
1402665065891913728,negative,0.014723776646620668
1402665066206531587,positive,0.7092297138808719
1402665066869178379,neutral,0.5495922250151081
1402665068525928448,negative,2.4687086448349066e-06
1402665068941168641,negative,0.16164710636748225
1402665069142593539,negative,0.0003274829968212839
1402665069218078720,negative,7.091115274462314e-07
1402665070916689927,neutral,0.5301025468569445
1402665072414052361,negative,0.0057451092237262484
1402665074704138241,negative,0.00045351570243642384
1402665075480137733,negative,1.8108255623374292e-06
1402665075715026951,negative,0.0564138316055202
1402665077447315460,negative,0.0027866758269523015
1402665078286127112,negative,2.596150092859452e-05
1402665078411960322,negative,0.0004402032008544742
1402665083508072456,negative,0.31251327812974533
1402665084242087937,negative,0.05933202814165601
1402665086037155851,negative,1.7155590991088482e-05
1402665087110942722,negative,0.028201222367420665
1402665090994876420,neutral,0.44782734011397646
1402665091712139271,negative,0.27559690975127804
1402665092009840648,neutral,0.5495922250151081
1402665093712723971,negative,1.7155590991088482e-05
1402665093817638912,negative,8.442005668237725e-05
1402665095738580995,negative,0.00014645529661032545
1402665096116162561,negative,0.12686887163496668
1402665098808729601,negative,0.0002909386617963673
1402665099349868546,negative,0.2411625866384691
1402665100356562954,negative,1.1606051153930113e-05
1402665100738170885,negative,0.039581344148860526
1402665101451223046,neutral,0.40909563371415475
1402665102474727437,negative,0.00046249481064679544
1402665102810259457,negative,7.901228358052136e-06
1402665103670009859,negative,0.005293714949664123
1402665103783170051,negative,2.3523126167703404e-06
1402665105154838529,negative,0.003991451006001597
1402665105935028235,negative,0.007627477232470588
1402665108019482631,negative,2.5295839233718334e-09
1402665113245700097,negative,0.08154071556995883
1402665113711218691,neutral,0.40909563371415475
1402665114394927107,negative,0.08154071556995883
1402665115632144385,negative,3.2680384900161423e-06
1402665118874361857,neutral,0.40909563371415475
1402665121130979338,negative,0.1063562886503035
1402665121630015492,negative,0.0003422522876304134
1402665122192035840,negative,0.3118912076871045
1402665122288570372,negative,1.6856506618013288e-16
1402665122619924482,neutral,0.39872048050538694
1402665124121518083,negative,0.09277024163898029
1402665124708683776,negative,6.228537389749375e-07
1402665124993941513,negative,0.2868124837900574
1402665127313354756,neutral,0.40909563371415475
1402665127632068608,negative,0.0701540151116695
1402665128395423746,negative,9.367053307839043e-06
1402665133424402439,neutral,0.33968790282220235
1402665135349567488,negative,1.4600806384150161e-06
1402665139904692225,negative,0.19311067094070053
1402665140831408131,negative,0.13765717657734497
1402665141108346882,negative,0.00020612426079506165
1402665143851433985,negative,0.055143144354749735
1402665146468667392,neutral,0.40909563371415475
1402665148284866567,negative,0.0026732958404922995
1402665148574220289,negative,0.05090432911346711
1402665149073444875,neutral,0.40909563371415475
1402665151707242498,negative,0.0008422658677856684
1402665153355829250,negative,2.0781034797734407e-06
1402665153758380036,negative,6.932390577271214e-06
1402665155834568712,negative,5.745820939717914e-08
1402665156027600899,negative,0.25713377043441715
1402665157034139649,negative,0.003029218062106838
1402665157889826823,neutral,0.46764355068197516
1402665158510628866,neutral,0.539526285423146
1402665159110365185,positive,0.7617173175139452
1402665159181561863,negative,0.13765717657734497
1402665159483662346,neutral,0.5495922250151081
1402665161501167622,negative,5.737998669335506e-05
1402665168836907011,neutral,0.40909563371415475
1402665170732789766,negative,0.000339169668998324
1402665198142504967,neutral,0.40909563371415475
1402665200642412545,negative,0.045835993146997905
1402665202257121284,negative,7.278673004814749e-06
1402665202349490181,neutral,0.40909563371415475
1402665203175616517,negative,0.021928774509640696
1402665204215947264,positive,0.8935675347257187
1402665204505325575,neutral,0.655450136834394
1402665205033848838,neutral,0.40909563371415475
1402665205348409345,neutral,0.40909563371415475
1402665206312996868,negative,0.1409403274176519
1402665206732529666,negative,0.1295622923919365
1402665207512633348,negative,0.0018739837792080655
1402665207550332937,neutral,0.38873372480120943
1402665207881678857,negative,0.09063704386389783
1402665208422744077,negative,0.061815560483129535
1402665209420988416,positive,0.9780021762246549
1402665209857298438,negative,0.0036963589127610784
1402665210004058125,negative,1.26803319733784e-05
1402665214554877961,negative,0.28409687419422247
1402665215943118856,positive,0.9233088092352407
1402665217885147140,negative,0.1930070151480347
1402665218132615176,negative,0.015541031158236593
1402665219705425920,negative,0.003542484544110598
1402665221114765314,negative,2.0426361840250606e-07
1402665221345398786,negative,1.123432226121537e-07
1402665223719378954,neutral,0.42902304041204736
1402665223820124161,negative,0.04228224902021591
1402665229176262657,positive,0.8125129052313472
1402665231290089479,negative,0.1824292409437348
1402665231877382147,neutral,0.4274047939449264
1402665232246390787,positive,0.701928064041631
1402665232644857857,neutral,0.49789225920557484
1402665235564187648,negative,0.02059493925651175
1402665238030393348,negative,0.18459858958932926
1402665238911242243,positive,0.8122869640975685
1402665240198791174,negative,0.18796574318776013
1402665240442163201,negative,8.239531817695139e-05
1402665241071263744,negative,0.1124443082048953
1402665241951997954,negative,2.1449042302717276e-06
1402665242207924226,neutral,0.40909563371415475
1402665244133036035,negative,0.0271610456252808
1402665244271517699,negative,0.0024969851727082754
1402665244758102019,negative,9.162842832791832e-05
1402665247840870407,negative,5.3520992128190784e-08
1402665248461578247,negative,0.03256284960066668
1402665248616816645,negative,3.918665314892672e-08
1402665249413779459,negative,2.8026088939648265e-08
1402665251422752774,negative,0.18796574318776013
1402665255025655809,negative,0.003991451006001597
1402665255621251072,negative,4.086773719782254e-05
1402665257366065153,neutral,0.4985928500860049
1402665257441562630,negative,0.11794983638474398
1402665258087501834,negative,1.4026410343560064e-05
1402665261438754820,negative,2.0532337472657904e-05
1402665261875056646,negative,0.001110058851413393
1402665262277697538,negative,0.0014834730485968125
1402665264580370432,negative,0.06085789804853742
1402665266216120322,negative,0.059699884311900056
1402665268992688133,negative,0.13535116043171014
1402665273916854277,negative,0.004556918174756216
1402665274604539906,positive,0.9984065801143032
1402665276316000260,negative,0.0024969851727082754
1402665276613836804,negative,6.963793724337694e-13
1402665277125451782,negative,0.10470891443198739
1402665277830144001,neutral,0.4507454498615163
1402665281009459206,negative,7.091115274462314e-07
1402665282334826497,negative,0.0023607884620746645
1402665284775944193,negative,0.1295622923919365
1402665285237288961,negative,2.0781034797734407e-06
1402665285572780041,negative,0.2040511445371348
1402665287007277057,negative,0.08569608730129531
1402665288731185155,negative,0.010967220457845856
1402665290903830534,negative,0.06826407186997632
1402665291247669253,negative,0.000755220436195134
1402665292656959513,negative,0.25662546476788567
1402665295005851655,negative,0.0008262189443620746
1402665295102287874,negative,0.12396052383444016
1402665295362334728,negative,0.00493459445752079
1402665295823712257,negative,0.1185098622764899
1402665295941095428,neutral,0.40909563371415475
1402665296247377927,negative,0.0009106858904932405
1402665297161621511,negative,0.00045351570243642384
1402665297501360133,negative,0.00019873294818344137
1402665302484213762,negative,0.012261041919949218
1402665303260151811,negative,0.208507619095827
1402665304325558277,negative,0.1149903197446213
1402665305768407045,negative,0.007097788115651542
1402665312038838272,negative,0.13002572559059253
1402665314056294400,neutral,0.5877417856945794
1402665315541131281,negative,0.20119539412131177
1402665315775954946,negative,0.0012415368736155995
1402665320310005760,negative,0.2928835938345533
1402665320574300163,negative,0.0057451092237262484
1402665323120242693,negative,3.715839584601197e-06
1402665327536844803,negative,4.2612436486746154e-07
1402665328484757515,negative,0.0018585174898644117
1402665329055223809,negative,0.3260988657141328
1402665329915052032,negative,0.13363301319885934
1402665378279534601,negative,0.0006483406437317
1402665378552107010,negative,0.10470891443198739
1402665380305321990,negative,0.00038600652769092193
1402665384591908866,negative,0.00015566419284067498
1402665386462650372,negative,5.745820939717914e-08
1402665386995339267,negative,0.1127306125653299
1402665387246952454,negative,1.3047186356785176e-05
1402665389474074627,negative,0.09085838354094262
1402665390052937731,negative,0.006037570441902918
1402665390514245634,neutral,0.6202962595472885
1402665393429352449,negative,0.003045377097346873
1402665395602010118,positive,0.7092297138808719
1402665398215057416,negative,0.06904187015378999
1402665399221686278,negative,0.02486850368966115
1402665399347462144,negative,0.03917727882678926
1402665400521924617,negative,0.0004108780365218857
1402665405789970434,negative,0.030899488940636315
1402665408658870274,negative,0.011608795687469134
1402665409225138180,neutral,0.49789225920557484
1402665411188035584,negative,0.0003735083412670928
1402665412354101248,negative,0.0024969851727082754
1402665413373272065,negative,0.010798984217280686
1402665420046413825,negative,0.030740040238969223
1402665420985966600,negative,0.0004402032008544742
1402665423431155713,negative,3.299026767603758e-05
1402665423942918153,negative,0.09063579499909426
1402665425666781190,negative,0.06531866066773563
1402665426568552456,negative,1.5673487716068165e-05
1402665426937651205,negative,0.10470891443198739
1402665427512303620,negative,0.0004961086828487803
1402665429491986444,negative,0.17578297631361522
1402665430859141120,negative,0.0142212355087275
1402665432096649218,negative,0.1889731943884357
1402665435678584838,negative,0.010921823081660608
1402665436618047496,negative,0.011608795687469134
1402665436928425984,negative,0.03658077364517529
1402665438014853120,negative,3.847217991636555e-10
1402665438295871493,negative,0.04228224902021591
1402665440023810052,negative,1.715181741330721e-09
1402665440699158536,positive,0.847089807937189
1402665440728469514,negative,0.0002520170332861014
1402665443807141895,neutral,0.6468253717824782
1402665444947996675,negative,0.08154071556995883
1402665446449483778,negative,4.061132313594386e-05
1402665447359664146,negative,2.4924307512887134e-05
1402665447443533824,negative,0.09487513410951279
1402665448383168523,negative,0.002122160461479138
1402665448794173447,negative,2.4938056383676336e-10
1402665448794210305,negative,0.0004108780365218857
1402665449360404493,negative,0.29150202311164825
1402665451679797248,negative,0.19964710808241506
1402665451705057282,negative,8.985633251086517e-05
1402665454301335559,neutral,0.40909563371415475
1402665454452236289,neutral,0.40909563371415475
1402665457128251393,negative,0.0003422522876304134
1402665458319437827,negative,0.2928835938345533
1402665460932481025,negative,2.010462149421876e-06
1402665461548990466,negative,6.0246006261078535e-05
1402665465147764740,negative,0.0009466437795502501
1402665465722322952,positive,0.9255481950387161
1402665466817024000,negative,0.21433552074450707
1402665469048360968,negative,0.0024969851727082754
1402665470013149193,negative,0.01988330982755987
1402665473750220807,negative,0.11794983638474398
1402665475113373703,negative,0.0003422522876304134
1402665475394375683,positive,0.9233088092352407
1402665476317138945,negative,6.241434581423616e-08
1402665477646733314,positive,0.9861518427785475
1402665478330454017,neutral,0.47076147797679607
1402665479148343303,negative,0.0004108780365218857
1402665479718723590,negative,0.0074119817346110905
1402665479861383170,negative,2.7100350525472523e-06
1402665480771473411,negative,0.0006656329211654766
1402665480847085570,negative,0.18796574318776013
1402665481044103177,negative,0.014159352534423951
1402665482600263682,neutral,0.40909563371415475
1402665482747056133,negative,0.05326708499186589
1402665484021948416,negative,0.002869050676931893
1402665485167124490,negative,0.0014065153698387962
1402665487247499270,neutral,0.49026635668587865
1402665488220626953,negative,0.046754285250661866
1402665488669368327,negative,0.18497965025540625
1402665489323675653,negative,4.741470845526375e-06
1402665490447802370,negative,0.0027866758269523015
1402665492171706373,negative,0.0001149527192106958
1402665492607819784,negative,0.21433552074450707
1402665493534756864,negative,6.932390577271214e-06
1402665494310707204,positive,0.6731924274151495
1402665495246037003,negative,0.14133813235807374
1402665495376039947,negative,0.00141286778089756
1402665495443251201,negative,0.001772171518333342
1402665495720046601,negative,1.7155590991088482e-05
1402665500077875204,neutral,0.408942169628454
1402665500992278530,negative,0.08481033473834561
1402665501684293633,negative,3.255475754571311e-05
1402665501948514308,negative,0.18796574318776013
1402665504683212800,negative,0.07792038519144458
1402665507191406593,negative,2.0338158575022055e-05
1402665511960338439,positive,0.919695711490882
1402665545351282693,negative,0.08154071556995883
1402665549763649540,negative,0.1295622923919365
1402665551428829184,negative,0.32709770686772627
1402665551713931272,negative,0.0020461811494443026
1402665553660108803,negative,0.001110058851413393
1402665555698585603,neutral,0.40909563371415475
1402665555845214211,neutral,0.5710490319933879
1402665556550037504,negative,9.494896945373009e-07
1402665558059929601,negative,0.11794983638474398
1402665558974271491,negative,2.1083870245132528e-06
1402665559972585476,negative,0.014356967336812859
1402665560488427520,negative,0.10967085582297503
1402665560505294848,negative,0.0001878785353618882
1402665561885192192,negative,0.04143330774828133
1402665562019352580,negative,9.240165130617453e-05
1402665562443075587,neutral,0.40909563371415475
1402665562933768203,negative,0.0004108780365218857
1402665566637285378,negative,0.0009466437795502501
1402665567891320833,negative,0.019736727592942475
1402665569544032263,negative,0.014356967336812859
1402665573755015173,positive,0.9233088092352407
1402665577165070340,negative,0.11794983638474398
1402665577169231878,neutral,0.3709994215057296
1402665581967458304,negative,0.023361264013315727
1402665583674544132,negative,0.005888875035123663
1402665586514071552,negative,0.19311067094070053
1402665588665819142,neutral,0.34743966135900234
1402665590800715783,negative,4.105583086001163e-09
1402665591685713922,negative,0.015704603230626862
1402665592386211840,negative,0.0003422522876304134
1402665593556307973,negative,0.21433552074450707
1402665596962152449,negative,0.0003372820900551305
1402665597272576002,neutral,0.46127768308170247
1402665599608754184,negative,0.00044851136330409933
1402665600434851840,positive,0.8410723772716554
1402665601571737600,negative,0.0009466437795502501
1402665604813922310,negative,9.958382328066554e-05
1402665605006823429,negative,0.26251324993077857
1402665606684479489,neutral,0.4507454498615163
1402665609561788419,negative,0.0059785664499080625
1402665609800814599,neutral,0.5495922250151081
1402665611864412162,neutral,0.5130605840822943
1402665612422303749,negative,3.095080095126957e-05
1402665614439849990,negative,0.06098369733192535
1402665615438008324,negative,1.914001765721361e-06
1402665616155230211,neutral,0.40909563371415475
1402665617791107078,neutral,0.40909563371415475
1402665619208605698,negative,1.6043214269008217e-12
1402665623637925893,negative,2.040057971054452e-12
1402665626523602944,negative,0.0006656329211654766
1402665626821333003,negative,0.06784010563609652
1402665631049302027,negative,1.4155767989618051e-08
1402665632357928966,neutral,0.5281789346055156
1402665633419046913,negative,3.746915979473664e-10
1402665634174013440,positive,0.9743430795110283
1402665634752864257,negative,0.31732489718339985
1402665638997512196,negative,0.12064370950809919
1402665644471029764,neutral,0.40909563371415475
1402665649185382405,negative,2.2657569973715246e-05
1402665649713864709,neutral,0.5495922250151081
1402665650552807430,negative,0.019240501714653167
1402665650724610050,negative,0.0014834730485968125
1402665653065109513,negative,0.010370664647537808
1402665653216161802,negative,0.08154071556995883
1402665656223371265,negative,0.0004108780365218857
1402665656923955208,negative,3.3651786302277127e-06
1402665657930506242,neutral,0.40909563371415475
1402665659734056968,negative,0.02540365867735426
1402665663651627010,neutral,0.40909563371415475
1402665663689277445,negative,0.014666983262737398
1402665665979420679,neutral,0.5495922250151081
1402665666554085381,negative,0.0003010661402705708
1402665667497807874,negative,0.091980686223094
1402665667862597643,negative,0.3131022423291098
1402665668584017929,negative,0.025672622557227482
1402665669175414791,negative,0.10057456498084728
1402665670404313091,negative,6.008990014862647e-06
1402665670945411072,negative,4.151874298938503e-09
1402665671339786252,negative,0.002401771585169262
1402665672338034695,negative,0.31251327812974533
1402665674514837506,neutral,0.48272476118736957
1402665676586770432,negative,0.00012948049459435976
1402665677610270732,negative,0.002676870142032123
1402665683306094595,negative,4.167209668219137e-05
1402665687009595399,neutral,0.42731488696630027
1402665695280865282,negative,6.932390577271214e-06
1402665700251123714,negative,8.859798992085211e-05
1402665702323113985,neutral,0.49789225920557484
1402665703233228806,negative,8.075538047837721e-07
1402665705452060678,negative,3.436127473844043e-05
1402665706097893376,negative,4.105583086001163e-09
1402665707373051913,positive,0.9233088092352407
1402665709155631107,negative,0.00013613330085707534
1402665709625384962,negative,0.2786191221238764
1402665709763796995,neutral,0.367261038995328
1402665711248588802,negative,0.06446761730078081
1402665711604994053,negative,9.339428343350588e-05
1402665712422957057,negative,0.023373202888897014
1402665713018544135,negative,0.09912229167979483
1402665714046152707,negative,0.038264243012283504
1402665715241472007,negative,0.0013558805608454552
1402665716873150464,negative,2.0836653798305424e-06
1402665718705950721,negative,0.13363301319885934
1402665718869549058,negative,8.5381485812597e-05
1402665719268102150,negative,0.06699032293450054
1402665722862469126,negative,0.0003422522876304134
1402665725299466247,negative,0.00014980108987003388
1402665729653149696,positive,0.9255481950387161
1402665730856861696,negative,0.12485861035016242
1402665731431534597,neutral,0.5495922250151081
1402665731511226372,negative,0.11794983638474398
1402665733050544135,negative,0.0050960836889378264
1402665733348331520,negative,0.0724700306923943
1402665733545410564,negative,0.010312200132891608
1402665735734837257,negative,0.3251904220160809
1402665735831408642,negative,0.045835993146997905
1402665736565411851,negative,0.06098369733192535
1402665736582094849,negative,0.10470891443198739
1402665737832091650,neutral,0.49026635668587865
1402665740650569729,negative,0.001895595373409068
1402665741112033285,negative,4.5710040555525703e-10
1402665741413986307,neutral,0.40909563371415475
1402665741577555973,negative,0.0001763359305351701
1402665744647835660,negative,0.007920795684601198
1402665744719040512,positive,0.6947606128920166
1402665745335652354,negative,2.0423559996995905e-05
1402665746434609159,negative,3.847217991636555e-10
1402665748410114056,negative,0.1161652273792353
1402665748745625600,negative,0.0024135655383639245
1402665749114728449,negative,5.745820939717914e-08
1402665749785755648,negative,0.05911510954937884
1402665751895592961,negative,0.05933202814165601
1402665752369434631,neutral,0.40909563371415475
1402665753942401025,negative,0.0012186182356380053
1402665754550546433,negative,1.715181741330721e-09
1402665754663718914,negative,1.715181741330721e-09
1402665760363851780,negative,4.741470845526375e-06
1402665761748013065,negative,0.2692963416579097
1402665762385534979,negative,0.10942120963873572
1402665763639529477,negative,0.3223460296941428
1402665764402909189,negative,1.5382873884818435e-07
1402665764503449600,negative,1.7155590991088482e-05
1402665764679827472,negative,0.303798258584967
1402665766718222342,negative,0.0030297368454360336
1402665767062196231,positive,0.7355373517248183
1402665767158624263,negative,0.0049573332060130594
1402665767213076480,negative,0.00012981047782477576
1402665767833944071,neutral,0.40909563371415475
1402665769364766721,negative,0.00012948049459435976
1402665769687830540,negative,0.09277024163898029
1402665771323494412,negative,0.0006483406437317
1402665771449344005,negative,0.001110058851413393
1402665772749557760,negative,0.019185555219973296
1402665774662172680,negative,0.0681826618394985
1402665775962509321,negative,0.2645435653502413
1402665777367552004,negative,0.00050254937867572
1402665777992437767,neutral,0.5596346003386983
1402665778160226314,negative,0.05977553976599897
1402665779212996611,negative,0.0090345373054557
1402665780198662148,negative,0.09817661975693076
1402665781217927174,negative,0.28579183617808407
1402665781335371782,negative,0.0004108780365218857
1402665782107049985,positive,0.9233088092352407
1402665783076044800,negative,0.07707403770577731
1402665783092727813,negative,0.004792747635470888
1402665784036532229,negative,0.25713377043441715
1402665784686661632,negative,0.22595286975646295
1402665784720216064,negative,0.09994245550816636
1402665787731681288,negative,0.01514625061499168
1402665788578926602,negative,0.0006161387205419919
1402665790055325702,negative,0.09994245550816636
1402665791057715205,negative,0.017219305687240994
1402665791833714693,negative,1.1507365995856119e-08
1402665792802590730,negative,0.10470891443198739
1402665794069139459,negative,0.10015736625661391
1402665794652233728,negative,1.4351942870006677e-07
1402665794903973896,negative,8.721026300294003e-07
1402665798167150592,negative,8.5381485812597e-05
1402665798875889673,negative,0.04313942356031367
1402665799064690701,negative,0.00234657780725221
1402665800499146763,negative,0.2754104732179606
1402665801593798659,negative,1.3541033904680421e-07
1402665801962954761,positive,0.701928064041631
1402665803938287622,negative,0.008003243346936622
1402665803959394308,negative,0.033036854347868065
1402665805540642831,negative,3.1358043429024018e-06
1402665806866038791,negative,1.3286107859584819e-08
1402665807507824642,negative,0.0026317297848961205
1402665810389254147,negative,0.0012702070425751873
1402665810418614279,negative,3.7420221410580846e-05
1402665810699620363,negative,1.715181741330721e-09
1402665811291127810,negative,0.005037746464195894
1402665816995340293,negative,0.00758262296412852
1402665817523769345,negative,0.27058958996468674
1402665818232610819,negative,0.01286866070665285
1402665818958274563,negative,0.001110058851413393
1402665819478368257,negative,0.10470891443198739
1402665820166234115,negative,0.06085789804853742
1402665820799619075,negative,0.034235242899450125
1402665821009190913,negative,4.26137705675569e-05
1402665821516746755,negative,0.002515754191552218
1402665825056825355,negative,0.0006833573165622841
1402665825480450050,negative,0.00036888402897294735
1402665828026404867,negative,0.0017293383379626643
1402665828064141314,positive,0.9233088092352407
1402665829519577094,negative,0.00026800089626348737
1402665830987583490,negative,0.006796617225349921
1402665831377641482,negative,0.00042378709853719654
1402665832220696577,negative,0.011488307187773262
1402665832614928386,negative,0.0006455243834538912
1402665835332780035,negative,0.0024969851727082754
1402665835362230281,negative,0.0060714113539824584
1402665835836084228,negative,9.290609379547144e-05
1402665838440816649,negative,1.0361025115013958e-05
1402665841552936962,negative,0.0025031793874665097
1402665841838235651,neutral,0.49789225920557484
1402665842479874049,neutral,0.40909563371415475
1402665843415261184,negative,0.29172049453355864
1402665843595612163,negative,0.0014834730485968125
1402665844468027397,negative,0.06781877731538521
1402665847223631875,neutral,0.49789225920557484
1402665847269769217,negative,0.00014645529661032545
1402665847873806339,negative,0.11794983638474398
1402665848075075591,negative,0.0340987961909535
1402665848100339713,negative,0.007620194643858884
1402665848419098631,negative,0.05943966641018647
1402665850759434243,negative,0.001110058851413393
1402665852256849920,positive,0.9233088092352407
1402665853091553285,negative,0.00246656355091889
1402665854987296769,positive,0.7092297138808719
1402665855603908608,negative,0.020091775464415994
1402665856556060684,negative,0.020091775464415994
1402665857432621066,negative,0.0062807568314294645
1402665859831812103,neutral,0.3334813713994933
1402665860431503361,negative,0.2896945598360641
1402665860712513536,negative,9.98184893685247e-05
1402665863132717057,neutral,0.40909563371415475
1402665864500023298,negative,3.0169125451197526e-06
1402665865431207950,negative,0.22629170584102215
1402665871059963907,negative,0.15307248690228364
1402665875661074434,negative,0.30441891958546496
1402665876290162692,negative,0.11794983638474398
1402665876336177153,negative,0.042107983772450105
1402665878064353286,negative,0.041252324157478384
1402665878223822852,negative,0.31251327812974533
1402665881294024706,negative,0.0744184792942043
1402665881445048320,negative,0.0004439669371854744
1402665882627805185,negative,0.0004108780365218857
1402665883059855363,negative,0.027496048898049914
1402665888613085188,negative,0.033036854347868065
1402665891427459076,negative,3.800493168140498e-05
1402665892224409602,negative,0.0004078463610429743
1402665892333469704,negative,0.0009466437795502501
1402665892526399489,negative,0.007674376039192387
1402665894904467461,negative,1.0746249135054813e-09
1402665896141803522,negative,0.21433552074450707
1402665896292847618,neutral,0.40909563371415475
1402665897324593153,negative,0.3057951101229265
1402665898419359749,negative,0.010269044209298122
1402665898989830150,neutral,0.46127768308170247
1402665900420087808,negative,0.2714862079723837
1402665900935888902,positive,0.9802998581834922
1402665901544116225,negative,0.0006483406437317
1402665902798258184,negative,0.003817121150226117
1402665904278851585,negative,0.06198209137584043
1402665904878632960,negative,1.4288426024852916e-10
1402665905151086596,negative,1.914001765721361e-06
1402665907151851521,negative,0.0013904192358799568
1402665911132332036,negative,1.715181741330721e-09
1402665917268570118,neutral,0.49789225920557484
1402665917289533440,negative,0.00019156581778429082
1402665917822156805,neutral,0.5495922250151081
1402665917872549889,negative,0.002401771585169262
1402665919021727745,negative,0.03846917722510532
1402665919973822467,negative,0.10719836066340488
1402665923908091906,negative,0.012698684217147323
1402665925954838532,positive,0.6992354924039675
1402665926663839744,neutral,0.5670307141909579
1402665927477452804,negative,2.844308294991798e-06
1402665930266718212,negative,0.05933202814165601
1402665930941997071,negative,0.21958117051967388
1402665931625709575,negative,6.019455330818351e-08
1402665931696922633,neutral,0.6176419792108389
1402665932019965953,negative,0.018360571679189787
1402665932074401793,negative,0.2902592164779429
1402665934007980037,negative,0.030804810507742145
1402665934859427848,neutral,0.5741430315828542
1402665936818262017,negative,5.80337129183278e-07
1402665937917067271,negative,1.7623850006304697e-07
1402665939049537536,neutral,0.33125746945899875
1402665939439472643,negative,0.1325246477714197
1402665939800399879,negative,0.00019871296545473198
1402665940249190401,negative,0.00044851136330409933
1402665940400095234,negative,0.003029218062106838
1402665940404350976,neutral,0.5088253157799723
1402665941335433219,negative,3.5972947140927732e-09
1402665944594403328,negative,8.85022154929093e-05
1402665947157180424,negative,0.06085789804853742
1402665947320696835,negative,3.156513291322999e-08
1402665947912183810,negative,0.0010501944468990275
1402665950156136453,negative,0.011608795687469134
1402665950420295684,neutral,0.5301025468569445
1402665950537736192,positive,0.9233088092352407
1402665950642573314,negative,0.001401354679549139
1402665952655855619,negative,0.0083535674591971
1402665954853756933,negative,0.11794983638474398
1402665954853769227,neutral,0.40909563371415475
1402665955352776705,negative,0.023246103058800434
1402665955713556485,negative,0.04659691276079612
1402665956908863492,negative,0.0001887803865956369
1402665956984463360,neutral,0.40909563371415475
1402665957961523202,negative,0.001341328693508189
1402665959618383876,negative,0.00020657368899527058
1402665960264372231,negative,0.046754285250661866
1402665962118205446,negative,0.20186375291452507
1402665962718044166,negative,0.0024969851727082754
1402665964303495169,negative,1.7155590991088482e-05
1402665965427564546,negative,0.0009466437795502501
1402665967109521411,neutral,0.40909563371415475
1402665968824881162,negative,0.031644102667914904
1402666008373084160,negative,6.932390577271214e-06
1402666009895620611,negative,0.0057451092237262484
1402666015222386697,negative,0.006773204098263779
1402666018795888640,negative,0.0003422522876304134
1402666020108648453,negative,0.010091349884004694
1402666021899714560,negative,0.0009466437795502501
1402666023485063171,negative,0.001110058851413393
1402666023522816001,negative,0.046754285250661866
1402666023849971712,negative,0.023850740197774157
1402666025838075913,negative,2.3336935666867632e-06
1402666027163475971,negative,0.0002520170332861014
1402666027301941250,negative,0.003070489712433926
1402666027553628164,neutral,0.40909563371415475
1402666028161802248,negative,0.10588256597481213
1402666029294174211,negative,0.004618320687917993
1402666029587873797,negative,9.586894106698057e-05
1402666031039066113,negative,1.5673487716068165e-05
1402666031089324037,negative,0.11794983638474398
1402666032431570946,positive,0.7092297138808719
1402666033270472713,positive,0.6698754556978067
1402666033408847873,negative,0.004917393205780014
1402666035564711939,negative,0.03645638597004736
1402666035925377025,negative,0.001143569746319645
1402666040233009153,neutral,0.5454294334440499
1402666041189273613,negative,0.0004108780365218857
1402666041906544644,neutral,0.33432277929799353
1402666042992828423,positive,0.9824689077358312
1402666043655471105,neutral,0.49789225920557484
1402666045496770564,neutral,0.3358218310945649
1402666045693890566,negative,5.072700392556436e-05
1402666047371628549,negative,5.664836509390292e-05
1402666049758244868,negative,0.06826407186997632
1402666049858854918,negative,0.003120652432956609
1402666052971110404,negative,1.473256783112297e-06
1402666053193408512,negative,0.007140108472831513
1402666053520474123,negative,1.715181741330721e-09
1402666053910544385,negative,0.0017201700484890212
1402666054644637705,neutral,0.5495922250151081
1402666055697408000,negative,2.071584984074209e-09
1402666062122995721,negative,0.3223460296941428
1402666063595180039,negative,0.014411599765236646
1402666067005222915,negative,0.2354912911116945
1402666072134795267,negative,0.059699884311900056
1402666072151633921,negative,0.011488307187773262
1402666072319406080,negative,1.1385099084281584e-13
1402666075255418881,negative,0.25713377043441715
1402666075276390400,negative,4.151267783187317e-05
1402666075804913668,negative,0.29653026351758854
1402666077394460681,neutral,0.4274047939449264
1402666077570617351,negative,0.11794983638474398
1402666077570715657,negative,0.13115306743720084
1402666079776870400,negative,0.2812124665127172
1402666082343833603,neutral,0.40909563371415475
1402666083929186308,negative,0.02210405353206686
1402666084780711937,negative,0.06349841834265853
1402666084973621250,negative,7.091115274462314e-07
1402666086986915841,negative,0.0001298705217298816
1402666095715172354,negative,0.00039136989232712097
1402666098760237058,negative,8.643653286902341e-05
1402666100320571395,negative,3.4219458942293544e-05
1402666100555489284,negative,0.11794983638474398
1402666106184208387,negative,0.000875766500992276
1402666107228536838,negative,0.0003988574288039907
1402666107622805508,negative,0.0003422522876304134
1402666108558188550,neutral,0.40123669220952346
1402666108935680007,negative,0.0024969851727082754
1402666110760144903,positive,0.7355093453736364
1402666111519412228,negative,0.008025792379028892
1402666114048462852,negative,0.006320877315951264
1402666115222933506,negative,0.024556844101852188
1402666116799995905,negative,0.2645435653502413
1402666117529800707,negative,0.0009466437795502501
1402666117940793345,negative,0.04876614156462202
1402666121724039169,negative,0.001110058851413393
1402666123447914505,negative,1.1697777266682113e-10
1402666124639092738,negative,0.017710759689273863
1402666173242744833,neutral,0.3565341397118858
1402666173750202373,neutral,0.40909563371415475
1402666173897052161,negative,0.0014186680162002283
1402666175339941893,negative,0.03765527101303039
1402666177692942337,neutral,0.5088253157799723
1402666177822806021,negative,0.0005190257336611276
1402666179328724999,negative,0.05935936005919112
1402666182491189253,negative,0.08968000038416633
1402666182763819014,neutral,0.40909563371415475
1402666183120273418,neutral,0.5495922250151081
1402666185632714753,negative,8.202550421971332e-08
1402666185943044096,negative,0.03484595400511363
1402666185993375744,negative,0.2051993567673872
1402666189160079368,neutral,0.49789225920557484
1402666189428563977,negative,0.0049573332060130594
1402666190040936459,negative,0.10470891443198739
1402666190292533250,negative,0.030947631336870906
1402666190900805634,neutral,0.40909563371415475
1402666192989458439,negative,0.06349841834265853
1402666193794781189,negative,0.1522525248590797
1402666196412121095,negative,0.019393733397737364
1402666197796241414,negative,0.1693987921259033
1402666198295322627,negative,0.0016311231594363846
1402666198525952000,positive,0.7355093453736364
1402666199096365059,negative,0.03374096626328464
1402666199343931393,negative,0.05090432911346711
1402666200266678279,negative,0.00021345275988244732
1402666203324293126,negative,0.04876614156462202
1402666205513670657,positive,0.9514172790177682
1402666206923051008,negative,0.2338325690487908
1402666208646795265,negative,0.10193407910086733
1402666209414316032,negative,7.091115274462314e-07
1402666211729719298,neutral,0.40909563371415475
1402666213415731205,negative,3.020438288695305e-07
1402666215450021894,negative,0.00020611624116650916
1402666215772987393,positive,0.7355093453736364
1402666216330825729,negative,0.06826407186997632
1402666218893500416,neutral,0.6039133557305767
1402666220629995528,neutral,0.5495922250151081
1402666222282489859,negative,1.1564196804648344e-10
1402666222643200003,negative,1.5620913471403678e-15
1402666223503122432,negative,0.014294063370558954
1402666223675088896,neutral,0.5805197305669315
1402666224589365252,negative,1.918230630848529e-07
1402666224971137026,negative,3.56881009458793e-06
1402666225151492101,positive,0.7355093453736364
1402666226095202308,neutral,0.40909563371415475
1402666226225135620,negative,0.0002520170332861014
1402666226250391556,negative,1.3514789426256113e-09
1402666229182128131,positive,0.7355093453736364
1402666229689733122,negative,0.011488307187773262
1402666231749021701,negative,0.018949880029872662
1402666231765913604,negative,0.0013322884977711624
1402666233435246595,negative,0.009229323603560935
1402666234982830081,negative,7.551116352512334e-13
1402666237650518016,negative,0.0011416243764592493
1402666238254501894,negative,1.8108255623374292e-06
1402666238879350784,negative,0.11794983638474398
1402666239248457742,negative,0.10470891443198739
1402666242817806338,neutral,0.40909563371415475
1402666242897592326,neutral,0.40909563371415475
1402666243547492352,negative,0.18082195489420824
1402666243593629705,negative,0.049331930181335366
1402666243623165953,positive,0.8410723772716554
1402666244239724545,negative,0.0006050283082524191
1402666246475243524,negative,0.11794983638474398
1402666247217680385,negative,1.7155590991088482e-05
1402666251240022025,negative,0.06904187015378999
1402666252095610882,neutral,0.46127768308170247
1402666253253292034,negative,0.06085789804853742
1402666254335361036,negative,0.0003422522876304134
1402666258076684292,negative,0.10470891443198739
1402666258965872642,negative,0.01278903330849441
1402666260756840451,negative,0.22629170584102215
1402666261448953857,negative,0.11171772888153032
1402666265748049925,negative,0.024491270818801203
1402666266402377733,negative,0.005134478559673611
1402666267690029069,neutral,0.3334813713994933
1402666268612874249,negative,0.036795401409803294
1402666268801503235,neutral,0.46127768308170247
1402666268868628485,positive,0.8339396436000414
1402666268960952322,negative,0.18796574318776013
1402666269258682375,negative,0.002042836332006769
1402666269350973441,neutral,0.5495922250151081
1402666270663794695,negative,0.0022662232693832817
1402666272005971977,negative,0.06085789804853742
1402666273750851587,neutral,0.49789225920557484
1402666275990560777,negative,0.011682759703529225
1402666276321959936,negative,6.932390577271214e-06
1402666277303373828,negative,0.2022116893880138
1402666282479230981,negative,0.02341292172742968
1402666283787644936,positive,0.7092297138808719
1402666284186222594,negative,0.00040440319510196015
1402666285121540102,negative,6.932390577271214e-06
1402666286354739200,negative,0.020917507474005174
1402666288649052163,negative,0.0022752576872444655
1402666290918080520,negative,0.2812124665127172
1402666292507774978,negative,0.10622421319651891
1402666293828980744,negative,3.856285545294368e-10
1402666295863263246,negative,0.010566592332846233
1402666297402564612,negative,0.010773461428797758
1402666297540890624,negative,0.0008074754604902396
1402666299529089025,negative,0.022783516367798583
1402666303282950150,negative,0.001115532833272273
1402666304285335552,neutral,0.4297850204964556
1402666305313030145,negative,9.419460527209086e-05
1402666305845669896,negative,0.10470891443198739
1402666305954537472,negative,0.2816277071004722
1402666309566017544,negative,0.0021237407661403563
1402666309700272139,negative,0.0004183450303546067
1402666309788356608,negative,0.19269869232316536
1402666311142952962,negative,0.015045870420838168
1402666312212652035,negative,0.0015502696954522957
1402666313693155332,negative,0.0003422522876304134
1402666314121027589,negative,5.755394650153462e-05
1402666314620153857,negative,2.0662065484378326e-08
1402666315882635267,negative,0.002026500596496026
1402666316859858948,negative,0.0024969851727082754
1402666319078699013,negative,0.0049573332060130594
1402666319577759752,negative,0.0024143473325932406
1402666320357888002,negative,3.7269587173691265e-12
1402666321234563077,negative,5.1547418745393374e-08
1402666325554651139,negative,2.1009803857411633e-06
1402666326838087681,negative,0.05090432911346711
1402666326896807940,neutral,0.5495922250151081
1402666327098150913,neutral,0.6039133557305767
1402666328037724165,neutral,0.5495922250151081
1402666328725524484,negative,2.1009803857411633e-06
1402666329979691010,neutral,0.4846424145450931
1402666330159996936,negative,0.08308470536041589
1402666334601756681,positive,0.9233088092352407
1402666335486763013,negative,0.003817121150226117
1402666336208273409,negative,0.001110058851413393
1402666336443060224,negative,0.009361205533468977
1402666338733236227,negative,0.00013569177998600296
1402666339253243908,negative,0.04501741048619211
1402666340574449668,negative,0.060509932409311996
1402666342742908928,positive,0.7531054447526028
1402666343024009216,negative,0.0004108780365218857
1402666348799533060,negative,0.10470891443198739
1402666349705506818,positive,0.7092297138808719
1402666350808600579,negative,0.06265860095016826
1402666351328702467,positive,0.9668315073034859
1402666352763047937,negative,0.00234657780725221
1402666352859561991,negative,0.0003422522876304134
1402666354466033665,negative,0.2151257578096406
1402666355246182400,negative,2.943108186974856e-07
1402666355350986759,neutral,0.5495922250151081
1402666356965847041,negative,0.06826407186997632
1402666358123401219,negative,0.019384971353053757
1402666358681260032,positive,0.7355093453736364
1402666358710620170,negative,0.05052439619201714
1402666359360831499,negative,0.03917727882678926
1402666360086409218,negative,1.1492075991697428e-05
1402666360778416128,negative,0.019938200790002837
1402666362133258244,negative,0.003786130267831199
1402666363131514887,negative,0.00012797813289450793
1402666363647369225,negative,1.4679575420949433e-05
1402666366218428422,neutral,0.40909563371415475
1402666367078309889,negative,9.11480159901699e-06
1402666367397007361,negative,0.0017293383379626643
1402666369724858372,negative,0.029704461138546738
1402666370827960320,negative,0.08308470536041589
1402666371062849536,negative,0.0023571414102228263
1402666375533973510,negative,0.00035052446818860405
1402666375991136260,negative,0.06826407186997632
1402666376490328069,negative,0.303890566925993
1402666376519507968,negative,0.0008441611292798269
1402666376532221954,negative,0.11794983638474398
1402666380084850688,negative,0.06826407186997632
1402666380558802945,negative,0.003912289499286995
1402666380944621574,negative,0.000980914164592184
1402666382018371593,negative,0.002214874121739145
1402666382744031235,negative,9.414552391563905e-11
1402666383285096450,negative,0.19065281413554322
1402666384941846529,neutral,0.4846424145450931
1402666385227108354,positive,0.9514172790177682
1402666386162343940,negative,7.278673004814749e-06
1402666387441586182,negative,0.0650562333876564
1402666388855132160,negative,0.0007261130686517568
1402666389526257666,negative,0.08154071556995883
1402666390147026944,negative,1.1348491347280742e-05
1402666390205743108,negative,0.16049393409723095
1402666392973873157,neutral,0.40909563371415475
1402666394433490952,negative,0.09817661975693076
1402666395087912966,neutral,0.4297850204964556
1402666396425797635,negative,7.561966305483009e-11
1402666397050736650,negative,7.504723800812146e-06
1402666397054996485,negative,0.0015330161813762288
1402666397264748547,neutral,0.5495922250151081
1402666399835766790,negative,7.278673004814749e-06
1402666401052114946,negative,0.12041383507260278
1402666403153551360,negative,0.0003422522876304134
1402666405330292737,negative,0.0012262361213271383
1402666406446043142,negative,0.0009466437795502501
1402666406941016070,negative,0.10794391359306882
1402666408123711495,negative,0.003930517800855162
1402666408530563074,positive,0.7355093453736364
1402666409902198789,negative,0.06826407186997632
1402666410120290306,negative,0.0038236962013735603
1402666411168649219,negative,0.10470891443198739
1402666411361701889,negative,0.0009466437795502501
1402666414671081477,negative,0.09079847440635212
1402666419658137610,negative,0.0024969851727082754
1402666419859431435,neutral,0.40909563371415475
1402666420354400256,neutral,0.49789225920557484
1402666421700661250,negative,0.00032218096320178296
1402666423139323917,negative,2.1818425279025877e-10
1402666424368304131,negative,0.005550050904276552
1402666426356359168,neutral,0.4217270523550445
1402666426763300869,negative,5.0700057806433715e-06
1402666427073634311,negative,3.367992903884701e-10
1402666431142109186,positive,0.7355093453736364
1402666431167275018,neutral,0.408942169628454
1402666431376941056,negative,0.006902978830694807
1402666432710778885,neutral,0.40909563371415475
1402666433214136321,neutral,0.4036863491926148
1402666434606600200,neutral,0.3358218310945649
1402666435260956678,neutral,0.5212084554669985
1402666438826020872,negative,0.0007664639792315432
1402666439321034756,negative,9.117469587762287e-10
1402666439941705734,negative,4.167209668219137e-05
1402666441896300553,negative,0.024556844101852188
1402666442798084102,neutral,0.40909563371415475
1402666450586902528,negative,6.0246006261078535e-05
1402666452218486789,negative,6.008990014862647e-06
1402666452247777288,negative,0.03508898780310058
1402666453090848774,negative,0.2735426475376906
1402666453501947909,negative,3.740038490267711e-07
1402666454672097283,negative,0.046754285250661866
1402666455116681225,negative,0.06826407186997632
1402666455200636929,negative,1.5345368679394645e-07
1402666456123326465,neutral,0.40909563371415475
1402666457524322307,negative,0.12218116507000928
1402666457864060932,negative,0.20062901824457266
1402666458145079301,negative,0.0009466437795502501
1402666460070219785,negative,3.385746611579561e-06
1402666460410007553,negative,0.1615977477295286
1402666461701853190,positive,0.8122869640975685
1402666461999607808,negative,5.991053887683352e-06
1402666462100271104,negative,3.438709087578497e-05
1402666465707364353,negative,9.290609379547144e-05
1402666465883471873,negative,0.002871456392695621
1402666470891458566,neutral,0.48728019602140255
1402666472040763401,negative,0.0022489314775565265
1402666475589152774,positive,0.9233088092352407
1402666475941502980,negative,0.006260333825790302
1402666482652360709,negative,0.001110058851413393
1402666483319193607,negative,5.452209169592625e-05
1402666484002865156,negative,0.02074895161880797
1402666484321685511,negative,0.0018545167479992492
1402666489371672584,negative,4.762997537867576e-10
1402666491133169665,neutral,0.40909563371415475
1402666492454387712,negative,0.0009466437795502501
1402666493956009984,negative,2.9800228376996205e-08
1402666494471950338,negative,0.00014980108987003388
1402666495352655872,negative,3.128755134578762e-05
1402666496069939210,negative,0.10470891443198739
1402666496120266758,positive,0.9547880616863362
1402666498083196935,negative,0.00015317327843265428
1402666498628411393,negative,0.046754285250661866
1402666498699714560,neutral,0.5136446707795853
1402666500075495426,negative,0.04910825688691546
1402666502927568902,negative,0.024506362583691436
1402666504424992772,negative,0.1378763640501679
1402666506606071819,negative,0.05618603776717742
1402666506861912071,negative,4.741470845526375e-06
1402666507725848577,neutral,0.5179123260683212
1402666508631826442,positive,0.7355093453736364
1402666508732583940,negative,7.64933517929553e-08
1402666509407772672,positive,0.978349460239711
1402666510951329792,neutral,0.6334027743465328
1402666512457031685,negative,0.007168738376371936
1402666513610514442,negative,0.0008184842769847745
1402666514789060615,neutral,0.5495922250151081
1402666515804131334,negative,0.03119106136200889
1402666516630409224,negative,0.0032638071619632172
1402666518412812289,negative,8.870329449298661e-13
1402666518786281473,negative,0.00017121187057654455
1402666520203964418,neutral,0.5495922250151081
1402666523274137603,negative,1.706852891981504e-08
1402666523458691084,negative,0.089204090342988
1402666523706134528,neutral,0.3358218310945649
1402666528949129223,negative,0.08179300262130082
1402666530106707971,negative,0.0012252457557950765
1402666530387763206,neutral,0.367261038995328
1402666531830611971,negative,0.0062665311033857
1402666531973173251,negative,0.0002403211336608363
1402666533055307778,neutral,0.39020076079152033
1402666534691016704,negative,5.392235008116836e-08
1402666534942785536,negative,7.278673004814749e-06
1402666536653967363,negative,4.8468728850178356e-05
1402666537111130115,negative,0.059145720060052275
1402666537694203904,negative,6.1788397765360815e-12
1402666539434889222,negative,0.00045793458286781126
1402666540537896960,negative,0.11791544068909722
1402666541640994820,negative,1.6056473366064882e-05
1402666543717269515,negative,7.30126427164041e-05
1402666545617281025,negative,0.0002522485220360063
1402666547303362565,negative,0.00010763483393347945
1402666551082373124,positive,0.847089807937189
1402666552110071812,neutral,0.5495922250151081
1402666552470691856,negative,0.0003422522876304134
1402666553448017927,neutral,0.44782734011397646
1402666555641630723,negative,0.09085838354094262
1402666558275690503,negative,0.0010037213236079084
1402666558346956800,negative,5.136554519918927e-12
1402666560913870850,neutral,0.5863281779122236
1402666562713182211,neutral,0.40909563371415475
1402666564177039373,negative,1.715181741330721e-09
1402666564898459652,negative,0.06826407186997632
1402666566051938309,negative,5.583301180206693e-06
1402666566328766469,negative,0.00045351570243642384
1402666567222108165,negative,0.031048733137705984
1402666567301701633,positive,0.9451314525623516
1402666568153284614,negative,0.01656339073213154
1402666568245522432,negative,0.2040511445371348
1402666568346124299,neutral,0.4407686014587586
1402666569721917440,negative,5.14478648131186e-10
1402666574524424196,negative,0.22629170584102215
1402666575849721856,negative,0.03645638597004736
1402666575862407178,negative,4.105583086001163e-09
1402666576487329796,negative,0.25401421255941126
1402666576940261380,negative,0.23547558525711254
1402666577808461827,negative,0.21433552074450707
1402666583525298177,negative,6.008990014862647e-06
1402666584544587776,negative,1.3345397821754015e-08
1402666588369731586,negative,0.00477825935178061
1402666590496301058,negative,0.000656003980376898
1402666590500442112,negative,0.00022768780877584834
1402666591133868036,negative,0.012838391553681279
1402666592786259969,negative,1.7836630662617944e-06
1402666594787074052,negative,0.0010279309589925896
1402666595693039617,positive,0.985209966824661
1402666595852369928,negative,0.00027865941829957966
1402666596812922882,neutral,0.40909563371415475
1402666597517516804,negative,0.0057451092237262484
1402666597869830147,negative,0.05429895886037066
1402666597958008836,negative,0.08308470536041589
1402666598515761158,negative,1.7155590991088482e-05
1402666598985515010,negative,0.00031057287064540604
1402666600059318273,neutral,0.4846424145450931
1402666635983478789,negative,0.0004574291209256215
1402666636994297856,negative,0.1438813972593036
1402666638525222919,neutral,0.41243265338036356
1402666642602139648,negative,0.0009466437795502501
1402666642983751684,negative,0.0008911364967341616
1402666643147345932,negative,0.0006656329211654766
1402666643340267528,negative,0.0003422522876304134
1402666644388954112,negative,5.633035212285414e-10
1402666645647147012,neutral,0.6232643230202886
1402666646578339844,negative,0.050033000937048024
1402666647534583808,negative,0.03500127724217177
1402666650063749135,neutral,0.5495922250151081
1402666650739036169,neutral,0.49789225920557484
1402666650789453828,negative,0.00296047540741087
1402666651351388161,negative,0.03603324698678359
1402666651691241473,neutral,0.40909563371415475
1402666652932661250,negative,0.0826184116908758
1402666653024980997,negative,0.1728645106778271
1402666654044147722,negative,0.02987639784926889
1402666659958173699,positive,0.7355093453736364
1402666660167917576,negative,0.003817121150226117
1402666660331458565,negative,0.0597079115965029
1402666661271031812,neutral,0.603817367898461
1402666661514256394,negative,0.006180190226400221
1402666661610721284,negative,0.30905956368035736
1402666664290828289,negative,0.006687978808996926
1402666665020575745,negative,0.0003586406667197995
1402666665045893125,negative,0.06826407186997632
1402666665402376195,negative,0.09817661975693076
1402666665901498375,negative,0.15562324035069042
1402666668069883909,negative,0.00014980108987003388
1402666671639306242,negative,0.11794983638474398
1402666672520056832,negative,0.056166440016815394
1402666673660903425,negative,0.0008249067442351772
1402666674080391173,negative,0.007968964442464801
1402666674978004993,negative,0.051671370731884096
1402666678878674952,negative,0.003786130267831199
1402666679109357568,negative,0.01984726680073548
1402666679130365960,positive,0.8364527274405094
1402666679239389189,negative,0.2022116893880138
1402666680740990978,neutral,0.3358218310945649
1402666683676962817,negative,0.00023679539109141423
1402666685706997770,negative,0.044228929123543176
1402666686407491584,negative,0.06826407186997632
1402666687934119936,negative,0.034396530904061036
1402666688236113921,negative,9.298131187279178e-10
1402666690169692215,negative,1.7572937111078572e-11
1402666691033710593,negative,0.0021237407661403563
1402666691243433985,negative,0.10470891443198739
1402666691528519682,negative,0.17011688543832504
1402666692887695366,negative,0.0004526928376536411
1402666693730750465,neutral,0.5301025468569445
1402666693860732931,negative,0.04228224902021591
1402666694296883200,neutral,0.40909563371415475
1402666694393348101,neutral,0.5495922250151081
1402666696868040707,negative,0.00019410554420450156
1402666697564241926,negative,0.25713377043441715
1402666697962754051,negative,6.0246006261078535e-05
1402666699409793026,negative,0.010003126596336884
1402666700248686598,negative,0.2812124665127172
1402666700613554182,negative,0.0007475559173439407
1402666701930512386,negative,0.0021237407661403563
1402666702102482945,negative,1.0222211294720543e-08
1402666702576439299,negative,0.2282829105624719
1402666703369162763,negative,0.044228929123543176
1402666704371597313,positive,0.9969530680423434
1402666705277571084,negative,2.1009803857411633e-06
1402666705978015752,negative,0.027770235529559973
1402666708284882950,negative,0.0003422522876304134
1402666710445010948,negative,0.014906653190354571
1402666713343266824,negative,0.23491250101192956
1402666715322912774,negative,0.0013945218286537944
1402666715561988103,negative,0.0017293383379626643
1402666717994749953,negative,0.00608234308287199
1402666720427380736,negative,0.05984740390284843
1402666724307185670,negative,1.3036561126166537e-07
1402666725624143885,neutral,0.45865158599960215
1402666726383366147,negative,0.13939881236858073
1402666732003774468,negative,0.18796574318776013
1402666733731827716,negative,0.007968964442464801
1402666735514394634,negative,0.1932132947237516
1402666735518486531,negative,3.222898903513267e-05
1402666737284358145,negative,0.001662028646792596
1402666739930910721,negative,0.0001298705217298816
1402666744473395207,negative,0.001408370370262797
1402666746348244994,negative,0.06171359045095568
1402666746872487936,negative,0.00477825935178061
1402666754279682048,negative,6.0246006261078535e-05
1402666754430676996,negative,0.1161652273792353
1402666756360003588,positive,0.954267856653197
1402666807341768704,negative,0.02434276765215391
1402666810265247757,neutral,0.5130605840822943
1402666810378534920,negative,0.11813809310998474
1402666810424578054,negative,0.009486211700440022
1402666811112542221,neutral,0.4598650020881221
1402666811351515141,negative,0.010962819502039586
1402666811636727818,neutral,0.40909563371415475
1402666811959791619,negative,0.06507649896477234
1402666812651847681,negative,0.02540365867735426
1402666813020950530,negative,0.21828042212064488
1402666813167656964,negative,7.493834927625342e-09
1402666813461311489,negative,7.091115274462314e-07
1402666813654290435,positive,0.9580691183823654
1402666813918429187,negative,0.18286261593322756
1402666814547578882,negative,0.14474611402196658
1402666814950285315,negative,8.948156637174948e-07
1402666815592046603,negative,1.914001765721361e-06
1402666817617907718,positive,0.954267856653197
1402666817768800265,negative,1.7155590991088482e-05
1402666817907273730,negative,0.0003422522876304134
1402666818574159876,negative,0.18796574318776013
1402666819006222343,neutral,0.40909563371415475
1402666821950521350,negative,0.000875766500992276
1402666823678578696,negative,0.1479727152205862
1402666826354642954,negative,0.00256554079664682
1402666826627268617,neutral,0.6220667716294788
1402666830515277832,negative,4.745904682324544e-06
1402666831219937287,negative,0.18796574318776013
1402666833401028608,negative,0.04655136317756937
1402666834235691010,negative,0.0024969851727082754
1402666835573628938,negative,0.00042378709853719654
1402666835678531590,negative,5.8447904290949834e-09
1402666835879792640,negative,0.016982341523244227
1402666837440176134,negative,0.32709770686772627
1402666837909946375,negative,0.003686788303508758
1402666841764470786,negative,0.0009466437795502501
1402666843496759297,negative,0.0820227394750284
1402666845245673472,negative,0.19311067094070053
1402666845308657670,negative,5.447545214062439e-06
1402666846017490944,negative,0.28409687419422247
1402666847116402691,negative,0.1844221551389556
1402666847980359686,negative,0.1682996612145067
1402666849184137217,negative,0.09817661975693076
1402666852107657220,negative,0.21433552074450707
1402666852313186309,negative,0.003070489712433926
1402666852405424129,negative,0.20538579960182807
1402666853441355776,negative,0.004951481737858654
1402666853537812480,negative,3.045770772517049e-08
1402666858160046085,positive,0.7355093453736364
1402666859007197193,negative,2.6876750285288777e-05
1402666861351763970,negative,2.1449042302717276e-06
1402666862001934338,negative,0.13203165772587072
1402666863017050117,positive,0.8222255158431281
1402666863339900928,negative,0.13964314734592853
1402666863339917318,negative,0.011488307187773262
1402666864178835458,negative,6.311173019452038e-08
1402666865181274114,negative,0.020824055944072228
1402666868075290624,neutral,0.49789225920557484
1402666868981354499,negative,0.0014302505961543213
1402666869006471168,negative,0.026277811723524187
1402666869102891016,negative,0.019938200790002837
1402666870055092225,negative,0.29858250404719916
1402666870294077444,negative,0.04047299378797449
1402666872466718730,negative,4.428254481326802e-09
1402666873003646981,negative,0.04782153391295828
1402666873959989255,negative,0.0185834434267499
1402666875587342337,neutral,0.40909563371415475
1402666876036173835,negative,0.008491144329752773
1402666879345438725,negative,0.0028167063493388382
1402666879735504896,positive,0.7134944440403177
1402666881165713415,negative,0.06788459032949214
1402666881648058372,negative,1.0213292904720652e-05
1402666886261788673,positive,0.9233088092352407
1402666887591387142,negative,0.0011689459471519355
1402666888245780484,negative,0.0003422522876304134
1402666888845574144,negative,0.0012262361213271383
1402666890439315457,neutral,0.3509307175535056
1402666891320168448,negative,5.002522705007135e-06
1402666892079386636,negative,2.7834665167795106e-06
1402666892364599298,negative,0.05090432911346711
1402666894704971776,negative,0.0003422522876304134
1402666895396986881,negative,0.00045351570243642384
1402666895438979074,negative,0.1409403274176519
1402666896659566598,negative,0.13965700636184816
1402666898404294660,negative,0.12820373937450705
1402666898962141186,negative,0.002918333362258437
1402666900023296001,negative,0.016982341523244227
1402666900644052993,negative,0.00028752968592056944
1402666900648304648,negative,3.245432334232056e-06
1402666901440978953,negative,0.00529909198050648
1402666902988673028,negative,0.0006034318388878385
1402666903236120577,negative,0.01114776665676775
1402666903294914565,negative,0.0003422522876304134
1402666904616046603,negative,0.27935976696785675
1402666904909758473,positive,0.9762436430659058
1402666905098502144,negative,0.06349841834265853
1402666905207558145,negative,7.707156702304245e-05
1402666906721660940,neutral,0.35884482975877197
1402666907208138756,negative,0.1560136835586651
1402666911222145031,neutral,0.40909563371415475
1402666913482878988,negative,0.0024969851727082754
1402666914116165632,negative,0.09624587387456424
1402666914653028353,neutral,0.40909563371415475
1402666956432494598,negative,0.06826407186997632
1402666957107871749,positive,0.954267856653197
1402666958701613069,negative,0.0644353741971435
1402666960735854597,negative,0.008025792379028892
1402666964481462279,negative,0.2338325690487908
1402666965035012099,negative,0.1098468041303972
1402666965077041152,negative,0.19600150215739204
1402666968650600452,positive,0.9894568338050926
1402666970412158978,neutral,0.6202962595472885
1402666975797592069,negative,0.051898063227452315
1402666978716880896,negative,0.0008912787139248782
1402666981439029248,positive,0.9668315073034859
1402666982080667652,negative,0.0018301321136546696
1402666982101635074,positive,0.7817348871207359
1402666982676353034,negative,0.010962819502039586
1402666982886068225,negative,9.384696905687757e-06
1402666983569739777,negative,0.22930838497300365
1402666984978931718,negative,0.11794983638474398
1402666987478831113,negative,0.09013879147860501
1402666989018038276,negative,0.11794983638474398
1402666990834229251,positive,0.9999394012415423
1402666992872665092,negative,0.16629241313413315
1402666993396953091,neutral,0.40909563371415475
1402666994378457092,negative,2.090192421682269e-06
1402666995552763912,negative,0.21881622695821315
1402666996102316033,negative,0.1674537993739461
1402666998098796548,negative,0.0003422522876304134
1402667000246194179,negative,0.06826407186997632
1402667002779639808,negative,0.06826407186997632
1402667005149392897,negative,4.741470845526375e-06
1402667005216440328,positive,0.9014253432906217
1402667006311211015,negative,0.011488307187773262
1402667008018333700,negative,0.20555491931309747
1402667010555887620,negative,1.3914411869997595e-07
1402667011008876547,negative,3.668102019227966e-06
1402667011403046921,neutral,0.5136446707795853
1402667012166410249,negative,4.053566786403589e-06
1402667013407969280,negative,0.00013690154508912426
1402667013491892227,neutral,0.34430177264525336
1402667013949071365,negative,0.0006047903473975941
1402667018013323271,negative,0.0003422522876304134
1402667023612715013,negative,0.0001298705217298816
1402667023797215233,positive,0.7092297138808719
1402667023897960457,negative,2.8915406429868066e-05
1402667023923023875,negative,0.010145625387659157
1402667026712346634,negative,0.12218116507000928
1402667029455425543,negative,0.0026732958404922995
1402667031535796225,neutral,0.4603140844572616
1402667032387149831,negative,0.010840769081513584
1402667033368662018,negative,5.33569473221413e-06
1402667033783853060,negative,2.2031256954519357e-12
1402667035021152256,neutral,0.539526285423146
1402667035092557836,negative,0.006025080050674894
1402667035444846593,negative,0.21433552074450707
1402667038431133701,negative,0.09063579499909426
1402667039202893831,neutral,0.3656335988777906
1402667039467188224,negative,1.997444659370854e-05
1402667039714643974,neutral,0.40909563371415475
1402667040977166343,positive,0.9759315858486494
1402667041186668545,negative,0.011608795687469134
1402667042109599745,negative,7.62475000063045e-09
1402667044110229506,negative,0.25713377043441715
1402667047092432896,neutral,0.4297850204964556
1402667047096668169,negative,5.55741418764333e-12
1402667050523402240,negative,5.755394650153462e-05
1402667052322758656,negative,0.05270228538166938
1402667053811634181,neutral,0.40909563371415475
1402667056030441474,negative,0.0021743606707664933
1402667057628516356,negative,0.17658315074995032
1402667058660360195,neutral,0.40909563371415475
1402667061495664641,negative,0.008025792379028892
1402667061512491013,negative,0.01973454918184566
1402667061738885120,negative,0.19065281413554322
1402667062363934720,negative,8.047535189769331e-05
1402667065014722564,negative,0.014356967336812859
1402667065291517958,neutral,0.6334027743465328
1402667066923028483,negative,0.11794983638474398
1402667067992543233,negative,0.0002457292985424539
1402668659257053185,negative,0.0007692792529032948
1402668659554783240,negative,0.00012080222073642527
1402668660062404613,negative,1.03476970652284e-06
1402668660951506944,negative,0.007087933234741652
1402668665619820549,negative,0.0009466437795502501
1402668665842114569,negative,0.03500127724217177
1402668666395693057,negative,2.2745154706430018e-06
1402668667222073346,negative,0.00012760098574569068
1402668669373714437,negative,0.010967220457845856
1402668669461729283,negative,0.0014050858966187752
1402668669977694216,negative,3.0195319604235592e-05
1402668670376202250,negative,0.31268358889870496
1402668672775340035,negative,2.6546286355936923e-07
1402668677615472641,negative,0.01340603343912118
1402668679565881345,negative,0.17161169828477657
1402668680077627392,negative,0.06255523664204865
1402668683042955268,negative,0.031048733137705984
1402668684204810241,negative,0.06429671475475061
1402668684389326848,negative,0.14446747483957628
1402668686209699847,negative,0.00028392670933726914
1402668693184823310,neutral,0.407418185527783
1402668693331623936,neutral,0.49789225920557484
1402668697521692674,negative,0.043362825358225054
1402668698532524035,negative,0.13265359421390388
1402668699128143872,negative,0.0065698667623443245
1402668700893945858,negative,0.21433552074450707
1402668701539786755,negative,1.528399446719051e-10
1402668702382931973,negative,1.7690123491558398e-11
1402668705662869511,negative,6.313661288359647e-05
1402668706178740230,negative,0.08579703226006438
1402668707541889027,negative,0.2888670014117872
1402668708401647616,negative,1.4155767989618051e-08
1402668708489691140,negative,0.0008994503340698275
1402668710129811467,negative,7.641353476512833e-07
1402668711333580800,negative,8.482566004817207e-05
1402668711920738312,negative,0.0005495442899559492
1402668711950102535,negative,1.7155590991088482e-05
1402668712029741058,negative,0.2812124665127172
1402668714324004864,neutral,0.431178154217095
1402668714361765889,negative,0.06826407186997632
1402668715859222531,negative,0.0005257690779438339
1402668716404490242,negative,0.10512143524389585
1402668717423607814,negative,0.1295622923919365
1402668717633384451,negative,0.0717302098775413
1402668719357243396,negative,0.008025792379028892
1402668720951025664,neutral,0.5734576952979002
1402668723165667339,negative,0.09277024163898029
1402668723979313154,negative,0.10530106971394533
1402668727322218503,negative,0.02157821957127514
1402668727959707649,negative,0.21881622695821315
1402668734330847232,negative,0.010448423673257127
1402668737380204544,negative,0.08454449109253073
1402668739959660551,negative,0.12724516721885637
1402668741268226049,negative,0.08352982280544467
1402668741280870400,negative,0.09514744779015938
1402668742186831884,positive,0.981067072071799
1402668743054999554,positive,0.9547880616863362
1402668743415771147,negative,0.05090432911346711
1402668744543981574,negative,1.1002670352216799e-08
1402668746548916225,negative,2.6546286355936923e-07
1402668748058791945,neutral,0.36670282908791557
1402668748780224514,negative,0.007679186164479727
1402668750097326083,neutral,0.40909563371415475
1402668750474723330,negative,0.020751621241248665
1402668750818746370,negative,5.349841607774626e-07
1402668751196131328,negative,5.350866780072334e-10
1402668751372365824,negative,0.06255523664204865
1402668753645604865,negative,7.332732743518935e-05
1402668753960251394,negative,2.8978617248812554e-05
1402668759257649156,negative,0.0010591734831836175
1402668759266086912,negative,0.0004108780365218857
1402668759479947279,negative,0.0606519226871564
1402668761233166342,neutral,0.40909563371415475
1402668761979703301,negative,0.000767664217491515
1402668764311834624,negative,0.0024422842176339984
1402668766752915458,negative,0.0024969851727082754
1402668772796907527,neutral,0.40909563371415475
1402668779532865544,negative,0.003121212134505733
1402668780635963402,negative,0.03119106136200889
1402668782938734597,negative,0.030488730629860742
1402668783299399685,negative,0.25604833796042087
1402668786818375682,negative,0.0003422522876304134
1402668789255348234,neutral,0.3358218310945649
1402668790895235077,negative,1.3120765207600122e-06
1402668792082317313,neutral,0.49789225920557484
1402668792640061444,neutral,0.40909563371415475
1402668795613810688,positive,0.9233088092352407
1402668800282087434,neutral,0.40909563371415475
1402668800714055686,neutral,0.4098606119935272
1402668804208005122,negative,0.044423684828257586
1402668804367343618,negative,0.0010388384586061433
1402668804870754309,negative,0.0018461623554311103
1402668808603586568,negative,0.0651399461645187
1402668809077596167,negative,0.010035527000572126
1402668812474978308,neutral,0.6527647069445395
1402668813645144064,positive,0.8792500398498768
1402668814051909639,positive,0.8073160028178931
1402668816371535873,negative,0.0033369567330791645
1402668817063550978,negative,7.966446582529189e-05
1402668817541632002,negative,5.825383887590455e-07
1402668819714351111,negative,0.20771934817642312
1402668820167266311,negative,5.481011786283293e-10
1402668821790531591,negative,0.00019085509163161115
1402668823447285766,negative,0.00019899615345773472
1402668824101597196,negative,0.008491144329752773
1402668824252628997,negative,0.05840237118954247
1402668825405968386,negative,0.18965674087326062
1402668826441916419,negative,0.029018935827059958
1402668826995609615,positive,0.9493263348504982
1402668829008871425,negative,0.01561585864368163
1402668831546523650,negative,6.340342158189898e-06
1402668832586665984,negative,0.003991451006001597
1402668832662167560,negative,0.004692891022693097
1402668833639444486,negative,8.482566004817207e-05
1402668833744244739,negative,0.09085838354094262
1402668833823932427,neutral,0.40909563371415475
1402668835694600197,negative,0.06255523664204865
1402668837267460101,negative,0.014348451473292062
1402668838106406913,negative,0.0026732958404922995
1402668838483812365,negative,0.0004108780365218857
1402668839209418762,positive,0.8989473908033266
1402668840732008451,negative,1.715181741330721e-09
1402668841566679048,negative,0.010035527000572126
1402668843470839809,negative,0.05270228538166938
1402668843852521473,negative,0.0606519226871564
1402668844913733634,negative,0.07277081439847301
1402668846486626307,negative,0.2829504229013018
1402668847769997312,neutral,0.40909563371415475
1402668847891636225,negative,2.2914875443841516e-07
1402668848743170048,positive,0.9999394012415423
1402668850378850308,negative,0.002122160461479138
1402668851972775940,negative,0.286652047949747
1402668854665519108,neutral,0.6265128888257194
1402668857169518593,negative,0.013953419771031818
1402668857496674310,neutral,0.40909563371415475
1402668859602214918,negative,0.2812124665127172
1402668863439912963,negative,0.0006483406437317
1402668864454942722,negative,5.167430915331688e-06
1402668870721314819,negative,6.235206069648103e-08
1402668871581155338,negative,0.29841165505812506
1402668872680062988,negative,0.008491144329752773
1402668873032339458,negative,5.009983810527041e-07
1402668873065840641,negative,0.11154906497659944
1402668873074290693,positive,0.9024686363835621
1402668874072420358,negative,0.007108133685361019
1402668875137929224,negative,5.0243950431496524e-08
1402668875230089221,negative,0.010070465053666728
1402668876828184579,negative,0.0010818459703035605
1402668876966633479,negative,0.11154906497659944
1402668877994246148,negative,0.00035484624038250125
1402668878765907970,negative,0.06255523664204865
1402668884067561477,negative,0.06085789804853742
1402668886710001670,negative,0.10973296601072308
1402668887506833414,negative,2.498575801700409e-06
1402668888605790210,negative,0.0522070867456433
1402668889729818632,negative,0.10383094927073291
1402668891655004165,negative,0.016090838817781006
1402668892057739264,negative,0.0003010661402705708
1402668893425049601,negative,0.27559690975127804
1402668893986910212,negative,0.05090432911346711
1402668894163247105,negative,6.008990014862647e-06
1402668895819927557,negative,0.00029439491229681596
1402668896021323781,neutral,0.5306398704057798
1402668899326386176,negative,2.3241794270511952e-06
1402668899670372360,negative,0.029027501731715713
1402668900177924111,neutral,0.38123585865249665
1402668900572094464,negative,0.0003053775176043235
1402668901893292041,negative,1.7690123491558398e-11
1402668903348723713,negative,0.07296212253600601
1402668903499771909,negative,1.457312553088267e-07
1402668903776632832,negative,0.0564138316055202
1402668905164906502,negative,0.0001528063750244109
1402668905680756736,positive,0.9023826401346668
1402668905877868547,negative,9.62283775158233e-05
1402668907702505480,neutral,0.6334027743465328
1402668910261026821,negative,2.0781034797734407e-06
1402668910718115846,negative,0.056856127022212814
1402668913360572418,negative,0.03702118417703629
1402668914702700545,negative,5.1547418745393374e-08
1402668914954354695,negative,2.9651417522550425e-06
1402668916212703234,negative,0.001110058851413393
1402668917219336199,neutral,0.5293700225891195
1402668920021073922,negative,0.010957731010128544
1402668920495087626,negative,2.3379026833230077e-05
1402668920893489164,negative,0.09063579499909426
1402668924014039040,neutral,0.5641296460459003
1402668925087801348,neutral,0.40909563371415475
1402668925670789128,negative,0.003029218062106838
1402668928330043394,negative,0.00925704671132747
1402668929328332806,negative,0.002693709076840531
1402668931475771395,negative,0.003991451006001597
1402668931714793476,negative,4.105583086001163e-09
1402668931995865092,neutral,0.3358218310945649
1402668932025229313,negative,5.424615729989654e-06
1402668932469858305,positive,0.6731924274151495
1402668934545936386,negative,0.008025792379028892
1402668935254794244,negative,3.2680384900161423e-06
1402668989881491464,negative,0.03702118417703629
1402668990166667264,negative,0.010035527000572126
1402668992368611334,negative,4.741470845526375e-06
1402668993140477954,neutral,0.49789225920557484
1402668993379541000,negative,2.6546286355936923e-07
1402668993723441159,negative,0.06255523664204865
1402668994964955138,positive,0.684610158155959
1402668996168536064,negative,2.6546286355936923e-07
1402668998521667584,negative,0.0010078348889907402
1402668999419301892,negative,0.18632053857511577
1402668999855546381,neutral,0.367261038995328
1402669000203591688,negative,6.0246006261078535e-05
1402669000337805312,negative,8.482566004817207e-05
1402669000891453441,negative,0.06255523664204865
1402669000946077701,negative,0.03702118417703629
1402669001222889476,negative,2.0781034797734407e-06
1402669001889751043,negative,3.3861018667514013e-07
1402669004796350464,negative,0.0024969851727082754
1402669007363321856,negative,0.04228224902021591
1402669009653407748,negative,0.010035527000572126
1402669010181840897,negative,0.06255523664204865
1402669010240561152,negative,0.007356294711303338
1402669013273137161,negative,0.0049573332060130594
1402669014074236935,positive,0.9024686363835621
1402669015542153218,negative,0.0016750706470379001
1402669016435539968,neutral,0.5246509941142485
1402669016628535298,negative,1.0671069585747595e-05
1402669017131753476,negative,0.0002933307673284252
1402669017756848135,negative,5.389191784208272e-12
1402669019304443904,negative,0.0659934982394839
1402669020030156808,negative,0.003161559003681132
1402669021842055171,positive,0.9999218529284933
1402669021980463108,neutral,0.4761803438569974
1402669022672470023,negative,3.58678926633191e-05
1402669023045750792,negative,0.0001949367986385605
1402669023465246720,negative,0.21433552074450707
1402669024908034053,negative,0.0012262361213271383
1402669026187399168,negative,2.6546286355936923e-07
1402669026774437888,negative,0.10558272930333189
1402669027101708293,negative,0.008088158637906158
1402669027261091841,negative,0.0017293383379626643
1402669028708163586,negative,0.0002520170332861014
1402669029001662470,negative,0.00027374348622912815
1402669033300897792,negative,0.0008994503340698275
1402669035054145543,negative,0.021142513390513866
1402669036333371398,neutral,0.42902304041204736
1402669036794699777,neutral,0.33968790282220235
1402669036794781696,negative,6.932390577271214e-06
1402669037465784327,negative,0.004917393205780014
1402669037738500096,negative,0.0025031793874665097
1402669037990072327,negative,0.007095006614367287
1402669038254366723,negative,5.641561295450169e-10
1402669038732447753,positive,0.9233088092352407
1402669038858350598,negative,0.10057456498084728
1402669039143604226,negative,1.739199673989576e-06
1402669039600680960,negative,0.0007196951686399898
1402669040355663875,neutral,0.3358218310945649
1402669040787767298,negative,0.29600894280344103
1402669048614330373,negative,0.0004108780365218857
1402669049067229185,negative,0.031932200065455135
1402669051923648515,negative,0.03174163532374991
1402669052590493697,negative,1.259784251260828e-07
1402669054217830402,negative,0.011158141861858768
1402669054939340808,negative,0.03782851224077081
1402669055060885506,negative,0.21433552074450707
1402669055119593472,negative,0.040866091136366946
1402669055467831297,positive,0.9024686363835621
1402669056369565696,negative,0.057970299165091416
1402669057103519748,neutral,0.53302326118963
1402669059318112259,negative,0.02540365867735426
1402669059888529408,negative,2.1452841639840793e-07
1402669060236713993,negative,2.6546286355936923e-07
1402669060337324033,negative,0.27559690975127804
1402669061985734656,negative,0.17534880913902187
1402669064477085710,negative,0.019384971353053757
1402669065726959617,negative,0.021487912910274597
1402669065815080966,negative,0.20771934817642312
1402669065852919810,negative,0.0023779703914866565
1402669065999720455,negative,0.00033697401138693586
1402669066356199429,negative,0.23833567200952208
1402669066863747075,negative,0.0002574334441738726
1402669067979341832,negative,0.043362825358225054
1402669070789615617,negative,0.18632053857511577
1402669071729102850,negative,6.0246006261078535e-05
1402669073096454145,negative,4.346446888096395e-12
1402669073540997120,negative,0.046754285250661866
1402669074811953152,positive,0.9255481950387161
1402669076988706832,negative,0.27559690975127804
1402669079677308932,negative,0.0057451092237262484
1402669080331665413,negative,0.0027866758269523015
1402669081694814217,negative,4.957820863903476e-06
1402669083670241281,negative,8.366620891727968e-12
1402669084395905026,negative,0.0042348016668595865
1402669084748259333,negative,0.18796574318776013
1402669086954471427,positive,0.9861518427785475
1402669093086453761,negative,0.21433552074450707
1402669094218907652,negative,0.004199498389297967
1402669094650978311,positive,0.9861518427785475
1402669095217139713,neutral,0.40909563371415475
1402669097297629189,neutral,0.49789225920557484
1402669098186727425,positive,0.8222255158431281
1402669099352834048,negative,0.1550815349476316
1402669141056573440,negative,0.10383094927073291
1402669150003212288,negative,0.0024969851727082754
1402669150707798025,negative,0.04492863967087812
1402669151202811907,negative,4.027969732478115e-06
1402669151630544898,negative,2.6546286355936923e-07
1402669152180002820,negative,0.29600894280344103
1402669152628793348,negative,0.009464650430419322
1402669152876249088,negative,0.043362825358225054
1402669156022034436,negative,6.932390577271214e-06
1402669158228283395,negative,6.932390577271214e-06
1402669159264235528,negative,0.00474616612350203
1402669161034158083,negative,0.00048465251863723133
1402669165853433865,negative,0.059145720060052275
1402669167610929152,negative,0.0018538497906761572
1402669167975747590,negative,0.003001059786141732
1402669169787682816,negative,1.6422495503863826e-06
1402669170441867264,negative,0.07703558737100268
1402669171352211457,negative,0.009141547904391265
1402669171507400709,negative,2.0015403404131687e-06
1402669172895670276,negative,0.07143891713930142
1402669173122252807,negative,0.00014980108987003388
1402669176687403012,negative,0.0036963589127610784
1402669176968318986,negative,3.610082209216785e-05
1402669177517883401,neutral,0.37531269992264765
1402669178310565894,negative,0.0006555569745084346
1402669178398597129,neutral,0.5246509941142485
1402669180055339010,positive,0.9165591829802163
1402669181317828612,negative,0.10283248069732932
1402669181368213509,negative,1.4155767989618051e-08
1402669181611298817,negative,0.07724514202951188
1402669183364734976,neutral,0.5301025468569445
1402669185793155079,negative,0.010035527000572126
1402669185818316805,neutral,0.40909563371415475
1402669193611427847,negative,0.0002644810181224203
1402669195448442884,negative,0.0003422522876304134
1402669201949614082,negative,0.02048006926545037
1402669202444541959,negative,0.006683188805047508
1402669203686137862,negative,0.06826407186997632
1402669204956983297,negative,0.09357388814739642
1402669205409964046,negative,0.06826407186997632
1402669208194912257,negative,1.3905906143178323e-07
1402669208958345216,negative,1.715181741330721e-09
1402669209633624069,negative,0.27559690975127804
1402669210204098566,negative,0.004863042392690358
1402669210275401731,positive,0.9315311369991527
1402669213886693387,negative,0.013783535138729394
1402669215748874241,negative,0.18760693662253133
1402669215765696529,negative,0.26655113799101676
1402669218647183367,negative,2.6546286355936923e-07
1402669219351834632,negative,0.0003422522876304134
1402669221683908612,negative,8.456337271257443e-08
1402669222568902659,neutral,0.47001235788178286
1402669227870466057,negative,6.0246006261078535e-05
1402669228239556609,negative,7.209845043061819e-08
1402669229032284160,negative,5.1547418745393374e-08
1402669231276269570,neutral,0.5030332264438171
1402669235143335943,negative,0.0015853597686614213
1402669235755704332,negative,8.401483558357832e-07
1402669236959461377,negative,0.0003284853608542792
1402669241409605633,positive,0.7355093453736364
1402669242357620739,negative,0.32709770686772627
1402669243318128641,negative,6.0246006261078535e-05
1402669243670450181,negative,0.00022409594210167624
1402669244848947202,negative,0.2812124665127172
1402669246056960013,negative,0.09277024163898029
1402669247378165763,neutral,0.38964458701193794
1402669247973703680,negative,7.3805661803400836e-06
1402669253950590981,positive,0.954267856653197
1402669254797897729,negative,3.248612741174303e-05
1402669254932115462,negative,0.00013613330085707534
1402669255146016785,negative,0.00030435939850597494
1402669256593100801,neutral,0.3358218310945649
1402669257662599168,negative,0.07703558737100268
1402669258484682763,negative,0.10645826680638953
1402669259076030464,negative,9.210698245355146e-05
1402669259940110340,negative,0.012599477635645884
1402669260804083712,negative,0.0024969851727082754
1402669261001310211,positive,0.9443721705990471
1402669261139623947,negative,8.104070331289165e-11
1402669261202526213,negative,5.0243950431496524e-08
1402669261517201408,negative,0.0018585174898644117
1402669262393729028,negative,0.001174574459773395
1402669262863482884,positive,0.9402240410283969
1402669263211663361,negative,0.0036665593073889526
1402669263983366145,positive,0.9233088092352407
1402669264344125446,negative,0.26655113799101676
1402669264549691393,negative,5.1547418745393374e-08
1402669264851570693,negative,0.000809648511071523
1402669266860756992,negative,0.0008381904994992651
1402669267674439680,negative,0.1953367934872811
1402669267762520066,negative,0.2631450023934459
1402669268983070728,negative,0.0040549394014434866
1402669269456932871,negative,1.7155590991088482e-05
1402669271910604804,negative,0.012237119139658652
1402669272363581440,negative,0.20771934817642312
1402669272879534080,neutral,0.35509496682161057
1402669273647128582,negative,7.576560599118204e-06
1402669274263654403,negative,0.2022116893880138
1402669276570468353,negative,0.001110058851413393
1402669277312958469,negative,0.03259377506001295
1402669283298189314,negative,0.0022788171300495434
1402669284325826562,neutral,0.4350487427809355
1402669292081012738,negative,0.08352982280544467
1402669292643041281,negative,0.10470891443198739
1402669295792967685,negative,6.035442335487316e-14
1402669303044972546,negative,0.046457522448170675
1402669303695040514,negative,0.0006090472213568577
1402669305431425028,negative,2.2855362088430917e-12
1402669312402460675,positive,0.9233088092352407
1402669314268962817,negative,0.04969991121528445
1402669315111800832,neutral,0.4929477159457494
1402669315749523460,negative,0.1886371759622169
1402669315875352578,negative,0.06255523664204865
1402669316001218567,negative,2.2018211600510983e-05
1402669317355761665,negative,0.006308239645797629
1402669317355937792,negative,0.0383056665200354
1402669317406085122,negative,0.006308239645797629
1402669317418717189,negative,8.551886637231449e-07
1402669317540302849,negative,0.030188664519929253
1402669317892812821,negative,0.0004108780365218857
1402669318601596933,positive,0.9928631486414304
1402669319503425536,positive,0.9886028207675764
1402669319562088449,negative,0.008400194593160024
1402669323605401610,positive,0.9233088092352407
1402669324079357957,negative,1.9196757318689204e-12
1402669324830232580,negative,1.86535368745038e-05
1402669325140496390,negative,0.10946653902923006
1402669325673189379,negative,0.04551971774071113
1402669326537273344,negative,2.3888401354843045e-06
1402669328319893509,negative,0.021782688069173304
1402669329339105283,negative,0.0005745529837826374
1402669329536241673,negative,0.26655113799101676
1402669329687138311,negative,2.0423559996995905e-05
1402669329880162311,negative,0.051671370731884096
1402669330081497094,negative,0.06591906556711648
1402669330580529159,negative,1.4726991291822273e-15
1402669330718986252,negative,0.004461868754157973
1402669333277548547,negative,0.06255523664204865
1402669333453680645,negative,0.0012262361213271383
1402669334003126272,neutral,0.40909563371415475
1402669335538176010,negative,0.0024969851727082754
1402669337727676417,negative,0.25713377043441715
1402669338751127565,negative,0.008491144329752773
1402669340772777991,negative,0.03645638597004736
1402669341452255232,negative,0.05728953115389328
1402669341729079302,negative,0.29600894280344103
1402669343977189379,neutral,0.3403391890910929
1402669347710111745,neutral,0.40909563371415475
1402669350621003780,negative,0.010035527000572126
1402669352185434119,negative,0.0023991867852308506
1402669353183727618,negative,1.4577938735641563e-08
1402669355754786820,negative,0.2022116893880138
1402669358124617736,neutral,0.40909563371415475
1402669360850903040,negative,2.1009803857411633e-06
1402669361224110084,neutral,0.38964458701193794
1402669363312873473,negative,0.29841165505812506
1402669365615529998,negative,0.06543759795870827
1402669368073404416,negative,0.0029221015414128814
1402669368236982280,negative,0.12218116507000928
1402669369134665728,negative,0.19311067094070053
1402669371558858769,negative,0.0014044760988878914
1402669373261856772,negative,0.10794391359306882
1402669373387595795,negative,0.2517679918579502
1402669375119888385,negative,0.005276084720574445
1402669379393839105,negative,0.005753592887932454
1402669380052393985,negative,0.009380672939333694
1402669380761272322,negative,0.0003422522876304134
1402669381969137676,negative,9.271027285792606e-07
1402669382287900679,negative,4.765217560708231e-06
1402669384322125831,negative,0.009016357157153848
1402669386931048456,negative,0.13172146679766433
1402669386981330944,negative,6.932390577271214e-06
1402669388243812357,neutral,0.3334813713994933
1402669390106185729,negative,0.27559690975127804
1402669390533906433,negative,0.2693233510950675
1402669392018743300,negative,0.14933878450218976
1402669392836628489,negative,0.0013272714016345545
1402669396477218816,negative,0.00474616612350203
1402669396489822210,negative,1.2027556546484574e-11
1402669402416427008,neutral,0.40909563371415475
1402669407021699077,negative,0.1886371759622169
1402669408473038850,neutral,0.40909563371415475
1402669409190154248,negative,0.0001298705217298816
1402669409592918021,negative,1.503779910970365e-09
1402669411442610177,neutral,0.3358218310945649
1402669411455188996,negative,1.2840695777364948e-05
1402669412264681474,negative,0.039664456036622255
1402669414642769922,negative,2.6546286355936923e-07
1402669415053893641,negative,0.02540365867735426
1402669416387645443,negative,0.0024804377602323812
1402669417574580224,positive,0.8800743147118498
1402669417587224578,negative,0.003991451006001597
1402669421487874052,negative,2.6546286355936923e-07
1402669423052345355,negative,0.09754366154243925
1402669423895494663,negative,1.0213292904720652e-05
1402669424830828553,negative,0.0024969851727082754
1402669425279578116,negative,2.6546286355936923e-07
1402669425350877185,neutral,0.40909563371415475
1402669425443151877,negative,0.001772171518333342
1402669426273570830,positive,0.9024686363835621
1402669427213144066,negative,0.0010915563332684114
1402669427645091842,negative,0.0024969851727082754
1402669428261670917,negative,0.251636347488656
1402669430543466502,negative,1.0010955193348679e-09
1402669432208494607,negative,0.25713377043441715
1402669434083422214,negative,0.06255523664204865
1402669435060736003,negative,0.0002644810181224203
1402669436356673546,neutral,0.40909563371415475
1402669438403551235,neutral,0.40909563371415475
1402669439145840640,negative,0.31773449547485044
1402669441511477249,negative,0.0003422522876304134
1402669442052628482,negative,0.003372130576119352
1402669442153299968,negative,0.0008355360212894101
1402669442451087369,negative,0.004823030115077858
1402669443675742208,neutral,0.46127768308170247
1402669444984283138,negative,1.0439296231002074e-07
1402669445340925953,negative,2.1009803857411633e-06
1402669448507670529,negative,0.010035527000572126
1402669449694662657,negative,1.1464571119747427e-05
1402669449929531394,negative,0.07503061985945292
1402669450478895111,negative,0.00015415991936589105
1402669454899793930,negative,0.2022116893880138
1402669455428263936,negative,0.11794983638474398
1402669455591809028,negative,0.0002520170332861014
1402669455612784647,negative,0.23972773971202263
1402669456350924806,negative,0.0036963589127610784
1402669457240170498,neutral,0.40909563371415475
1402669457831518214,negative,7.582414006135376e-06
1402669458171174914,negative,0.20376488541642857
1402669460318789634,negative,8.482566004817207e-05
1402669461635624962,negative,0.09514744779015938
1402669462738853892,negative,2.4315716461200034e-06
1402669462780891139,negative,0.15253718841285904
1402669463871397890,negative,0.016304915397632708
1402669464949342209,negative,0.07503061985945292
1402669465070936065,negative,0.06826407186997632
1402669469147840514,negative,0.06737114425103735
1402669470154473474,negative,0.18796574318776013
1402669474222940169,negative,0.010116185265619106
1402669474470404100,negative,0.0020225346917442546
1402669475338539019,negative,1.95007247487636e-12
1402669475980271616,negative,0.19269869232316536
1402669478991863810,negative,0.046252364786125336
1402669481600634880,negative,4.1623136556105085e-05
1402669481797763077,negative,0.2812124665127172
1402669483496456200,negative,0.02540365867735426
1402669485379706884,negative,0.08352982280544467
1402669486080155656,positive,0.7355093453736364
1402669487405608961,negative,0.046754285250661866
1402669488445739015,neutral,0.49789225920557484
1402669489162960903,neutral,0.38964458701193794
1402669489930575873,negative,0.033895315208904764
1402669490064793603,positive,0.7327756902761721
1402669491591409665,negative,0.001110058851413393
1402669493701287936,negative,0.0003422522876304134
1402669495592931331,negative,2.6546286355936923e-07
1402669496364670984,negative,1.7155590991088482e-05
1402669497077665792,negative,0.0009997118151796216
1402669497174142978,negative,0.08245432309369352
1402669498830893065,negative,0.11357477024235652
1402669500626055172,negative,0.0008094817774877284
1402669500949057537,neutral,0.539526285423146
1402669502509297680,negative,2.29481535902602e-11
1402669503054503937,negative,0.06940918646313593
1402669504618975235,negative,1.715181741330721e-09
1402669504866488325,negative,0.2913747887134688
1402669506489638912,positive,0.9024686363835621
1402669506930020353,negative,0.0597079115965029
1402669508251291651,negative,0.06255523664204865
1402669511489294341,negative,2.0628648684366907e-09
1402669511900286976,negative,0.03607183134174269
1402669512621764621,negative,0.05933202814165601
1402669512814641156,negative,2.4188803034917872e-05
1402669514286850055,negative,3.962641416004341e-05
1402669515180281858,negative,3.71010838445761e-05
1402669520360181761,negative,0.008025297315768258
1402669520490319873,negative,0.11794983638474398
1402669521073278976,negative,0.008382609143263508
1402669521207500807,negative,0.055235952031802725
1402669529294061570,negative,0.11794983638474398
1402669530170761216,negative,4.916999137161278e-06
1402669532104335361,negative,3.7400655411157234e-10
1402669532750266383,positive,0.9024686363835621
1402669539431751689,negative,0.046754285250661866
1402669541742755848,neutral,0.5246509941142485
1402669544141897730,negative,1.8637106470321974e-05
1402669544909553664,positive,0.999907930963416
1402669545475686400,negative,0.30293361747390907
1402669546440380424,negative,0.006083656991678531
1402669546708869122,negative,0.00017663298819309978
1402669550483787789,negative,0.024491270818801203
1402669552127913985,negative,4.037701256049769e-06
1402669553641984002,negative,7.901228358052136e-06
1402669554665406470,neutral,0.49789225920557484
1402669555210719233,negative,2.6546286355936923e-07
1402669557240799236,negative,0.001110058851413393
1402669559639838722,negative,0.003045377097346873
1402669560550002691,negative,0.024556844101852188
1402669561292410883,negative,0.008025792379028892
1402669561317560322,negative,0.0004108780365218857
1402669562248708096,negative,0.007140108472831513
1402669562328453121,negative,0.001772171518333342
1402669563309875201,negative,0.21390180868057299
1402669565360869386,negative,0.0004108780365218857
1402669567000854536,negative,0.3101006998855443
1402669570356355080,neutral,0.48263704817532305
1402669574210744321,negative,0.0025793997671609194
1402669574307422216,negative,1.7155590991088482e-05
1402669575167168521,negative,2.6546286355936923e-07
1402669576182247429,negative,0.0003422522876304134
1402669577193021440,negative,0.21957679215292267
1402669611464679436,negative,0.0027866758269523015
1402669614551683072,negative,0.055235952031802725
1402669614639849473,negative,0.039561926981852936
1402669614711066625,negative,0.21433552074450707
1402669615445073923,negative,5.156443749027667e-06
1402669616414003205,negative,0.0030297368454360336
1402669619010232326,negative,0.23415354994820928
1402669619828101121,negative,7.914191406588972e-11
1402669620310556678,negative,0.009124800941086917
1402669620717256706,neutral,0.5495922250151081
1402669621451190272,neutral,0.3334813713994933
1402669623363915784,negative,6.932390577271214e-06
1402669623632355328,negative,0.0003422522876304134
1402669625108742153,negative,0.05879378152707485
1402669629366013953,negative,2.6546286355936923e-07
1402669633526710273,negative,3.981688463581238e-11
1402669634613088263,negative,0.001669725925004243
1402669635128991754,negative,0.2022116893880138
1402669635565244423,negative,5.986718380272065e-06
1402669636668346370,negative,0.0002644810181224203
1402669638111182849,negative,0.0004439669371854744
1402669639482621956,positive,0.9149694491880217
1402669641676304391,negative,0.003991451006001597
1402669641986629635,negative,0.10470891443198739
1402669646478819338,negative,0.2013240848353585
1402669647594467335,negative,0.04655136317756937
1402669651834851332,neutral,0.6056828765674809
1402669652875034627,negative,0.009357144057792446
1402669653256818698,positive,0.8418384151799024
1402669653915279362,negative,3.6444934531672796e-05
1402669655811100673,positive,0.8537313931191065
1402669655941160965,negative,0.0005853562425085735
1402669656285057027,neutral,0.3668007632812457
1402669657312710660,negative,0.000875766500992276
1402669657979506690,negative,0.0018442231166018643
1402669658956828676,neutral,0.40909563371415475
1402669661196537857,negative,0.0005036496265730214
1402669661460774914,negative,0.035300904113082655
1402669663625035779,negative,0.003342343876186376
1402669664988274691,negative,0.03500127724217177
1402669667206971395,negative,0.008025297315768258
1402669668435963905,negative,0.13961521813907818
1402669669606174721,neutral,0.5454294334440499
1402669669698441216,negative,0.0007087559781889525
1402669670176526340,negative,0.00193835374054391
1402669670268903431,negative,0.32709770686772627
1402669672739356673,negative,1.715181741330721e-09
1402669673242664961,negative,0.0009466437795502501
1402669674266075136,negative,0.15367372060622295
1402669674718973961,negative,1.442883303330466e-08
1402669680528171012,neutral,0.45865158599960215
1402669681241174019,neutral,0.5381574318915395
1402669681354366983,negative,4.762704957564068e-05
1402669681362755586,positive,0.9023826401346668
1402669683757797380,negative,0.24080707887618538
1402669684755996674,negative,8.482566004817207e-05
1402669689143185418,neutral,0.4808814619684138
1402669690498002950,negative,0.009080603090381827
1402669690695077892,negative,0.008614614036872548
1402669691659816963,negative,0.29841165505812506
1402669692259602435,negative,0.008025792379028892
1402669696101535748,neutral,0.5666585754246168
1402669697154392069,negative,0.001526462439511399
1402669699566088201,negative,0.054807688936384186
1402669700904099845,neutral,0.36612607149702464
1402669701759651842,negative,0.09085838354094262
1402669703655530497,negative,0.11794983638474398
1402669703852609542,negative,0.013484769062158463
1402669704649527298,negative,0.10614942745763646
1402669704976736257,neutral,0.4603140844572616
1402669705429725186,negative,0.25713377043441715
1402669705912008709,negative,0.0009412113265702611
1402669707757592577,negative,5.507824763577313e-05
1402669707799433220,negative,0.00016236186553588035
1402669708030119936,negative,2.1009803857411633e-06
1402669708059590658,negative,1.2232994598524918e-09
1402669710144049156,neutral,0.3668007632812457
1402669712711036936,negative,0.0003053775176043235
1402669712992051205,neutral,0.36612607149702464
1402669714233597953,negative,5.1547418745393374e-08
1402669715110105089,neutral,0.3501048861959142
1402669715584077827,negative,0.0024969851727082754
1402669715705712647,neutral,0.40909563371415475
1402669716221661186,negative,4.414640417856146e-07
1402669716653719554,negative,0.044228929123543176
1402669720063651842,negative,0.3059426609403308
1402669720193667074,negative,0.17897627640461902
1402669722097930243,negative,3.149852752629883e-05
1402669722366361601,negative,0.00012684371398733173
1402669724610220034,negative,0.00030071570241341434
1402669726669709321,negative,4.3797385843900065e-05
1402669727298854917,neutral,0.4981078102642837
1402669728880115712,negative,0.13858569004193308
1402669728926216194,negative,1.7408849038315906e-06
1402669729291059202,positive,0.8800743147118498
1402669732306862087,negative,0.013606392941464913
1402669733607096320,negative,0.008025792379028892
1402669785700257795,negative,0.19311067094070053
1402669785855545350,negative,0.0024969851727082754
1402669786056777730,negative,2.974821271422547e-06
1402669786266537986,negative,0.06085789804853742
1402669787193483274,negative,0.0021027833620801033
1402669787394809860,negative,0.013789837329791511
1402669789806485515,negative,1.8073623549712762e-06
1402669791824035847,negative,8.482566004817207e-05
1402669792583168004,negative,0.2812124665127172
1402669793539497984,neutral,0.33968790282220235
1402669793690505221,negative,0.13265359421390388
1402669797792493569,positive,0.8410723772716554
1402669797884710914,negative,0.005581736969835836
1402669798044151819,negative,0.218486402420383
1402669799294095367,negative,0.08311110279259547
1402669801877741571,negative,0.001772171518333342
1402669802158792705,negative,0.046457522448170675
1402669803085651969,negative,0.27101224154838993
1402669804222287876,negative,0.056158944146627816
1402669806999027716,negative,2.6546286355936923e-07
1402669807913349123,neutral,0.40909563371415475
1402669807934267392,negative,0.11794983638474398
1402669809947582464,negative,8.482566004817207e-05
1402669810585116675,negative,0.025160553402822198
1402669813114277891,negative,0.2022116893880138
1402669818491420672,negative,0.25713377043441715
1402669820185808901,positive,0.9024686363835621
1402669820772896778,positive,0.8530837095237666
1402669821829976074,negative,0.07503061985945292
1402669822111006726,negative,0.13858569004193308
1402669825323945984,neutral,0.3777318861104518
1402669825999224833,negative,2.3888401354843045e-06
1402669827110617088,negative,0.27559690975127804
1402669828465364997,negative,0.048834605477186876
1402669829283364864,negative,0.033118783305421305
1402669830344482822,neutral,0.38964458701193794
1402669830520643594,negative,0.1295622923919365
1402669831917297676,negative,0.09573420642492488
1402669833347645442,negative,0.0018836953489697339
1402669835239276546,negative,5.136554519918927e-12
1402669837302837260,negative,0.22946348594270183
1402669839198605319,negative,0.007356294711303338
1402669841006448641,neutral,0.3370943378360096
1402669844747653134,negative,0.011488307187773262
1402669846119301129,negative,1.9716159800526001e-10
1402669846287036423,negative,0.12218116507000928
1402669847067176967,negative,0.09063579499909426
1402669847734071300,negative,0.027101991572681526
1402669848396656643,negative,0.2812124665127172
1402669854038147075,negative,0.0007039695311284522
1402669854944006150,negative,0.0355237877784785
1402669856642773004,negative,5.639824457585996e-08
1402669857699676160,negative,0.002116256060403831
1402669859348135939,negative,0.017501067921896818
1402669861487140864,negative,0.2751164910289033
1402669863823360002,negative,0.00025654503259100493
1402669865996111875,negative,0.0012368602377834195
1402669867153645572,negative,0.0010556095594000166
1402669867858370560,negative,0.0008074754604902396
1402669868353146883,negative,4.590566879442623e-06
1402669869758390274,negative,0.3133879430861096
1402669871050207237,negative,0.0014993420299187733
1402669871448608771,negative,0.0002644810181224203
1402669874103697414,negative,3.0840862577144272e-06
1402669874116235265,positive,0.9024686363835621
1402669876649639950,negative,9.951035339937332e-05
1402669876838285313,negative,0.08308470536041589
1402669877056446470,negative,0.21658567529761055
1402669877123596288,negative,0.02157821957127514
1402669877916180482,negative,0.11357477024235652
1402669878335639555,negative,0.06255523664204865
1402669878952218629,neutral,0.40909563371415475
1402669878977441796,negative,0.14528079422113108
1402669879484989440,negative,0.0007642577181173915
1402669879874961413,negative,0.10470891443198739
1402669884245524480,negative,2.2561143608383228e-06
1402669884476121094,negative,0.0003422522876304134
1402669885298249731,negative,0.08498018151804523
1402669885927403523,neutral,0.3358218310945649
1402669892424327168,negative,9.053550068685707e-05
1402669894047518723,negative,9.290609379547144e-05
1402669894898946056,negative,0.010035527000572126
1402669895536553987,negative,1.715181741330721e-09
1402669895742103555,negative,0.10436343156799409
1402669895784054790,negative,0.06826407186997632
1402669896023093254,negative,0.0002716043733138824
1402669896757096448,negative,0.010974785859734404
1402669898556444675,negative,9.729163360073235e-06
1402669898703179776,negative,0.06255523664204865
1402669901161115649,negative,0.004731441553468766
1402669902599790594,negative,6.917656506405873e-06
1402669904696860674,negative,6.932390577271214e-06
1402669904747241480,neutral,0.40909563371415475
1402669906299076615,negative,0.00011728247910880175
1402669910044680197,negative,1.7155590991088482e-05
1402669911625900034,negative,0.03119106136200889
1402669912468987915,negative,0.019384971353053757
1402669912896806917,negative,0.00014135499551692272
1402669913400086532,negative,0.0008290913220941627
1402669914536742918,negative,0.06255523664204865
1402669915631403010,negative,0.10470891443198739
1402669915820236800,negative,0.19224535176805121
1402669916151504901,negative,0.02896255979530381
1402669916562542603,negative,2.5453951000440676e-06
1402669920018632714,negative,0.0015661972801984656
1402669920815661063,neutral,0.4598650020881221
1402669944664465412,negative,0.08579703226006438
1402669945645932544,negative,0.00016236186553588035
1402669947113910276,negative,0.0024969851727082754
1402669947902386178,positive,0.7355093453736364
1402669948057665540,negative,4.5719098564447665e-09
1402669948774797314,negative,1.4994657204543906e-06
1402669949479493633,negative,0.0028132996942960356
1402669952071618571,negative,1.4125573601104106e-05
1402669952574935042,positive,0.9514172790177682
1402669954051231746,neutral,0.6527647069445395
1402669958585274371,negative,1.3697148295622047e-08
1402669959122145283,negative,0.303890566925993
1402669959214473220,negative,0.27559690975127804
1402669959596199941,negative,0.15253718841285904
1402669962657992708,neutral,0.42731488696630027
1402669964016996355,negative,2.1009803857411633e-06
1402669965153501185,neutral,0.5495922250151081
1402669965380132864,negative,2.124772682693739e-06
1402669965598146560,negative,0.0018341879189749885
1402669966307045383,negative,0.11794983638474398
1402669970866290693,negative,0.0003976345321862303
1402669971692474369,positive,0.7640059056964673
1402669974595031042,negative,0.021703444617400043
1402669974930563076,negative,8.482566004817207e-05
1402669975110836226,negative,0.08454449109253073
1402669978957058050,negative,0.0018836953489697339
1402669979149942784,negative,0.11469831723697341
1402669979208667139,negative,6.300836138281322e-07
1402669980009783304,negative,0.0049573332060130594
1402669984590008325,neutral,0.5768669572742603
1402669984820695041,negative,1.5529947826644165e-11
1402669986699780100,negative,0.02048006926545037
1402669986708176898,negative,5.1547418745393374e-08
1402669987727282180,negative,6.932390577271214e-06
1402669988520079360,neutral,0.4929477159457494
1402669989082054663,negative,0.05464525167002211
1402669989639995395,positive,0.7355093453736364
1402669993171501060,negative,2.6546286355936923e-07
1402669994928922631,negative,0.23152052082533808
1402669995151134727,negative,0.0012348704474521718
1402669995243544584,neutral,0.5495922250151081
1402669997109907457,negative,2.6546286355936923e-07
1402669997302988803,negative,0.1836672226687598
1402669999609847813,negative,0.17871760442103593
1402670000343822337,negative,0.2705846142506499
1402670000863858692,positive,0.9590860069322404
1402670000964579332,negative,6.792622569651084e-08
1402670004080873474,negative,1.8108255623374292e-06
1402670006832406541,negative,0.0006483406437317
1402670006866001923,negative,0.06990975188839381
1402670007478276107,negative,0.03645638597004736
1402670007906193408,neutral,0.3726847435457324
1402670009458081794,negative,0.07726491259013225
1402670009608966146,neutral,0.40909563371415475
1402670010632491013,negative,0.003991451006001597
1402670012939259907,negative,1.2100554609281153e-05
1402670013090349063,negative,0.32709770686772627
1402670014789042176,negative,0.010222795718634633
1402670014805823495,negative,0.1889731943884357
1402670015434919939,negative,0.11794983638474398
1402670017028763654,negative,0.20854580457823413
1402670018450632706,negative,5.332549863135982e-06
1402670019188776965,negative,0.1185098622764899
1402670019704770561,negative,0.01301280538663274
1402670021013381121,positive,0.9590860069322404
1402670022275833856,negative,2.3915691215925084e-05
1402670023840251909,neutral,0.4136622055349665
1402670024356208641,negative,0.15496636525598662
1402670028957310978,negative,0.0345679522218315
1402670029108359169,negative,0.25662546476788567
1402670032824451076,negative,0.02251053665346914
1402670034770710534,negative,0.023373202888897014
1402670035508813831,negative,3.827340060967864e-18
1402670036616159234,negative,0.07205401488253917
1402670039560593424,negative,2.1433887389533687e-06
1402670040760074245,negative,0.09063579499909426
1402670041749987328,negative,0.0002644810181224203
1402670042957991937,negative,0.08837839741600116
1402670045478674433,negative,0.11486722833372838
1402670046489554946,negative,0.004917393205780014
1402670047647174664,negative,0.27559690975127804
1402670047986860038,positive,0.9255481950387161
1402670054534270982,negative,0.020453482148910532
1402670056010567684,negative,0.0006443799368270282
1402670058191609856,negative,0.0024969851727082754
1402670059261210626,negative,0.0002457292985424539
1402670059336654852,negative,0.015456394171458542
1402670059919716354,negative,2.0567740124354842e-10
1402670061224091659,positive,0.6774835005455723
1402670063342211077,negative,0.07296212253600601
1402670064395034627,negative,0.0024969851727082754
1402670070292271119,negative,2.1009803857411633e-06
1402670071693164550,negative,0.011488307187773262
1402670071705751555,negative,0.005400682961972287
1402670071789522954,positive,0.9999924492002497
1402670072204828675,negative,4.741470845526375e-06
1402670072431214599,negative,0.00024245960105235496
1402670074327150604,negative,0.1560775120036725
1402670075136651265,negative,0.1325906566470842
1402670075241402372,neutral,0.4087058124031195
1402670075879079936,negative,5.825535322382887e-05
1402670076684288001,negative,2.1990537556511856e-09
1402670076751405059,negative,0.00526852083482683
1402670077435072512,neutral,0.4564578472590881
1402670079490379777,negative,0.18540834952691043
1402670080094257161,negative,0.1886371759622169
1402670080547332104,negative,0.055235952031802725
1402670082275303425,negative,0.0004766108194410739
1402670083709804548,negative,0.02048006926545037
1402670085047832591,negative,0.11570152104932008
1402670085085581318,negative,0.002401771585169262
1402670086293319682,negative,0.099981729479395
1402670087874678786,negative,0.03702118417703629
1402670091272134659,negative,0.3118912076871045
1402670092308127745,negative,0.0011602199016614145
1402670092563927044,positive,0.9813963683812275
1402670093545398276,negative,8.643653286902341e-05
1402670093574848524,negative,0.0028477124498894504
1402670093922975744,negative,0.0014993420299187733
1402670094900158464,negative,0.21390180868057299
1402670094996680704,negative,6.0246006261078535e-05
1402670096561094663,negative,0.10512143524389585
1402670096955412483,negative,0.003991451006001597
1402670097995554817,negative,0.07485958742285066
1402670099342016513,neutral,0.41170807534021353
1402670099388063752,negative,0.06085789804853742
1402670101703372801,negative,0.0018582142026466444
1402670104572313601,negative,0.1615977477295286
1402670108011601925,negative,0.00012948049459435976
1402670108938489862,negative,0.0004439669371854744
1402670109529882637,neutral,0.42902304041204736
1402670110205153281,negative,0.0013098233191360998
1402670110469459976,negative,0.055235952031802725
1402670111333433345,negative,0.07707403770577731
1402670112226918409,negative,1.4893028066860053e-06
1402670114022080517,negative,0.18715311207137042
1402670114806304774,negative,0.047155943224440035
1402670115104100357,negative,0.00016469062843878744
1402670115301249030,negative,0.0003422522876304134
1402670115779399686,negative,0.12045106676459583
1402670115951423488,positive,0.954267856653197
1402670116135968768,negative,0.2594632594324211
1402670116312129546,negative,0.006960472926429422
1402670118522568705,positive,0.9548932111348519
1402670119915036681,positive,0.7355093453736364
1402670122767204355,negative,0.0014186680162002283
1402670122804916228,negative,0.0001261032887809087
1402670123991830528,negative,0.10470891443198739
1402670124503609345,negative,3.909898735484418e-06
1402670124897902598,negative,0.11794983638474398
1402670125325639688,negative,0.06591906556711648
1402670125405327367,negative,0.00045351570243642384
1402670127024328708,negative,0.0003422522876304134
1402670129285042184,negative,1.9716159800526001e-10
1402670129687707652,negative,0.0008994503340698275
1402670132766314499,neutral,0.4737554465528978
1402670135027154944,negative,0.0003422522876304134
1402670137946390529,negative,0.05090432911346711
1402670138789404679,negative,0.06591906556711648
1402670138881626115,neutral,0.631382490764391
1402670144976048131,negative,0.10286991504670501
1402670146590842884,negative,0.06637777044327303
1402670147060613121,neutral,0.37034140374472035
1402670151917608965,negative,0.06085789804853742
1402670152164986884,negative,0.10675917055361916
1402670152370593792,negative,0.0003422522876304134
1402670153578520580,negative,0.0007794963890930077
1402670156560601090,negative,0.19311067094070053
1402670161061105665,negative,0.001706217784247112
1402670161283497990,negative,5.229820252012063e-06
1402670162709467140,negative,0.0015165749094641656
1402670163086954499,negative,0.07864763695922442
1402670163326083073,negative,7.988420535501679e-06
1402670165616205833,negative,0.07166679612877076
1402670167688155141,negative,0.021789018552970222
1402670168262725633,negative,0.0003422522876304134
1402670168719900682,neutral,0.5495922250151081
1402670168866709504,negative,0.000594306868345464
1402670169688887298,negative,0.043362825358225054
1402670170544431107,negative,0.0025848244814347687
1402670170640879631,negative,0.0006239382463037227
1402670171005898757,negative,1.7155590991088482e-05
1402670171278516232,negative,0.0008262189443620746
1402670171643318273,negative,1.9348928097107463e-07
1402670173170044941,negative,0.014356967336812859
1402670173711220736,negative,0.11358799966916694
1402670174969511943,negative,0.00045351570243642384
1402670178429812740,negative,3.138436474727566e-06
1402670178916253698,positive,0.7355093453736364
1402670179151142915,negative,0.004823030115077858
1402670179453112322,negative,0.0003422522876304134
1402670179688095745,negative,0.21957679215292267
1402670181357342722,negative,0.00010061416088678741
1402670181470572549,negative,0.0025848244814347687
1402670182925996032,negative,4.875283281859635e-07
1402670184742199306,negative,2.0423559996995905e-05
1402670188844171264,negative,0.0031931289218091238
1402670189687328768,negative,6.0246006261078535e-05
1402670190404456461,negative,0.09817661975693076
1402670195823583238,negative,6.318248106802229e-07
1402670196662353926,negative,0.0003595769584228472
1402670197933215746,negative,0.0010316007049161616
1402670198566670336,neutral,0.3358218310945649
1402670199430598659,negative,0.0004061628111413775
1402670200328122377,negative,0.13265359421390388
1402670201154453512,negative,0.0019093234420178048
1402670203968839689,negative,0.01514625061499168
1402670204438593541,negative,0.1271979109465053
1402670204702933000,negative,6.028162545381214e-10
1402670204736479243,negative,0.00045351570243642384
1402670204879085572,negative,0.0007197847378646633
1402670205340426243,negative,6.834203855758919e-08
1402670206623830017,negative,0.32871349296393254
1402670207345254404,negative,2.544412854064499e-05
1402670208310026250,negative,0.1765349760797645
1402670210650357764,negative,0.0015332258069472554
1402670211736735748,positive,0.9938595340193693
1402670227981221889,negative,0.07960991979591593
1402670228195119108,negative,6.0246006261078535e-05
1402670230955036680,negative,0.0003422522876304134
1402670231051554816,negative,0.02769001274890088
1402670232473382924,neutral,0.3358218310945649
1402670237938552837,negative,0.015995491981497575
1402670238802530311,neutral,0.42731488696630027
1402670239771508738,negative,0.008491144329752773
1402670241130455040,negative,2.6546286355936923e-07
1402670241361149953,negative,1.0124381051855303e-07
1402670242787123203,negative,0.2022116893880138
1402670242808033285,negative,0.0028415314001355193
1402670243982594049,negative,0.1866558935084888
1402670244129353733,positive,0.9276490238357616
1402670245035352064,negative,7.542820073867893e-05
1402670246511747078,negative,0.004709038223140454
1402670246729818112,negative,0.21765975894732212
1402670247648313350,negative,2.6546286355936923e-07
1402670248352944130,negative,4.3705202112191704e-07
1402670249741258753,neutral,0.4100730719172724
1402670250227912704,negative,0.31268358889870496
1402670251259613186,negative,9.290609379547144e-05
1402670251582627841,positive,0.9024686363835621
1402670251695906818,neutral,0.39373622510308137
1402670251729432577,negative,3.936628400963609e-08
1402670253398704129,negative,0.0004064832025168727
1402670254929629184,negative,0.00011674930662433381
1402670255391059968,neutral,0.4598650020881221
1402670258574528520,negative,1.9829758372662797e-07
1402670260210241541,negative,0.0003422522876304134
1402670261502152707,negative,0.00925704671132747
1402670261808373761,negative,0.1295622923919365
1402670264438169604,negative,1.1483881752645826e-11
1402670264572383235,negative,0.01846063406279674
1402670265251864588,negative,1.797585370129201e-05
1402670265327403011,negative,2.6546286355936923e-07
1402670266707333121,negative,1.5674937899534224e-05
1402670267344863245,negative,0.00036994237713647716
1402670269353893897,negative,0.10470891443198739
1402670269622272000,negative,3.1272498803135768e-12
1402670270717038593,negative,0.0028607255495449136
1402670271195234306,neutral,0.40909563371415475
1402670271950168074,negative,0.01794420482124294
1402670272247910410,negative,6.0246006261078535e-05
1402670273250447367,negative,0.056303743526077095
1402670275704111110,negative,0.05703656283224131
1402670276077305860,negative,0.0003422522876304134
1402670277864140812,negative,0.0030554026394162704
1402670278388375557,negative,8.482566004817207e-05
1402670280581988352,negative,0.0025031793874665097
1402670281827696647,negative,0.0008768437815789402
1402670283224489988,negative,0.12218116507000928
1402670285174853633,negative,0.10470891443198739
1402670285954994183,negative,4.303634523293672e-13
1402670287951482885,positive,0.9590860069322404
1402670291306885138,positive,0.8530837095237666
1402670292040830978,negative,0.03702118417703629
1402670292246401038,negative,0.21382884877551095
1402670293454311425,negative,0.001438424269827206
1402670295576678402,negative,7.091115274462314e-07
1402670297401155584,negative,0.3260988657141328
1402670298210738177,negative,0.006960472926429422
1402670298948935683,positive,0.871577736365653
1402670305257181184,neutral,0.3499352441185855
1402670310751604736,positive,0.9988236387250032
1402670312446173192,neutral,0.45865158599960215
1402670313738018819,negative,6.932390577271214e-06
1402670314937585670,negative,4.0353788398213544e-18
1402670316262932482,negative,5.0243950431496524e-08
1402670316820774913,negative,0.0009466437795502501
1402670317798105098,negative,0.049331930181335366
1402670320863961088,negative,0.01166753029680748
1402670327931543555,negative,0.0004435032427772321
1402670328673865728,negative,0.001669725925004243
1402670328757751809,negative,3.2106231531222843e-06
1402670330666233864,negative,3.565076337532465e-06
1402670331446300677,neutral,0.4603140844572616
1402670331702226953,negative,0.004058427501727929
1402670332851462148,negative,0.2812124665127172
1402670332977221633,neutral,0.577913557387514
1402670333065412615,negative,0.0003422522876304134
1402670334315274247,negative,0.18124001854894678
1402670335019847683,negative,1.5954890617847625e-09
1402670335267323907,neutral,0.4297850204964556
1402670336076886025,negative,0.12218116507000928
1402670336206905344,negative,2.1009803857411633e-06
1402670337716797444,negative,8.988107373352291e-09
1402670338081701894,negative,0.23008012669888162
1402670338744459266,negative,0.012269927732643364
1402670338937442308,negative,0.006960472926429422
1402670339197485058,negative,0.04515868719617916
1402670342313754636,negative,0.009857217086238695
1402670342628417548,negative,6.932390577271214e-06
1402670342854918153,negative,0.15164427027986627
1402670344025120769,negative,0.28612831744099093
1402670344243138561,negative,0.10470891443198739
1402670345157595137,negative,0.0024969851727082754
1402670346558377999,negative,0.013353911168015759
1402670346826833925,negative,1.7155590991088482e-05
1402670347531476992,negative,0.23584124971516418
1402670347661594627,neutral,0.5207714203613444
1402670349163106304,neutral,0.5495922250151081
1402670349536346115,positive,0.9999413900038074
1402670350371115017,negative,0.008726450152701954
1402670354682744838,negative,2.378167827226227e-09
1402670355068690436,negative,1.4362582565772448e-06
1402670355198656515,negative,1.1703741000149743e-08
1402670357459447811,negative,0.07177200259335137
1402670357488799754,negative,4.741470845526375e-06
1402670359263027202,negative,1.715181741330721e-09
1402670359304970240,negative,0.25713377043441715
1402670360038981641,negative,0.03119106136200889
1402670361888571392,negative,0.018674056005062504
1402670364405153793,positive,0.9233088092352407
1402670366640726022,negative,0.029705650316604344
1402670368687636488,negative,0.0009244226728244242
1402670427512713216,neutral,0.3358218310945649
1402670431648239624,negative,0.0037107142896331143
1402670431925047302,negative,0.002401771585169262
1402670436438183938,negative,0.0001863662693292706
1402670437058875397,positive,0.7355093453736364
1402670437088350216,negative,0.07485958742285066
1402670438958960645,negative,0.03119106136200889
1402670439390924804,negative,4.741470845526375e-06
1402670440494075906,neutral,0.3358218310945649
1402670441299333124,negative,1.6415989884123396e-07
1402670443048456195,neutral,0.4929477159457494
1402670444415754240,negative,1.939809926235953e-06
1402670444847808516,negative,2.41477688276194e-12
1402670446177308673,negative,0.00400526527954099
1402670448161083395,negative,0.3054730208072067
1402670448173891584,negative,0.046754285250661866
1402670448215826433,negative,0.06263849169579061
1402670449503449092,negative,0.004917393205780014
1402670449864097793,negative,0.014790158489947096
1402670449927016451,negative,0.01794420482124294
1402670451382493185,negative,0.10794391359306882
1402670454779809796,neutral,0.5118215327015088
1402670454821822471,negative,0.0003422522876304134
1402670454935019521,negative,0.0003284853608542792
1402670455849459712,negative,0.005538559872102002
1402670456822509568,negative,5.0243950431496524e-08
1402670457531224074,negative,0.010598265350191892
1402670458223398918,negative,0.027030514600196075
1402670458873565184,negative,4.775356950560893e-06
1402670460869959680,negative,0.2022116893880138
1402670461893365763,negative,0.0054438721643638695
1402670463768313861,negative,0.001110058851413393
1402670463784992774,negative,0.11329607991158103
1402670465114640390,neutral,0.5301025468569445
1402670465429221381,negative,0.2400909379920477
1402670466079379458,negative,0.02428006614947694
1402670466108727298,negative,7.878365093521096e-05
1402670467954192389,negative,4.448223592961161e-06
1402670471112540161,negative,2.4337318169972875e-11
1402670471326355456,negative,0.0010316007049161616
1402670472496615433,neutral,0.5207714203613444
1402670472706150404,negative,0.006418332249800797
1402670474275045377,negative,7.376642565724925e-12
1402670476741201924,neutral,0.4207724794333629
1402670478842552320,negative,0.19957961956116366
1402670481774415880,negative,0.12130110752298015
1402670481841569800,neutral,0.33661682041404145
1402670481883422726,negative,0.046754285250661866
1402670482969726983,negative,0.0022278030336184687
1402670486820110341,negative,0.00016219346028567823
1402670492499185667,negative,1.0484215623755008e-06
1402670492755054599,neutral,0.5187487662417357
1402670493925265408,negative,0.039561926981852936
1402670496278323200,negative,0.04876614156462202
1402670496362024960,negative,0.21433552074450707
1402670496844587009,negative,0.002119508384490326
1402670499432382471,negative,0.043362825358225054
1402670500476768256,negative,8.482566004817207e-05
1402670504503353349,negative,8.482566004817207e-05
1402670505518305280,negative,0.05728953115389328
1402670505526693889,neutral,0.40909563371415475
1402670505530904589,negative,0.00031698915223274735
1402670505774174212,neutral,0.4274047939449264
1402670506512371714,negative,1.3534925838305077e-05
1402670507590311943,negative,1.7155590991088482e-05
1402670508483780610,negative,0.06255523664204865
1402670509477740560,negative,0.021487912910274597
1402670510127919108,negative,0.25910452036682585
1402670510543192065,negative,0.0012751407562365813
1402670510878699520,negative,6.932390577271214e-06
1402670511960756234,negative,0.0014993420299187733
1402670512111853570,negative,0.02540365867735426
1402670513705603073,negative,0.010458702233505833
1402670517216231440,neutral,0.40909563371415475
1402670517581123589,negative,4.775356950560893e-06
1402670518352990217,negative,0.29707128575414016
1402670522731843584,negative,0.06085789804853742
1402670522819883011,negative,5.9989041400484465e-05
1402670523939790865,negative,0.004946062046269779
1402670524623474693,negative,0.016304915397632708
1402670526351478790,negative,0.19311067094070053
1402670527043588098,negative,0.06826407186997632
1402670527299428355,positive,0.9233088092352407
1402670528473796615,negative,5.5460148343358816e-12
1402670529342021644,negative,0.03588267550432851
1402670587223416845,negative,0.25437770142783683
1402670595746172930,negative,0.06085789804853742
1402670596224335873,negative,0.16427800983855376
1402670599311400966,negative,0.016606066065137405
1402670604101238787,negative,0.001503834153460621
1402670604575285249,negative,0.04080592957472607
1402670604889821185,neutral,0.5495922250151081
1402670605233700869,negative,0.0011624812766857446
1402670606139727878,negative,0.0002520170332861014
1402670607704203268,positive,0.9692095377496072
1402670610086567945,negative,8.426419974952533e-05
1402670611671945217,negative,0.05831843784808232
1402670611944591363,negative,0.21433552074450707
1402670612133330945,negative,8.482566004817207e-05
1402670612766760962,negative,8.482566004817207e-05
1402670613093879811,negative,0.23607920832275223
1402670617942495250,negative,2.8003386606666457e-08
1402670621524480006,negative,0.06446761730078081
1402670622203944964,negative,0.2781837032744949
1402670627182592015,negative,1.715181741330721e-09
1402670627362906116,neutral,0.5495922250151081
1402670628444901377,negative,0.21433552074450707
1402670632098271238,neutral,0.4198900565968294
1402670633624944644,negative,1.4155767989618051e-08
1402670634581245953,negative,0.27559690975127804
1402670639660548096,negative,0.1633598716635277
1402670644391727105,negative,0.06085789804853742
1402670646761492484,negative,0.020114981315953514
1402670647671676933,negative,0.015484033750520208
1402670647852027908,positive,0.7560050837144279
1402670649542316036,neutral,0.4564578472590881
1402670651115290628,positive,0.999998303957358
1402670651123568648,negative,0.003680363373623131
1402670652717416448,negative,0.15187006652578883
1402670653891825671,negative,0.25713377043441715
1402670654428680197,negative,1.8069480455566356e-05
1402670656358174723,negative,0.055235952031802725
1402670656655966210,positive,0.9024686363835621
1402670656785899531,negative,0.21433552074450707
1402670659038294023,negative,2.6546286355936923e-07
1402670660661530627,negative,2.2096140318134173e-06
1402670663387787272,negative,0.0025848244814347687
1402670664314720258,negative,0.000594306868345464
1402670664524480515,negative,0.0021785110039479966
1402670665631776773,negative,0.0019092231307152382
1402670666101428227,negative,0.09308183871579322
1402670667867230209,positive,0.9820635785384034
1402670667875631106,negative,0.0003422522876304134
1402670668873936901,negative,9.290609379547144e-05
1402670672438906881,negative,0.08108445308367572
1402670673101742088,negative,4.474085101423274e-12
1402670676058718210,negative,0.0002825908137880273
1402670678378168321,negative,0.0137899989147446
1402670678692749319,negative,0.055235952031802725
1402670679561023490,negative,0.05831843784808232
1402670680102031367,negative,0.00036888402897294735
1402670681050001409,neutral,0.6421806590329202
1402670682924802051,negative,0.0016243817147557837
1402670683600064520,negative,2.6546286355936923e-07
1402670683772096514,negative,1.3687166888363036e-10
1402670684237701121,negative,0.1615956574551802
1402670685185576966,negative,0.03119106136200889
1402670689086328839,negative,0.02987639784926889
1402670691837693954,negative,0.0009466437795502501
1402670692513071109,neutral,0.3735961957426987
1402670692865216512,negative,1.7155590991088482e-05
1402670692966010886,negative,0.0009466437795502501
1402670693054128130,negative,0.0024350585082734077
1402670693897101319,negative,0.1765349760797645
1402670750134382592,negative,0.15388661619371685
1402670750226472961,negative,0.08108445308367572
1402670751023570945,negative,0.0070796941147027795
1402670751367372801,negative,0.0066057357713498535
1402670752646696961,negative,0.01442741763944626
1402670753363988485,neutral,0.536146667478057
1402670754609741831,negative,1.2235194242816064e-14
1402670754748063749,neutral,0.5808018317211376
1402670755842830337,negative,0.0031054623637801673
1402670758430715914,negative,0.07277081439847301
1402670760418762761,negative,0.005293714949664123
1402670762583113737,positive,0.9024686363835621
1402670762679472134,negative,0.03930705319619092
1402670763707076612,negative,0.0027707094702914413
1402670763832975368,negative,0.015484033750520208
1402670765141544965,negative,0.01652829498042494
1402670765900763137,negative,2.745931103462464e-05
1402670768018833412,negative,6.649489400009363e-11
1402670770568843267,neutral,0.46214530560952344
1402670770887839744,negative,0.04655136317756937
1402670772036980742,negative,0.0033369567330791645
1402670779184160768,negative,0.024742855603904858
1402670780836626437,negative,0.004560364371379513
1402670780924796929,negative,0.06636610467576293
1402670781688131585,negative,1.3669735499706128e-06
1402670782409547776,negative,0.0004439669371854744
1402670785488199680,negative,6.444108491389843e-08
1402670785496506373,negative,0.008025792379028892
1402670787316703236,negative,0.25437770142783683
1402670788252160002,negative,0.00039136989232712097
1402670789002940425,negative,0.0018836953489697339
1402670792186417155,negative,0.10470891443198739
1402670792467435527,negative,0.09063579499909426
1402670792949833728,negative,0.0009506145296093454
1402670795269328911,negative,0.000778500343783416
1402670795940368386,negative,0.00017941002379476525
1402670796389105665,negative,0.00014980108987003388
1402670797215481859,negative,0.0011360352311063412
1402670800067608576,negative,0.15253718841285904
1402670801862770695,negative,0.05831843784808232
1402670801938227202,negative,0.002036945729107396
1402670802579951616,neutral,0.4598650020881221
1402670805801222145,negative,0.05831843784808232
1402670806140866562,negative,1.7314909433563464e-07
1402670806396813321,negative,0.00028838684767214375
1402670808246403073,neutral,0.5306398704057798
1402670811077648386,positive,0.7355093453736364
1402670812210028548,negative,1.493497803475727e-06
1402670813384486917,neutral,0.40909563371415475
1402670814722498561,negative,0.000669559574747232
1402670815154429952,negative,0.0004108780365218857
1402670815376707588,negative,6.932390577271214e-06
1402670815871750148,negative,1.457312553088267e-07
1402670815901106179,negative,1.7971009021445725e-09
1402670818883248133,negative,0.0004078463610429743
1402670820581855232,negative,0.02258522733533933
1402670821466910725,negative,4.9315808143066773e-05
1402670823396216844,negative,0.11794983638474398
1402670823924809737,negative,3.8165366414512967e-05
1402670826734985222,negative,0.006025080050674894
1402670829738020867,negative,0.009088409808605057
1402670830266486790,negative,2.740772405530979e-11
1402670830526545926,neutral,0.4282244201460203
1402670831688458247,neutral,0.40909563371415475
1402670831872905232,negative,0.0009466437795502501
1402670832309178373,negative,0.00045351570243642384
1402670832556642316,negative,0.20854580457823413
1402670833106132999,negative,0.004429729052027545
1402670835974934532,negative,9.98184893685247e-05
1402670837321416704,negative,0.04515868719617916
1402670838122430465,negative,0.10131945762387301
1402670838810296332,negative,0.25296835653707067
1402670839238119424,neutral,0.4297850204964556
1402670839359672320,negative,0.00527064021097627
1402670840345415685,negative,0.13265359421390388
1402670841553473536,negative,0.0022651036224258254
1402670842799140869,neutral,0.40909563371415475
1402670844644495363,negative,0.0004941682028879365
1402670844912996352,negative,0.0009466437795502501
1402670844955013124,negative,0.17937135590573416
1402670845101633539,negative,0.21226584588247532
1402670845143752707,negative,2.3490266518487257e-11
1402670845970026499,neutral,0.45865158599960215
1402670846351753220,positive,0.9999394012415423
1402670846544691200,negative,0.008629893513460978
1402670846871756804,negative,0.010336070000280676
1402670846955737094,negative,0.0004410572028581587
1402670847345704960,negative,0.000778500343783416
1402670847429652487,negative,0.038350097153187844
1402670847584841735,negative,0.0009287941395553056
1402670847765123085,negative,0.015401492981376037
1402670848503341062,negative,0.0049573332060130594
1402670850055102464,negative,0.016379905575939675
1402670850416033796,negative,0.06255523664204865
1402670851443421188,negative,0.016379905575939675
1402670854752907265,neutral,0.35180359909024767
1402670907349516298,neutral,0.40909563371415475
1402670907462725636,negative,0.05831843784808232
1402670907827556357,negative,0.25713377043441715
1402670909077458946,negative,0.0005302254867365503
1402670909392105475,neutral,0.39043091650644823
1402670912021925888,negative,0.0017216778647692788
1402670912214810631,negative,0.00045351570243642384
1402670917692661764,negative,0.2539580519796672
1402670917726224390,negative,5.5460148343358816e-12
1402670918330159114,negative,0.04495487702566744
1402670919735197706,neutral,0.5495922250151081
1402670920930627584,negative,0.0024969851727082754
1402670921501003776,negative,2.394094057849483e-08
1402670923614937089,negative,0.0002905757002425891
1402670923921113088,negative,0.002334793100699716
1402670924403548162,positive,0.9255481950387161
1402670927234674696,negative,0.31268358889870496
1402670927540850690,negative,2.0423559996995905e-05
1402670928300056583,negative,0.17122494418158576
1402670928694284292,negative,0.011488307187773262
1402670929285681152,negative,0.0009921392344753538
1402670934083899401,negative,0.0004108780365218857
1402670936118247431,neutral,0.5495922250151081
1402670936919318536,negative,0.09499809338374483
1402670937498177536,negative,0.05831843784808232
1402670937892429826,negative,0.0011360352311063412
1402670938794172427,negative,0.303890566925993
1402670939616202753,negative,0.08386827821990904
1402670941604388864,negative,0.01076497515906751
1402670941671510016,negative,0.008491144329752773
1402670942317428737,negative,0.0003133991927450069
1402670943206526987,negative,0.00018501705789310242
1402670943726718979,negative,0.01301280538663274
1402670943852548100,negative,0.04466242366097295
1402670944091619334,negative,0.08886044091759142
1402670944582307843,negative,0.0004161361137445266
1402670945253433350,negative,0.00045351570243642384
1402670945312071682,negative,0.0003000605078284919
1402670946767491073,negative,0.000875766500992276
1402670951318310921,negative,0.01076497515906751
1402670951662243841,negative,0.00045351570243642384
1402670952354299912,positive,0.952766641008799
1402670953981677570,negative,8.342407940545023e-06
1402670954715701248,negative,0.09875815040429646
1402670955558850563,neutral,0.40909563371415475
1402670956749983754,negative,0.0171031709003921
1402670957328805890,neutral,0.40909563371415475
1402670957651767298,neutral,0.4929477159457494
1402670957907615748,negative,0.0003422522876304134
1402670959513985026,negative,1.7155590991088482e-05
1402670960172490754,negative,6.713330363670223e-14
1402670966287781900,negative,1.7155590991088482e-05
1402670966300418048,negative,3.2566142761821644e-05
1402670970674974727,negative,0.12064370950809919
1402670974349238286,negative,0.02111828743962976
1402670976169558025,negative,1.6945592697516074e-05
1402670976958140420,neutral,0.40909563371415475
1402670978094841856,negative,0.0024969851727082754
1402670978098896897,negative,0.21433552074450707
1402670979365707783,negative,0.2587274329349849
1402670981722873857,negative,0.011403585713471692
1402670983685840898,negative,0.025146502732550452
1402670987489972229,negative,0.04515868719617916
1402670988668682247,negative,0.1784964420962919
1402670989436194822,negative,0.042642483584454084
1402670990207897610,negative,0.05831843784808232
1402670990929317888,negative,5.086254739498804e-07
1402670991835381766,negative,8.482566004817207e-05
1402670994486145026,negative,0.06904187015378999
1402670994901307396,negative,0.08886044091759142
1402670995987632134,negative,0.05831843784808232
1402670997178888193,negative,0.015484033750520208
1402670997388595200,negative,0.004098808172365777
1402670997589966848,negative,0.050950380069480744
1402670998785335301,negative,1.7155590991088482e-05
1402670999133425668,negative,0.0024969851727082754
1402671000865677316,negative,0.017213243454416164
1402671002237259776,negative,0.0024969851727082754
1402671003860451329,positive,0.6806659712367428
1402671004439154696,negative,0.05831843784808232
1402671005001203713,negative,0.23547558525711254
1402671006217654277,negative,0.01442741763944626
1402671006695755779,negative,0.02074895161880797
1402671006955806723,negative,0.1682996612145067
1402671007823974402,negative,0.11794983638474398
1402671009690439682,positive,0.999998303957358
1402671009916936196,negative,0.0027707094702914413
1402671010256764932,neutral,0.40909563371415475
1402671010361585671,negative,0.011488307187773262
1402671010856439814,negative,0.05831843784808232
1402671011217166341,negative,0.2756832875143644
1402671011284369410,negative,0.06255523664204865
1402671012500606984,negative,1.6689128639877104e-05
1402656833219739652,negative,0.000543175912687136
1402657137906663424,negative,0.025968942642498754
1402657324922200070,negative,0.020214997215280705
1402657519458304006,negative,0.020214997215280705
1402657625649647622,negative,0.020214997215280705
1402657724496744453,negative,0.020214997215280705
1402657756260323328,negative,0.020214997215280705
1402658002780528641,negative,0.19960873281199526
1402658244959608854,negative,0.020214997215280705
1402658617938092032,negative,0.020214997215280705
1402658630067961862,negative,0.020214997215280705
1402658865896988672,negative,7.445895467544486e-06
1402660615173423109,negative,0.2016883491017985
1402660684840767488,negative,0.05770405920377587
1402661132649783298,negative,0.03407976318893684
1402661747266367495,negative,1.4502037223835123e-08
1402662229741346826,neutral,0.5177734765682146
1402662236032806912,negative,3.1630397580406636e-06
1402662622915444751,negative,0.020214997215280705
1402664401191178240,negative,0.020214997215280705
1402664706112999439,negative,0.11218130787365853
1402665191377100807,negative,3.879197414654545e-05
1402665196301258766,negative,5.409212262885166e-05
1402665309190905862,negative,0.06507156739512296
1402665625152012288,negative,0.0001115584622038693
1402666201327755264,negative,0.08774262646904135
1402668050348916744,negative,0.020214997215280705
1402668109002063872,neutral,0.3369579325448261
1402668169425211398,negative,5.409212262885166e-05
1402668726189756416,negative,0.020214997215280705
1402669142482767876,negative,0.020214997215280705
1402669785314430988,negative,0.020214997215280705
1402670206632222722,negative,0.012049489512799822
1402670231928115204,negative,0.020214997215280705
1402660063769247751,neutral,0.49789225920557484
1402660540724482050,neutral,0.49789225920557484
1402661284169068547,neutral,0.49789225920557484
1402661481036980227,neutral,0.4737554465528978
1402663047701749762,negative,0.1852377697316886
1402666729545908228,negative,0.09495492360795392
1402667127107198978,negative,0.0001855824442303279
1402668522820538368,negative,0.0029937957495740175
1402668742673276930,neutral,0.49789225920557484
1402671659279024133,negative,7.2385436859256005e-06
1402668974303846401,negative,0.014925435443204937
1402657270903754752,negative,0.026642559394500283
1402657323362009088,neutral,0.49789225920557484
1402658725995986944,negative,0.028405545114855175
1402661280733831169,negative,0.04115054761367051
1402661508748742664,positive,0.9999260709713228
1402661778836819970,positive,0.6824837810859113
1402662010928701448,negative,0.0024855653331075636
1402662451498323968,positive,0.6824837810859113
1402662544741908480,negative,0.0027149835394631176
1402664715088805890,negative,0.0034722862377378175
1402664927278534659,neutral,0.49789225920557484
1402665178152460292,negative,0.26563561978027744
1402665858674085891,negative,0.0006164101018779917
1402666449001500674,negative,0.012644958234769028
1402668378276388870,negative,3.682939058865044e-07
1402668640667844612,negative,9.901880008697067e-05
1402668724042276867,positive,0.6824837810859113
1402669018251681796,positive,0.6824837810859113
1402669549674172424,positive,0.6824837810859113
1402669552438235149,negative,0.027415550394692238
1402670260306726920,negative,0.0001385207115184694
1402656739640504324,negative,0.010114106230895146
1402656742069178369,negative,0.12412556424372821
1402656757852389383,negative,0.00792942074236169
1402656759408476163,negative,0.07241197085469131
1402656761895657480,negative,0.00010395348019184325
1402656766219927558,negative,1.850573079810517e-09
1402656766979149830,negative,5.4669157844169395e-09
1402656771013976065,negative,0.00045278275506294033
1402656776445628420,negative,0.2250438281211277
1402656778328887297,negative,9.337667623867939e-07
1402656815490404358,negative,0.0008607523605766916
1402656815641473031,negative,1.7010926644843363e-07
1402656815742177285,negative,0.0015929850761438027
1402656817235255302,negative,3.99031814397829e-09
1402656818954899463,negative,1.0192136275994872e-07
1402656823543578625,positive,0.6775619958681421
1402656835413348365,negative,0.0008607523605766916
1402656838034788354,positive,0.7741521231646545
1402656846725402624,negative,0.17729863070892826
1402656851330805760,negative,4.1174582979509865e-06
1402656856603074563,negative,0.06490156441430028
1402656861002866690,negative,0.11919442555563553
1402656866413563912,negative,0.0005939052438061561
1402656867143278593,negative,0.0008607523605766916
1402656871282987008,negative,0.26429218937246507
1402656873816412174,negative,0.0008607523605766916
1402656896964861957,negative,0.04655136317756937
1402656897413566471,negative,0.0006935778705156136
1402656903730188302,negative,3.4030262946542798e-06
1402656904501923842,negative,9.022418001754133e-08
1402656907815424002,negative,0.00015464954097773535
1402656920490610691,negative,0.0003267943170524957
1402656924869537797,neutral,0.49789225920557484
1402656933665034250,negative,0.10050239585974427
1402656934008872962,negative,1.2481392582233948e-06
1402656952937746435,negative,0.003353556997094186
1402656956196741124,negative,7.550536686093217e-12
1402656960009416704,negative,5.4669157844169395e-09
1402656964669288458,negative,0.14923634600119653
1402656964690259980,negative,0.004486476408880492
1402656967269797893,negative,0.0024769954876201314
1402656969341784069,negative,0.0008607523605766916
1402656976019070978,neutral,0.49789225920557484
1402656981333299200,negative,0.2517732978918553
1402656981777780740,negative,0.00010566779861006976
1402656982583160834,negative,0.003991451006001597
1402656999809163270,negative,0.08736107221519203
1402657012564082689,negative,0.004486476408880492
1402657049213865988,negative,0.00013242449490832506
1402657076485238788,negative,0.00032470754729992986
1402657079282876416,negative,0.0003267943170524957
1402657129673146375,negative,0.00023390441168854835
1402657136040108034,negative,0.10050239585974427
1402657146014253059,negative,0.27912864903871454
1402657147436081156,negative,3.268695289202484e-05
1402657165467324416,negative,0.21453008382443087
1402657168529268738,negative,0.022179521361280284
1402657183226077186,negative,4.1174582979509865e-06
1402657191287476232,negative,0.00015464954097773535
1402657208731582471,negative,0.0018136370996260159
1402657216709201927,negative,0.12103979378060457
1402657220245037056,negative,0.01504115363265847
1402657240625078279,negative,0.00556946458682395
1402657241564651520,negative,0.07342084919376497
1402657251077332993,negative,0.003991451006001597
1402657253405102082,negative,0.04893116096828002
1402657254415929347,negative,8.219422736262061e-12
1402657267267297282,negative,1.9493333092475872e-08
1402657269976809484,negative,0.04893116096828002
1402657280647221250,negative,1.0132295912531946e-07
1402657290428116993,negative,0.11919442555563553
1402657291736948738,negative,3.3424597323030733e-10
1402657298837815296,negative,0.003259588042124043
1402657327560499201,negative,2.6996293272286174e-07
1402657330806800397,negative,2.816463759615851e-05
1402657333105336326,negative,0.00017030962586226137
1402657362826174473,negative,3.109109835567788e-06
1402657366168977416,negative,0.09169105087526644
1402657368907956227,negative,2.1294500528879408e-05
1402657386268143623,negative,0.0024769954876201314
1402657401183129605,negative,1.951471378965897e-05
1402657402030276611,negative,3.4030262946542798e-06
1402657406027452418,negative,5.315679090600103e-11
1402657406446977031,negative,0.3102594835769344
1402657407453614083,negative,4.1174582979509865e-06
1402657411996004355,negative,0.007065192078056484
1402657420300652552,neutral,0.5228838067131275
1402657424327294976,negative,0.00046460696470855165
1402657424406978569,negative,3.109109835567788e-06
1402657434137776131,negative,0.016714181514673448
1402657441305841670,positive,0.8914673099174464
1402657447479742471,negative,0.0152516398626313
1402657462021464066,negative,0.0008607523605766916
1402657462428307461,negative,0.019619768588203315
1402657468921098247,negative,0.00019266123078132876
1402657484888842240,negative,0.00025890771300686585
1402657487778725892,negative,0.01941082186171237
1402657496972541958,negative,0.015571033550958555
1402657500617400325,negative,0.00021824778748771558
1402657515754635264,negative,0.0008607523605766916
1402657527830126592,negative,0.0008607523605766916
1402657529772097539,negative,0.11919442555563553
1402657535426023426,negative,5.496003506178699e-05
1402657544959561736,negative,0.0008607523605766916
1402657554963042310,negative,8.231399307275834e-08
1402657562399363074,negative,4.651710067753601e-07
1402657572407152641,negative,0.015571033550958555
1402657583912177666,negative,0.0231600835612166
1402657587045322754,negative,0.0008009514504392954
1402657611380674562,negative,1.6160395767848104e-05
1402657656259633157,negative,0.09141787078682825
1402657656851083265,negative,0.10050239585974427
1402657668129492993,negative,0.17259339169504592
1402657706033487874,negative,0.054599972458019064
1402657711028903938,negative,0.029157944571680007
1402657725813825536,negative,0.0008038589840566715
1402657734328209411,negative,0.016714181514673448
1402657737301970950,negative,0.0008326773526134744
1402657740762255368,negative,0.016714181514673448
1402657749352206338,negative,4.146818386049716e-06
1402657772802564100,negative,0.030926939436086456
1402657774862020616,negative,0.029157944571680007
1402657775684141066,negative,4.651710067753601e-07
1402657786857656325,negative,0.006460963248036891
1402657791483990016,negative,0.000669446863589581
1402657807975976965,negative,0.01374974443202867
1402657837650780164,negative,0.02904623076738061
1402657841907912710,negative,0.028969831483266456
1402657869917560835,negative,7.39119670039382e-05
1402657877899231238,neutral,0.39614981155634515
1402657879245705235,negative,0.0002479988673171696
1402657887076470785,negative,0.29967022970469687
1402657899030134794,negative,3.3612528871571275e-05
1402657902033317888,negative,0.016714181514673448
1402657916038098946,negative,0.00037282881252450754
1402657924846080003,negative,0.001042485325551738
1402657934811619332,negative,0.11919442555563553
1402657934916698116,negative,0.10050239585974427
1402657936594411524,negative,1.97641339904277e-06
1402657939798822916,negative,9.985824718621615e-09
1402657951672946692,negative,0.0008607523605766916
1402657970568237061,negative,0.019434138103475426
1402657977077800966,negative,0.3102594835769344
1402657978306682894,negative,0.015540107277873867
1402658006475681803,negative,0.0008961729952043701
1402658028827164683,negative,4.825421151019563e-06
1402658045272940554,negative,0.21453008382443087
1402658053267378180,negative,0.01037547974280387
1402658054064254976,negative,0.003538187212975602
1402658058359214081,positive,0.7741521231646545
1402658058371743746,negative,0.029157944571680007
1402658068714885123,negative,0.14416612885916555
1402658081041956868,negative,2.2471903377034808e-05
1402658082510065669,negative,0.016714181514673448
1402658094627368966,negative,3.665157016476753e-07
1402658097966063618,negative,5.5511105379713967e-14
1402658099584978945,negative,0.0008607523605766916
1402658106790879239,negative,0.001607540444698288
1402658115057815554,negative,5.496003506178699e-05
1402658115292745737,negative,2.001088441003425e-08
1402658121600937984,negative,2.9916470758082086e-08
1402658123576451079,neutral,0.630186749971362
1402658134913585157,negative,0.006993146137691066
1402658140508798976,negative,7.39119670039382e-05
1402658145009344515,negative,0.004078309806711809
1402658146766708742,positive,0.7368040857951016
1402658160075325442,negative,2.4041972499624194e-05
1402658165137850368,negative,0.00012278338630829696
1402658188428820481,negative,0.10426807894698785
1402658189896826883,negative,5.4669157844169395e-09
1402658197303926785,negative,5.899933611214927e-07
1402658206237790218,negative,0.00020268668104642557
1402658209647767555,negative,0.10426807894698785
1402658209786126341,negative,5.98999185609423e-07
1402658212806078479,negative,0.00020268668104642557
1402658216824258568,negative,0.00020268668104642557
1402658224067710981,negative,4.651710067753601e-07
1402658226127134723,negative,0.00020268668104642557
1402658237598547974,negative,0.06623011600675183
1402658255948718081,negative,0.0009881210025216851
1402658265058754562,negative,6.646530724392169e-05
1402658265528471557,positive,0.9548747439011336
1402658273728335880,negative,0.16064512181623733
1402658274470735878,negative,0.0621430639612137
1402658275448037378,negative,3.410742663010857e-06
1402658285946347520,negative,2.2366281622391723e-05
1402658297774235655,negative,0.273573811804561
1402658301347778564,negative,6.177661145214702e-12
1402658302882992131,negative,0.016714181514673448
1402658305529556996,negative,0.04893116096828002
1402658324252872711,negative,0.0008607523605766916
1402658335443259392,negative,0.28173084854632563
1402658339092373508,negative,0.01767380902329044
1402658371002638338,negative,5.380579769826261e-07
1402658377591934978,negative,0.0004108780365218857
1402658407736385543,negative,1.0489829337362183e-07
1402658422110265344,negative,0.05497192767480222
1402658445225037837,negative,0.0008607523605766916
1402658445338230789,negative,0.00020268668104642557
1402658459947089921,negative,0.21453008382443087
1402658470134964226,negative,8.97113311317666e-10
1402658486471860233,negative,2.6434617900835897e-06
1402658486832484356,negative,0.04893116096828002
1402658491198853123,negative,0.00020268668104642557
1402658492322828288,negative,0.04893116096828002
1402658495170859010,negative,0.004421544707247261
1402658529639604226,negative,0.00020268668104642557
1402658531736801280,negative,5.297768065756992e-06
1402658541702352901,negative,0.0024769954876201314
1402658545141784585,negative,0.016714181514673448
1402658588049412097,negative,0.00020268668104642557
1402658598736609285,negative,1.509671913141976e-12
1402658621612347396,negative,3.989505884525687e-09
1402658622694477840,negative,4.0884224366672814e-05
1402658642080436226,negative,0.00020268668104642557
1402658649496068097,negative,0.02591780930626053
1402658655049334784,negative,0.023955797311118618
1402658661051346950,negative,0.0024769954876201314
1402658683763445761,negative,0.0003433923301354257
1402658685227253761,negative,0.09373768977964594
1402658696707121157,negative,0.003353556997094186
1402658705980674052,negative,0.00020268668104642557
1402658713912197122,negative,0.00018879311765745746
1402658727594016768,negative,0.3102594835769344
1402658748120932359,neutral,0.3585011583764438
1402658751224717319,negative,0.016714181514673448
1402658754114560002,negative,0.0008009514504392954
1402658758153617411,negative,1.0655326871879224e-05
1402658784066088966,negative,0.017606393581548144
1402658802076372994,negative,0.00020268668104642557
1402658811861667843,neutral,0.6152014242443715
1402658818337742850,negative,0.00020268668104642557
1402658832262778884,negative,0.06623011600675183
1402658833248534529,negative,0.04893116096828002
1402658877007609858,negative,0.00025890771300686585
1402658879603986438,negative,0.01628443838935997
1402658886268723200,negative,0.029157944571680007
1402658888256794624,negative,0.0003184059113335922
1402658897253576706,negative,2.066876011241572e-05
1402658914756403201,negative,0.10426807894698785
1402658927666466820,negative,0.001685737472338427
1402658941046300673,negative,0.02673176809180673
1402658941725782017,negative,7.301013692054183e-07
1402658952249233419,negative,3.99031814397829e-09
1402658968879702016,negative,0.016579125529298296
1402658969911533574,negative,9.979289735924278e-08
1402658978417500164,negative,2.7164671377630607e-05
1402658979130626049,negative,1.0195742939739236e-07
1402658980653117445,negative,0.00020268668104642557
1402658994754310145,negative,0.0001232608566724943
1402659017458061314,negative,6.132950664117284e-08
1402659044649844743,negative,0.0008607523605766916
1402659056456810500,negative,2.0206889132043808e-12
1402659063599673351,negative,0.028939140422691245
1402659076706873347,negative,0.0042954172039923995
1402659085191876608,negative,6.876502829832637e-05
1402659100224376838,negative,0.00020268668104642557
1402659110856892422,negative,0.00020268668104642557
1402659112236769282,negative,0.00020268668104642557
1402659120025587719,negative,2.9916470758082086e-08
1402659123368546310,neutral,0.630186749971362
1402659131731890177,negative,0.00020268668104642557
1402659146143576069,negative,0.00016611607416191408
1402659152414056455,positive,0.6888546739979291
1402659154376994827,negative,3.4030262946542798e-06
1402659156511936512,negative,0.025677244243227666
1402659170004963328,negative,0.003353556997094186
1402659172295090178,negative,0.00020268668104642557
1402659204788277253,negative,7.22610041300236e-13
1402659208009560069,negative,0.0008607523605766916
1402659212644208645,negative,0.0004108780365218857
1402659223155183616,negative,2.176423476915771e-05
1402659224640016387,negative,0.00020268668104642557
1402659236308467720,negative,1.3373802958846061e-05
1402659238967717892,negative,1.9244540192302193e-05
1402659272941608961,negative,0.0003267943170524957
1402659280076083204,negative,0.0016757552237509088
1402659293816659973,negative,3.409863364745997e-05
1402659314284863494,negative,4.5036235047129995e-07
1402659318353305602,negative,0.0008607523605766916
1402659319158652928,negative,4.1174582979509865e-06
1402659320311992328,negative,0.0004108780365218857
1402659337844277253,negative,0.00032972548323163126
1402659347327602688,negative,3.3580521789030786e-06
1402659354592096263,negative,4.1174582979509865e-06
1402659358199144453,negative,2.723599990035836e-12
1402659358484402176,negative,0.10173998315047082
1402659363056197632,negative,3.1599596675838668e-15
1402659370681483267,negative,2.372128052034398e-05
1402659383889309697,negative,0.06273364895756862
1402659395243290629,negative,0.00013686601487165385
1402659398426759168,negative,0.000126916414035142
1402659403090874370,negative,0.000301464410022072
1402659411303227392,negative,0.004486476408880492
1402659423005327361,negative,0.01626923667293204
1402659457692221446,negative,0.004721111268200177
1402659468761042944,negative,2.2557858616077046e-06
1402659472225538052,negative,0.002122160461479138
1402659501942005761,negative,0.00028024019686900944
1402659510859206662,negative,0.029133552439409335
1402659511324839936,neutral,0.3302358439643292
1402659516504739848,negative,0.0008009514504392954
1402659531323330564,negative,4.0918322766643155e-05
1402659542157205507,negative,1.8748671874656112e-06
1402659551900491782,negative,0.00020268668104642557
1402659561631330308,negative,3.138290545049435e-08
1402659567381716996,negative,0.01115700367960208
1402659567545290757,negative,0.0006062894578658615
1402659576755916806,negative,0.26809425180675744
1402659579192745992,negative,0.008919994156910423
1402659594577514496,negative,0.0024769954876201314
1402659597630967809,negative,9.680499256542025e-07
1402660494150881283,negative,0.029157944571680007
1402660501704880128,negative,0.0063768242824956195
1402660505752383488,negative,0.0002299465236343352
1402660509959299079,negative,0.285897676289016
1402660509996883971,negative,0.00019478504073191044
1402660519878836229,negative,0.004616707098650916
1402660523632701442,negative,0.003353556997094186
1402660523896889350,negative,0.09373768977964594
1402660527063584770,negative,0.02334984292261937
1402660527894061056,negative,0.06623011600675183
1402660528183513093,negative,9.11480159901699e-06
1402660543182344193,negative,0.2647049689610427
1402660552728530948,negative,4.651710067753601e-07
1402660554704031746,neutral,0.34408407089177917
1402660572769001484,negative,0.2511289534801354
1402660583988776961,negative,0.00020268668104642557
1402660600493260800,negative,0.04113697730315069
1402660602326233093,negative,0.0036097451421619737
1402660605618802693,negative,0.02137877570186129
1402660606348517383,negative,0.0008009514504392954
1402660611197177865,neutral,0.49026635668587865
1402660612774191110,negative,0.01374974443202867
1402660613277507595,negative,0.00286471887208182
1402660625432694786,negative,0.08145496573737786
1402660629098467330,negative,2.4168302056252044e-11
1402660629798850572,negative,2.2585405235962278e-07
1402660629853450246,negative,0.04655136317756937
1402660641563975680,negative,0.0001732096173031308
1402660641786273802,negative,0.16066588880172977
1402660643312836609,negative,0.015571033550958555
1402660646953566208,negative,0.02404648311800165
1402660648589332481,negative,0.008919994156910423
1402660655547645962,neutral,0.426932093374565
1402660662766153732,negative,0.003353556997094186
1402660665379151873,negative,0.00020268668104642557
1402660695695581185,negative,0.00020268668104642557
1402660696379342853,negative,5.0831932321912e-10
1402660698556096513,negative,0.04655136317756937
1402660716423884811,negative,0.00020268668104642557
1402660727979192327,negative,0.00020268668104642557
1402660730122510336,negative,0.0002516379549283534
1402660735012982787,negative,0.0004108780365218857
1402660739811262473,negative,0.00020268668104642557
1402660740566339593,negative,0.00020268668104642557
1402660749261090816,negative,0.00020268668104642557
1402660750825512964,negative,0.00556946458682395
1402660757905547268,negative,0.06623011600675183
1402660758480097286,negative,0.00011048422176659498
1402660768236064770,negative,0.13929394581233298
1402660773005082627,negative,0.00020268668104642557
1402660774552784901,negative,0.06623011600675183
1402660779023867907,negative,4.064982995031148e-08
1402660779963396097,negative,0.11919442555563553
1402660784241528836,positive,0.9422054046604621
1402660793737531396,negative,3.225543007719163e-05
1402660799672369154,negative,3.879891470822096e-06
1402660805896769540,negative,4.0884224366672814e-05
1402660805972201484,negative,0.10173998315047082
1402660806404214790,negative,0.00020268668104642557
1402660818022449155,negative,0.00020268668104642557
1402660819821813765,negative,0.006192318258951379
1402660820601933827,negative,0.21453008382443087
1402660823290548229,negative,0.06501978794557048
1402660824804741120,negative,0.00020268668104642557
1402660827942039560,negative,0.06623011600675183
1402660829221249030,negative,0.15219240560089067
1402660841296646147,negative,0.020688295316006612
1402660842198519812,negative,0.0405930188625595
1402660848930377733,negative,0.0004108780365218857
1402660852948480002,negative,0.00020268668104642557
1402660860200423430,negative,0.00014726069719391206
1402660868882583552,negative,4.651710067753601e-07
1402660869876727808,negative,0.01057301047560684
1402660872414191621,negative,0.06623011600675183
1402660873114734596,negative,0.0004108780365218857
1402660875064971275,negative,0.06623011600675183
1402660882992226308,negative,0.00020268668104642557
1402660886540701696,negative,0.00020268668104642557
1402660899870150658,negative,0.00020268668104642557
1402660911966523394,negative,4.1174582979509865e-06
1402660913199685637,negative,0.01767380902329044
1402660934531825667,negative,0.21453008382443087
1402660949354500104,neutral,0.5465230507778991
1402660949857869824,negative,0.15178323079671524
1402660961387958273,negative,0.06623011600675183
1402660962386300928,negative,0.029572656834590604
1402660963896209422,positive,0.9032609378670295
1402660976416202756,negative,0.011931876886731215
1402660978974658569,negative,0.04893116096828002
1402661001917521922,negative,0.04655136317756937
1402661008326414352,negative,9.113429514819829e-07
1402661014097829889,negative,0.00020268668104642557
1402661014244626449,negative,0.00020268668104642557
1402661017692393481,negative,9.11480159901699e-06
1402661018959060992,negative,0.00020268668104642557
1402661030057103368,negative,4.265378981083457e-06
1402661033450291204,negative,1.122564893266716e-11
1402661037296521218,neutral,0.49789225920557484
1402661040714928131,negative,1.7311035277195277e-09
1402661046226198529,negative,0.013568426608100771
1402661067403235328,negative,0.00020268668104642557
1402661073543696386,negative,0.025666423682517397
1402661078543310853,negative,0.11919442555563553
1402661082267885576,negative,0.00020268668104642557
1402661083404505094,negative,0.0008009514504392954
1402661090530664455,negative,0.00020268668104642557
1402661090643828746,negative,0.00020268668104642557
1402661102908055555,negative,0.0007540367857826823
1402661103323299843,negative,0.04893116096828002
1402661103969226753,negative,0.16066588880172977
1402661115654516736,negative,1.3783563419280614e-05
1402661124806488068,negative,0.018886199272836374
1402661148017766404,negative,0.001825540364463457
1402661160432844809,negative,2.886898904617117e-06
1402661183665082376,negative,0.00020268668104642557
1402661186479480832,negative,0.08776606414041066
1402661200710733828,negative,0.06623011600675183
1402661208235253763,neutral,0.49789225920557484
1402661212106678280,negative,0.0008607523605766916
1402661219522203649,negative,7.766321648976947e-08
1402661221971726348,negative,0.20466656184980678
1402661222131118080,negative,0.00020268668104642557
1402661222806339588,negative,0.00020268668104642557
1402661223137677325,negative,4.651710067753601e-07
1402661234235879433,negative,0.056389232409305504
1402661240493596675,negative,0.00020268668104642557
1402661242804879361,positive,0.8724225284511413
1402661243018752001,negative,0.1502099434517287
1402661250312572928,negative,0.2517732978918553
1402661256906031106,negative,3.3464085212906186e-05
1402661262518009857,negative,0.00020268668104642557
1402661264455839748,neutral,0.39614981155634515
1402661265751826442,negative,7.817081943747287e-08
1402661265974214656,negative,0.00013279389849087862
1402661275965001734,positive,0.7741521231646545
1402661283070099459,negative,0.00020268668104642557
1402661289227395076,negative,0.05276917777791927
1402661294319280128,negative,0.10732964248473799
1402661299440476167,negative,0.00020268668104642557
1402661309234176009,negative,0.0008607523605766916
1402661317048217604,negative,3.99031814397829e-09
1402661321418678274,negative,0.00020268668104642557
1402661328473501698,negative,4.2379724542670786e-08
1402661331300356096,negative,0.00020268668104642557
1402661332000948231,negative,3.85041073852839e-15
1402661348304117765,negative,0.2262115192876317
1402661352972423168,negative,4.651710067753601e-07
1402661363382722560,negative,0.00020268668104642557
1402661365832163329,negative,0.01767380902329044
1402661371767099393,negative,0.00020268668104642557
1402661379539189760,negative,4.269448470352907e-06
1402661416780369921,negative,1.4596243310446682e-10
1402661439018614795,negative,0.04683870107253115
1402661439425425413,negative,5.380579769826261e-07
1402661441790939137,negative,0.016363388187919315
1402661443015786504,negative,0.0008607523605766916
1402661468500340737,negative,0.00020268668104642557
1402661490105147396,negative,0.00020268668104642557
1402661504114176000,negative,0.0002914517622529812
1402661507008282624,negative,1.029714366442237e-06
1402661509575106560,negative,0.029157944571680007
1402661512070799361,negative,0.00020268668104642557
1402661514264387588,negative,3.4030262946542798e-06
1402661515380113417,negative,1.0487045947527137e-09
1402661520434204678,negative,0.04893116096828002
1402661527652536321,negative,0.013038301133832733
1402661531876212743,negative,0.10013573510407371
1402661547357491202,negative,1.373839435947909e-10
1402661552168357888,negative,0.0002516379549283534
1402661554609401858,negative,1.4940811124756223e-05
1402661556454821888,negative,0.10173998315047082
1402661556467519490,negative,0.00286471887208182
1402661563207766031,negative,0.0011700310295221657
1402661568677040133,negative,0.19085432009696943
1402661599081553923,negative,0.002225787845184055
1402661619977445376,negative,8.780390518880691e-05
1402661620694896645,negative,0.0021548602029803046
1402661625480482819,negative,0.00020268668104642557
1402661636276686851,negative,0.00020268668104642557
1402661636452782080,negative,0.05562575250991663
1402661640978452486,negative,8.767765231946002e-09
1402661642110971918,negative,0.04893116096828002
1402661659961876489,negative,0.06623011600675183
1402661677183782919,negative,0.0337138030618946
1402661677842288654,negative,1.1998896360433006e-06
1402661677859020807,negative,3.870583924765192e-12
1402661679520006147,negative,0.016023002980430797
1402661681633890307,negative,0.0009339384450421991
1402661695487725574,negative,0.00020268668104642557
1402661696414617607,negative,0.00024840936531437977
1402661697907744778,negative,0.0007632311121332482
1402661699531022349,negative,6.332701328682423e-06
1402661745672458240,negative,0.0013203928775602466
1402661751783579653,negative,0.00020268668104642557
1402661763720560643,negative,3.2094364837850134e-07
1402661773271052294,negative,0.00020268668104642557
1402661786655105036,negative,3.99031814397829e-09
1402661787875561475,negative,0.004070696461308403
1402661825632743428,negative,0.0016528325120697483
1402661838102335496,negative,0.0055552033630956
1402661838819573760,negative,0.00020268668104642557
1402661845224275972,negative,0.003160761137828921
1402661846398685191,negative,0.021449804182669667
1402661874815143949,negative,0.006993146137691066
1402661877730140160,negative,2.2512631428957112e-05
1402661890212368385,negative,0.24329328688572566
1402661900115136519,negative,0.0008607523605766916
1402661904187854854,negative,0.00020268668104642557
1402661919966777346,negative,0.0002914517622529812
1402661926501486597,negative,0.0054201929657504986
1402661941177470990,negative,0.016714181514673448
1402661941416542211,negative,0.00020268668104642557
1402661941517094913,negative,0.0005113443423135877
1402661950044184584,negative,0.00020268668104642557
1402661955085783041,negative,0.0008607523605766916
1402661965072416768,negative,0.0009339384450421991
1402661968801157120,negative,0.01064115892498734
1402661969749028868,negative,7.540370591266736e-07
1402661989411852289,negative,0.00020268668104642557
1402661996143726595,negative,0.06623011600675183
1402662011327164423,negative,0.06623011600675183
1402662017803165703,negative,0.0002914517622529812
1402662028427284489,negative,0.00020268668104642557
1402662030084091908,negative,0.00020268668104642557
1402662047259766784,negative,0.00020268668104642557
1402662078318514176,negative,0.00025890771300686585
1402662082668081163,negative,0.00020268668104642557
1402662083284672521,negative,1.6062324576754996e-05
1402662100808384515,negative,0.012964472717873616
1402662101827661829,negative,4.651710067753601e-07
1402662106038681601,neutral,0.5908618181140313
1402662114456707072,negative,0.06623011600675183
1402662115442372613,negative,2.4011393688177792e-06
1402662121075187715,negative,6.969741320865327e-08
1402662133008154625,negative,0.00020268668104642557
1402662143909056519,negative,6.76032910095597e-06
1402662153253965824,negative,0.0037363039777832023
1402662158450757637,negative,0.06623011600675183
1402662162527657993,negative,5.496003506178699e-05
1402662162921889800,negative,6.567650682527379e-05
1402662186091266051,negative,1.8079754811604368e-05
1402662200578392073,negative,0.14416612885916555
1402662258308702212,negative,0.11919442555563553
1402662273630588932,negative,0.00020268668104642557
1402662297424871426,negative,0.00020268668104642557
1402662299102552066,neutral,0.42913821672498936
1402662301514223627,negative,0.003353556997094186
1402662301828800513,negative,0.19946048864166369
1402662303015878658,negative,6.52679786698698e-09
1402662306656526340,negative,0.026966858843151118
1402662309311492100,negative,0.00020268668104642557
1402662358363918340,negative,0.00020268668104642557
1402662360049979395,negative,0.00020268668104642557
1402662373207519246,negative,0.0024769954876201314
1402662374658691075,negative,0.00020268668104642557
1402662375166287876,negative,3.8731551729612274e-06
1402662401523294217,negative,2.215819134238293e-08
1402662409601495044,neutral,0.49789225920557484
1402662410004074507,negative,1.9123667924745328e-08
1402662452018491406,negative,0.0036704233000453028
1402662469810675713,negative,0.0036704233000453028
1402662471794663429,negative,4.0884224366672814e-05
1402662472134316036,negative,0.00042718615149180464
1402662489700065282,negative,6.76032910095597e-06
1402662515562233861,negative,2.8498283137865066e-05
1402662533345988613,negative,0.0002888638416036032
1402662534700732421,negative,8.793115259844377e-06
1402662550454607873,negative,0.00017086866480787972
1402662559602388996,negative,0.00020268668104642557
1402662562999812099,positive,0.8045259229989554
1402662563737964547,negative,5.380579769826261e-07
1402662567009476610,negative,0.08908000320933385
1402662573959487493,negative,1.7056571259964916e-11
1402662580980695048,negative,1.5315081674667e-05
1402662581077168138,negative,0.0004391262029383628
1402662590300426243,negative,1.7535230345552218e-06
1402662591231582210,negative,4.1174582979509865e-06
1402662592074616832,negative,0.024003959703991
1402662595581128719,negative,0.06623011600675183
1402662597405597698,negative,0.0036704233000453028
1402662598680711168,negative,0.028939140422691245
1402662601734033408,negative,0.01374974443202867
1402662606255661056,negative,0.00020268668104642557
1402662607874580480,negative,0.00020268668104642557
1402662609141260298,negative,0.06623011600675183
1402662622756061188,negative,4.651710067753601e-07
1402662625729732608,negative,9.419223299718934e-07
1402662630901358596,negative,0.0152516398626313
1402662634122616834,negative,0.00020268668104642557
1402662636156751875,negative,0.0005658210639764994
1402662643010256898,negative,0.029157944571680007
1402662646491529219,negative,0.0005614955923653696
1402662659573571588,negative,0.010956489761529247
1402662679924314115,negative,0.00011404420848675772
1402662681413402627,negative,0.00020268668104642557
1402662693736271878,negative,0.0017358125255755815
1402662715546509312,negative,0.0008009514504392954
1402662725101264904,negative,0.3102014794028121
1402662729647898625,negative,0.000951551948384015
1402662731531141121,negative,2.215819134238293e-08
1402662737537388546,negative,0.027621737812755478
1402662760513736709,neutral,0.442878047314665
1402662766457073665,negative,0.0006987932887872541
1402662779899846657,negative,4.1174582979509865e-06
1402662786317049857,negative,0.0004108780365218857
1402662797394255873,negative,3.1693596490216696e-15
1402662797905903628,negative,0.015571033550958555
1402662818537783304,negative,1.9808426237454726e-05
1402662827278614529,negative,5.1983594779134615e-05
1402662828910206982,negative,0.00020268668104642557
1402662848774430729,negative,0.0026942613173522698
1402662852687765505,negative,8.92024141960783e-08
1402662852956143620,negative,3.247808415401341e-05
1402662860707307520,negative,0.01374974443202867
1402662875081187328,negative,3.751170343455532e-14
1402662879212548107,negative,1.9956142147967393e-13
1402662894328819714,negative,0.00020268668104642557
1402662896572809221,negative,0.00020268668104642557
1402662903346601985,negative,0.015571033550958555
1402662910191616004,negative,0.0020479379496371065
1402662917682745344,negative,0.00020268668104642557
1402662920157372424,negative,1.490264959693495e-08
1402662931465125895,negative,0.016363388187919315
1402662935978074115,negative,0.0337138030618946
1402662941162360832,negative,0.09960464822093143
1402662948238209034,negative,0.004721111268200177
1402662951870468096,negative,0.0024769954876201314
1402662954227617792,negative,0.00020268668104642557
1402662970585497610,negative,0.04893116096828002
1402662979934429184,negative,0.0025782584680021235
1402662988352430081,negative,0.0005658210639764994
1402662989396852737,negative,0.00020268668104642557
1402662990294523909,negative,0.016579125529298296
1402662996812443652,negative,0.0005658210639764994
1402663005586874369,negative,1.913805259436567e-05
1402663016450203648,negative,0.0005348167762085992
1402663038659014658,negative,0.0008009514504392954
1402663044463857670,negative,1.2025014242436448e-08
1402663044832972802,negative,0.0007632311121332482
1402663078974664704,negative,3.623061933144007e-06
1402663100139163655,negative,0.04655136317756937
1402663103838539784,negative,0.00020268668104642557
1402663112411656193,negative,0.02259425860877907
1402663114127052801,negative,0.003991451006001597
1402663116824006659,negative,0.0004108780365218857
1402663120636678151,negative,0.00010653925638501044
1402663124067553285,negative,0.22787151393164495
1402663124847714308,negative,0.0004108780365218857
1402663131759923201,negative,0.0004108780365218857
1402663134540750849,negative,0.06623011600675183
1402663138009534470,negative,0.004239649033249075
1402663144212860932,negative,0.0004108780365218857
1402663147966771206,negative,4.132222867439902e-05
1402663158007930880,negative,0.02137877570186129
1402663190648004608,negative,0.22806039581272583
1402663193013538817,neutral,0.5293700225891195
1402663195869913095,negative,1.6953632749357327e-05
1402663214303879178,negative,0.00020268668104642557
1402663219009921034,negative,0.3191030882216135
1402663304632360973,negative,0.002361439279010737
1402663316363829251,negative,3.3612528871571275e-05
1402663320289693703,negative,0.00020268668104642557
1402663324555354117,negative,9.834147037131227e-13
1402663325339631620,negative,0.0001285074137781999
1402663326434344960,negative,1.8714556128252746e-19
1402663346583883777,negative,1.038832631223993e-06
1402663349108752389,negative,0.00020268668104642557
1402663349205229572,negative,0.00020268668104642557
1402663357757415430,negative,0.12629201350902708
1402663359586070533,neutral,0.5031461802850085
1402663369300189190,negative,0.0024769954876201314
1402664182965747715,negative,4.277002945716321e-09
1402664197230665734,negative,0.09817661975693076
1402664202574118917,negative,0.003991451006001597
1402664211583488002,negative,8.312975001260687e-11
1402664219133218827,negative,0.00020268668104642557
1402664227379240962,negative,0.1100297068232215
1402664228545306635,negative,2.0781034797734407e-06
1402664234606075904,negative,0.00020268668104642557
1402664242130604039,negative,3.99031814397829e-09
1402664277207617538,negative,0.0024769954876201314
1402664283478048773,negative,0.00020268668104642557
1402664286816817157,negative,1.873975999382778e-06
1402664312116846603,negative,0.04893116096828002
1402664315388416004,negative,3.930737492869794e-05
1402664321193287683,negative,1.5625714471207383e-05
1402664335206490114,negative,0.08145496573737786
1402664338373160967,negative,0.00020268668104642557
1402664338650013699,negative,7.122471174063676e-09
1402664339346165761,negative,0.0036704233000453028
1402664349576085514,negative,0.001667552484147446
1402664353049022468,negative,0.0003294843747003068
1402664357276786688,negative,0.00020268668104642557
1402664357327249410,negative,7.85318279659456e-08
1402664360514883584,negative,0.0012879309162639608
1402664367108284419,negative,0.29841165505812506
1402664369872424968,negative,3.4255043334630417e-07
1402664371428507653,negative,0.00020268668104642557
1402664379418558468,neutral,0.49789225920557484
1402664386251177988,negative,0.0074904475959868275
1402664388037951491,negative,0.00020268668104642557
1402664389522640896,neutral,0.49026635668587865
1402664392051806212,negative,0.0008607523605766916
1402664397626032129,neutral,0.34408407089177917
1402664413526740995,negative,0.00020268668104642557
1402664414378135565,negative,0.29967022970469687
1402664416068386816,negative,5.7553153341395365e-06
1402664418622656512,negative,0.04568590841212249
1402664419444854789,negative,8.03966666199471e-05
1402664420816437248,negative,2.6426160916465127e-05
1402664426759757824,negative,0.00020069936888823721
1402664435471237127,negative,0.00020268668104642557
1402664440848437249,negative,8.318847352831315e-05
1402664492622921731,negative,0.09817661975693076
1402664494791340034,negative,0.00034254374341687445
1402664501112184833,neutral,0.49026635668587865
1402664502156537857,negative,0.0009005842881927808
1402664525720178690,negative,0.0008607523605766916
1402664530212233218,negative,1.221056540050326e-05
1402664563238223878,negative,1.4763614893016837e-05
1402664563984764939,negative,0.00207522998498377
1402664565532397575,negative,0.015571033550958555
1402664575904911361,negative,0.18179851570829442
1402664592233406465,negative,0.08145496573737786
1402664601939070979,negative,0.00286471887208182
1402664603511885827,negative,0.0016757552237509088
1402664611539832836,negative,0.0004228631002463025
1402664616652591106,negative,0.003991451006001597
1402664627079729156,negative,0.17049253340523368
1402664639918379009,negative,2.215819134238293e-08
1402664644410494979,negative,1.3756035374045959e-07
1402664650001448961,negative,0.0004261788809829783
1402664652799197192,negative,0.00020268668104642557
1402664657123483650,negative,0.00020268668104642557
1402664657190633473,negative,1.92037380379917e-09
1402664664677371905,negative,0.0012879309162639608
1402664680070471684,negative,1.0221906442837013e-05
1402664680674430978,negative,0.00020268668104642557
1402664681844662275,negative,0.00020268668104642557
1402664683790815233,negative,0.0004261788809829783
1402664688022917121,negative,0.04702637033565901
1402664689960734726,negative,0.0033524008638134996
1402664692506583041,negative,0.06623011600675183
1402664703441186817,negative,0.00020268668104642557
1402664714551898121,negative,0.04658942065531689
1402664722122653704,negative,5.2663054178281626e-05
1402664732616761351,negative,0.0004108780365218857
1402664733816377346,negative,0.0004730589029460279
1402664755622449154,negative,0.0030060230615170545
1402664759330234372,negative,0.04893116096828002
1402664762773757962,negative,0.0074904475959868275
1402664771393101831,negative,0.004486476408880492
1402664780775763968,negative,0.0006138054904044245
1402664799268343808,negative,4.765377921504585e-07
1402664807925534726,negative,0.01083267647002775
1402664829505126403,negative,3.99031814397829e-09
1402664844239720456,negative,8.936272177914966e-08
1402664853735677957,neutral,0.34408407089177917
1402664864741462018,negative,9.945149799045077e-09
1402664867492990979,negative,0.003259588042124043
1402664869653004297,negative,0.06610756394663264
1402664872966594561,negative,0.010468660662257104
1402664886103162880,negative,0.11919442555563553
1402664902020448260,negative,0.1100297068232215
1402664902565715971,negative,0.0010013042815943721
1402664909826056200,neutral,0.4894886660404289
1402664920496345094,negative,0.016714181514673448
1402664925818937351,negative,4.899803599061584e-09
1402664929946132482,negative,0.01629728706965591
1402664953325264901,negative,3.4030262946542798e-06
1402664963915890697,negative,0.011549926349582183
1402664967371907072,negative,2.0034786588429667e-05
1402664972522491905,negative,0.004353399594749249
1402664984312791040,neutral,0.6291468204462888
1402665007276597252,negative,5.761139846572531e-07
1402665020345962498,negative,4.146818386049716e-06
1402665028726185985,negative,5.507864082813318e-06
1402665031024709632,negative,3.4030262946542798e-06
1402665048993054729,negative,0.00015464954097773535
1402665049248915465,negative,0.006536218066607027
1402665061794070531,negative,0.00030553170192648915
1402665077774368775,negative,0.09957396515159836
1402665078000918534,negative,0.01941082186171237
1402665081159159811,negative,0.003353556997094186
1402665086565629955,negative,7.196152310137206e-05
1402665086955757576,negative,0.00020268668104642557
1402665123324571653,negative,0.029157944571680007
1402665124696051722,negative,0.00020268668104642557
1402665130404552706,negative,0.00020268668104642557
1402665152017797121,negative,0.004486476408880492
1402665154098208774,negative,0.06232477829283393
1402665173651972100,negative,0.002122160461479138
1402665175010971652,negative,9.39927140893523e-06
1402665185077305350,negative,0.029133552439409335
1402665189812674567,negative,0.0036704233000453028
1402665203565801476,negative,0.006536218066607027
1402665208905179148,negative,0.0024769954876201314
1402665219978059783,negative,0.0033607970242900322
1402665226760339461,negative,3.161374809536492e-08
1402665228794482696,negative,3.034892391165343e-08
1402665230208012295,neutral,0.34408407089177917
1402665231579484168,negative,0.04546086084767132
1402665239557066755,negative,1.752928176993947e-08
1402665247463313410,negative,0.0008009514504392954
1402665251733188610,negative,0.00020268668104642557
1402665260666982409,negative,9.056750408819682e-07
1402665268795613187,negative,0.00020268668104642557
1402665269336723457,negative,6.553797125826638e-14
1402665273107390469,negative,0.08133121307949302
1402665289498742787,negative,3.4030262946542798e-06
1402665290006204423,negative,0.00020268668104642557
1402665291302191109,negative,6.685098292080946e-06
1402665305428615169,negative,0.2647049689610427
1402665313725030402,negative,0.0022458316756233223
1402665313875992577,negative,0.0014696753508310076
1402665314509279233,negative,0.00020268668104642557
1402665314551271424,negative,9.279533001490846e-06
1402665316442902528,negative,0.0008607523605766916
1402665321580929024,negative,0.04893116096828002
1402665323199963136,negative,3.5630986666897914e-09
1402665330653208580,negative,0.0003209145148600166
1402665342091005953,negative,0.00020268668104642557
1402665342548299778,negative,0.061441732799160216
1402665351318577153,negative,0.01603827562120376
1402665355881893888,negative,1.8570187118984103e-07
1402665359744946176,negative,0.003353556997094186
1402665370650132488,negative,0.01374974443202867
1402665379051323401,negative,0.21453008382443087
1402665398072397830,negative,0.00020268668104642557
1402665424349696001,negative,0.11919442555563553
1402665435733037059,neutral,0.35051555695418557
1402665436962041860,neutral,0.45044643461794753
1402665443215777796,negative,1.0584213487310827e-06
1402665456671023106,negative,0.0006874975017818671
1402665458692730889,negative,0.0009005842881927808
1402665473389613060,negative,0.0008607523605766916
1402665475092500482,negative,0.00020268668104642557
1402665475478376456,negative,0.2921432484880433
1402665475700572162,negative,0.00020268668104642557
1402665478800166919,neutral,0.49789225920557484
1402665480616284161,negative,1.769718175186457e-11
1402665488346402820,negative,2.685702567951785e-07
1402665493887164419,negative,0.0036704233000453028
1402665501348802566,negative,4.3375995093656005e-05
1402665504716828673,negative,0.0056518293127933005
1402665530285305857,negative,3.4719086986510535e-05
1402665530750910473,negative,0.008413378596941669
1402665542863917056,neutral,0.333971233243284
1402665542985695235,negative,1.893107210340757e-12
1402665544969592834,negative,0.01863506315551092
1402665556751310851,negative,0.0009339384450421991
1402665559876120577,negative,0.04893116096828002
1402665590846738439,negative,9.79771483941889e-05
1402665593724145678,neutral,0.5755436691302463
1402665612242046979,negative,0.0011572907654401165
1402665615802908676,negative,3.98429894462796e-05
1402665620680982532,negative,0.0038492608712137545
1402665626531991557,negative,1.9321991115024704e-05
1402665626674532357,negative,0.27965399370127725
1402665627094036484,neutral,0.49789225920557484
1402665632039149575,negative,1.6423174621649063e-07
1402665634543161345,negative,0.13694243685021312
1402665635868459008,negative,2.215819134238293e-08
1402665637114167297,negative,0.0016757552237509088
1402665637571448833,negative,0.00020268668104642557
1402665638301143046,negative,5.264029239283763e-06
1402665639869825028,negative,0.00020268668104642557
1402665650955472896,negative,0.0017946027268280313
1402665659419480065,negative,3.198760620669314e-08
1402665667552288774,negative,0.0012771513768104611
1402665670425333763,negative,1.585377686502636e-05
1402665687475236871,negative,0.03988363123463549
1402665700829900800,negative,0.008810206212910088
1402665702125977607,negative,0.0038492608712137545
1402665714184601607,negative,2.775096213343745e-08
1402665735202222084,negative,0.03376602176557915
1402665747525033988,negative,0.0004261788809829783
1402665748766527494,negative,0.0008009514504392954
1402665749060096003,negative,0.01210547307841484
1402665754235920389,negative,3.8710799836554265e-07
1402665756475658241,negative,4.1174582979509865e-06
1402665758346432516,negative,0.00020268668104642557
1402665759348830213,negative,0.00020268668104642557
1402665768542740482,negative,0.00020268668104642557
1402665777975762949,negative,0.0016757552237509088
1402665778546102272,negative,0.0038492608712137545
1402665787064819720,negative,4.0884224366672814e-05
1402665790869016584,negative,4.651710067753601e-07
1402665797814788098,negative,0.00020268668104642557
1402665801916764164,negative,0.09960464822093143
1402665809558880259,negative,0.004819540475719408
1402665812163534855,negative,0.007948659488590788
1402665818874331137,negative,0.0008607523605766916
1402665825887211528,negative,0.02142564404714981
1402665828684898307,negative,0.06022345674814521
1402665829347508229,negative,0.025475506908065743
1402665837757075456,negative,0.00020268668104642557
1402665839564922884,negative,0.0038492608712137545
1402665839954890762,negative,4.322248395629854e-09
1402665850369458190,negative,4.651710067753601e-07
1402665850960809985,negative,0.00031235520319661096
1402665852999249930,positive,0.8875677168437117
1402665856245637125,negative,0.09373768977964594
1402665860045676549,negative,3.4030262946542798e-06
1402665882384486400,negative,0.0005540634894992527
1402665907965603843,negative,0.00047340957634114397
1402665907994963978,negative,0.0002888638416036032
1402665908607328258,negative,0.0007902452882426265
1402665909437751302,negative,0.00020268668104642557
1402665915335032842,negative,0.016363388187919315
1402665931550167052,negative,0.010910812662426526
1402665934679162885,negative,7.85318279659456e-08
1402665935274643457,negative,0.0008607523605766916
1402665944678375434,negative,4.364896670603186e-05
1402665946435760130,negative,0.011616570261541831
1402665948352503813,negative,0.0008009514504392954
1402665968921370628,negative,0.0038492608712137545
1402665972150984706,negative,0.20381068259756174
1402665974386528266,negative,0.0038492608712137545
1402665976127176720,negative,0.01210547307841484
1402665977691533314,negative,4.651710067753601e-07
1402665994687074307,negative,0.0005540634894992527
1402666003474042887,negative,0.0012655688151041971
1402666013167165442,negative,0.0038492608712137545
1402666013662101516,negative,0.00020268668104642557
1402666015939571717,negative,0.016579125529298296
1402666016942047236,negative,0.11919442555563553
1402666023078203393,negative,0.06831967707310956
1402666038320304139,positive,0.7683064349109879
1402666042527301641,negative,0.022179521361280284
1402666045387771905,negative,0.06623011600675183
1402666056410451968,negative,0.00020268668104642557
1402666060122365955,negative,0.0038492608712137545
1402666062987071488,negative,0.005794392255156682
1402666073263124482,negative,0.0009005842881927808
1402666086223564805,negative,0.006378463021303425
1402666093810962436,negative,0.00020268668104642557
1402666102606417926,negative,0.00020268668104642557
1402666111821352966,negative,0.0038492608712137545
1402666117693386759,negative,0.00020268668104642557
1402666130070720517,negative,0.04893116096828002
1402666135594717189,negative,9.11480159901699e-06
1402666137553342468,negative,0.00046460696470855165
1402666141491814410,negative,4.651710067753601e-07
1402666160525619202,negative,6.992517723309839e-05
1402666162606030849,negative,0.00013563514682410084
1402666171187539970,negative,0.00028205671006159864
1402666208843927554,negative,0.016714181514673448
1402666212912414721,negative,0.0010239865890307018
1402666225738686468,negative,0.051693532224327154
1402666255102873604,negative,0.00017147745454757684
1402666260882657283,negative,0.0007902452882426265
1402666263944515584,negative,0.016579125529298296
1402666264187842563,negative,0.0038177862091407296
1402666264850583553,negative,3.495316315439854e-06
1402666266817712136,negative,0.0008009514504392954
1402666270563123206,negative,4.627456319854644e-07
1402666275726315522,neutral,0.5247133665236615
1402666284656082954,negative,0.11917451202662256
1402666285444521985,negative,0.016714181514673448
1402666285687656449,negative,0.0002888638416036032
1402666287470419975,negative,0.004486476408880492
1402666300455981062,negative,0.015669845371983487
1402666302381203456,negative,1.7115578246971102e-06
1402666318499880963,negative,0.00020268668104642557
1402666319359713285,neutral,0.49832894805362815
1402666338628292613,negative,0.016579125529298296
1402666342759776256,negative,0.11919442555563553
1402666353568501760,negative,4.1174582979509865e-06
1402666369393561606,negative,0.016579125529298296
1402666389089959937,negative,0.11919442555563553
1402666391921123328,negative,0.0054538425154248595
1402666417330212867,negative,0.00020268668104642557
1402666420127870978,negative,4.487699248427749e-08
1402666420945801232,negative,0.04893116096828002
1402666429518913546,negative,0.04893116096828002
1402666458941902850,negative,0.11919442555563553
1402666461831827463,negative,0.00020268668104642557
1402666472804130826,negative,0.0008009514504392954
1402666473970151428,negative,0.0010081169522969337
1402666481238822913,negative,0.016579125529298296
1402666482962780160,negative,0.00020268668104642557
1402666483864457226,negative,2.372128052034398e-05
1402666487396057092,negative,0.0016757552237509088
1402666494853582854,negative,0.06273364895756862
1402666495805693957,negative,0.00015464954097773535
1402666496539701253,negative,4.487699248427749e-08
1402666505876168704,negative,0.00013686601487165385
1402666508564717569,negative,0.016579125529298296
1402666525828464647,negative,0.0008009514504392954
1402666527183101954,negative,0.16162955086206265
1402666536498774023,negative,0.011616570261541831
1402666544564424704,negative,0.01210547307841484
1402666553141772293,negative,4.487699248427749e-08
1402666553645191172,negative,0.06623011600675183
1402666556434358273,negative,0.016128599972160516
1402666558909038597,negative,0.0005658210639764994
1402666567020822531,negative,0.00020268668104642557
1402666567788343296,negative,0.00020759262698651039
1402666571651235844,negative,0.0152516398626313
1402666573568020489,negative,0.00020268668104642557
1402666575140986884,negative,9.575534839933707e-07
1402666575463919623,negative,0.01941082186171237
1402666579809247232,negative,0.0008009514504392954
1402666586738155524,negative,4.487699248427749e-08
1402666589258985476,negative,0.015672120815523577
1402666589372231681,negative,0.0035097279829600053
1402666593025511424,negative,5.496003506178699e-05
1402666603322433536,negative,0.15782813754099942
1402666608183713801,negative,3.99031814397829e-09
1402666611924996106,negative,0.01210547307841484
1402666619730542592,negative,6.275525333169266e-17
1402666623471869953,negative,0.29841165505812506
1402666625145397249,negative,0.04893116096828002
1402666634184118275,negative,0.0076073007423076485
1402666634930753539,negative,1.6845574356178427e-08
1402666652580335627,negative,3.890403141184119e-07
1402666673165979649,negative,3.4030262946542798e-06
1402666674818621455,neutral,0.5465230507778991
1402666678991953922,negative,3.280639680779452e-07
1402666684029222913,negative,4.487699248427749e-08
1402666701070778375,negative,0.009735206158369333
1402666713615941634,negative,0.0028303199546814957
1402666719219523585,negative,0.11919442555563553
1402666728480460810,negative,4.487699248427749e-08
1402666732376969219,negative,0.23846980656341368
1402666743571550213,negative,0.020882756782610323
1402666763444178944,negative,0.011616570261541831
1402666765285478402,negative,0.0013584302767822225
1402666772654854144,negative,0.0008009514504392954
1402666778292011012,negative,0.0002888638416036032
1402666784612880391,negative,0.015571033550958555
1402666786110255116,negative,2.9490842808356536e-12
1402666786890342403,negative,0.00015464954097773535
1402666787817336840,negative,0.01941082186171237
1402666791726370821,negative,0.05464437691323646
1402666792691056642,negative,0.016579125529298296
1402666794591137795,negative,0.0008009514504392954
1402666800945397767,positive,0.9959789719833841
1402666813155119119,negative,0.0032973019088720166
1402666816820891650,negative,0.00020268668104642557
1402666822810443777,negative,4.487699248427749e-08
1402666860412293123,negative,0.02749913758292534
1402666880767303686,negative,0.0008009514504392954
1402666888673599489,negative,0.05224887282329232
1402666895975845893,negative,0.01629728706965591
1402666902078562313,negative,0.00020268668104642557
1402666906109284356,negative,7.625272792890442e-06
1402666911599673345,negative,0.06022345674814521
1402666913231159296,negative,0.0007937033476139013
1402666914044841993,negative,0.0016757552237509088
1402666921372311566,negative,0.0008607523605766916
1402666923419226116,negative,0.03784905802317575
1402666939428843532,negative,0.00020268668104642557
1402666942843006980,negative,0.02137877570186129
1402666947469262850,negative,0.0015331032948775636
1402666950665424898,negative,0.0024769954876201314
1402666951500087302,negative,0.032018578672458026
1402666955274952706,negative,0.00020268668104642557
1402666968306524161,negative,0.054599972458019064
1402666983766773766,negative,0.0016757552237509088
1402666992436383744,negative,0.0340906261736401
1402666992641904641,negative,0.14707615383768638
1402666998337785856,negative,0.016579125529298296
1402667007162695691,negative,0.013332550440817563
1402667008957763585,negative,0.0016757552237509088
1402667010169970691,negative,0.3191030882216135
1402667015375032320,negative,0.01626923667293204
1402667021490401283,negative,0.006993146137691066
1402667031283965953,negative,0.06623011600675183
1402667032949178370,negative,0.15782813754099942
1402667039391633410,negative,0.00025890771300686585
1402667040377298949,negative,0.001042485325551738
1402667048891736071,negative,0.0013585906164386883
1402667061936017410,negative,0.011616570261541831
1402667093812813833,negative,0.0038492608712137545
1402667100158803968,negative,0.0038492608712137545
1402667108757090308,negative,4.34888793545993e-18
1402667113937002498,negative,0.00020268668104642557
1402667120241041411,negative,0.01504115363265847
1402667122732503047,negative,0.00020268668104642557
1402667132404572161,negative,4.487699248427749e-08
1402667133377593345,negative,0.06623011600675183
1402667135776722952,negative,1.6126344075111822e-11
1402667141606871046,negative,0.04893116096828002
1402667144924512258,negative,0.003991451006001597
1402667158430228483,negative,4.253750466450411e-06
1402667164537167876,negative,1.7014317369454085e-07
1402667173009633282,negative,2.0709618488096244e-07
1402667173127065600,negative,0.0008009514504392954
1402667175522013194,negative,0.016363388187919315
1402667179917647876,negative,0.012436248817077094
1402667199333027844,negative,9.137195025837797e-05
1402667990638858248,negative,0.002116905124698894
1402667994401185794,neutral,0.5212296742315072
1402668002106130439,negative,0.005744701515500649
1402668017289515011,negative,0.006902978830694807
1402668024252014593,neutral,0.6593617425799017
1402668033064198144,negative,1.5240356329710852e-06
1402668051385012239,negative,4.487699248427749e-08
1402668054203580418,negative,0.00046460696470855165
1402668069361795077,negative,0.04893116096828002
1402668083873939458,negative,0.0008009514504392954
1402668087103664132,positive,0.7075034696565119
1402668100382822406,negative,0.0018951752098917763
1402668103293718530,negative,0.00020268668104642557
1402668105814482949,negative,0.006918733704983469
1402668114530213891,negative,0.003353556997094186
1402668117390671873,negative,8.336223086526836e-05
1402668117562695681,neutral,0.3993385983078583
1402668117613060105,negative,4.487699248427749e-08
1402668119341031430,negative,8.409903647512312e-10
1402668122239389703,negative,0.22787151393164495
1402668127872335879,negative,2.146553221883263e-07
1402668139310112771,negative,0.01115700367960208
1402668143282171908,negative,0.0005856019112049885
1402668153503682560,negative,9.171790410161642e-05
1402668157177937924,negative,0.006546122188735282
1402668157911896069,negative,3.991296943270189e-09
1402668170104741890,negative,4.487699248427749e-08
1402668174106140672,negative,0.00017391644065596084
1402668174684966918,negative,0.005744701515500649
1402668182335328256,negative,3.827302063460886e-15
1402668187477479431,negative,0.0063768242824956195
1402668196721790983,negative,0.20642363372018674
1402668204380598272,negative,1.924540641498832e-10
1402668219912044544,negative,0.01925165865477379
1402668220146987011,negative,0.006546122188735282
1402668241034567680,negative,0.00020268668104642557
1402668252346650628,negative,0.2933298941632416
1402668254687121411,negative,0.10027213572393112
1402668256268333057,negative,0.00015464954097773535
1402668258696871942,negative,1.6171431498626189e-06
1402668261045673984,negative,0.015571033550958555
1402668262840848384,positive,0.7090012347915341
1402668273955639296,negative,0.0004174086979890077
1402668276275191812,negative,0.17201718046328052
1402668288153473028,negative,0.10202436112888141
1402668295480909827,negative,1.8748671874656112e-06
1402668299725443075,negative,0.0152516398626313
1402668303294795777,negative,1.8189245680354134e-06
1402668303332610050,negative,0.003991451006001597
1402668306709073930,negative,0.0013870866362176095
1402668325973512195,negative,0.0021966211836565615
1402668334781538309,negative,0.23846980656341368
1402668336706637827,negative,0.1290862179011838
1402668342188597250,negative,0.00020268668104642557
1402668349985898507,negative,1.765934192820111e-11
1402668352762531841,negative,0.0008607523605766916
1402668355765604355,negative,6.11382774576328e-10
1402668361671118851,negative,0.06623011600675183
1402668375919239169,negative,0.00020268668104642557
1402668376825159681,negative,0.0036704233000453028
1402668379413041162,negative,0.00031449275726814797
1402668388451823622,negative,0.0361873085140966
1402668396303507460,negative,1.3561595830686068e-09
1402668399583506432,negative,0.006546122188735282
1402668404935430151,negative,1.0899051304649082e-09
1402668407464546311,negative,0.0006138054904044245
1402668411071651844,negative,5.800332269210168e-06
1402668438892470279,neutral,0.6047814466060152
1402668452217823233,negative,0.000819460987028787
1402668452465291272,negative,1.1027085026949016e-05
1402668453178269700,negative,8.867084089138443e-05
1402668453899735045,negative,2.6338428668265296e-06
1402668464033210369,negative,0.005744701515500649
1402668472543424521,negative,0.0004108780365218857
1402668474678263820,negative,0.01925165865477379
1402668475638759425,negative,4.1174582979509865e-06
1402668486049075203,negative,0.0361873085140966
1402668499932221443,negative,0.09817661975693076
1402668500032884736,negative,0.09817661975693076
1402668501450559497,negative,5.4669157844169395e-09
1402668502918602753,negative,0.0008607523605766916
1402668532828147720,neutral,0.3355549943795068
1402668536527527936,negative,0.0008607523605766916
1402668541241966598,negative,4.487699248427749e-08
1402668544840589313,negative,0.0010376987899927636
1402668561768853508,negative,0.09383342559939939
1402668567972225028,negative,0.03743729878331558
1402668588750737415,negative,0.005832069048268134
1402668591959392258,negative,0.09817661975693076
1402668613077766150,negative,6.781932130984404e-09
1402668613690179584,negative,0.00020268668104642557
1402668615833329668,negative,1.265386774686616e-09
1402668619822215180,negative,0.0361873085140966
1402668628852494336,negative,0.00013913939522033873
1402668634439393282,negative,0.00020268668104642557
1402668645831086080,positive,0.9093146685516094
1402668646128889865,negative,0.0004108780365218857
1402668646258950149,negative,0.0002831451600719751
1402668646686724100,negative,0.0036704233000453028
1402668650734182401,negative,0.14707615383768638
1402668657495396358,negative,0.001607540444698288
1402668665611374592,negative,1.4499034554263282e-06
1402668669138882560,negative,0.0013524862765061495
1402668685911859203,negative,4.2130853837147185e-11
1402668689808371719,negative,0.06623011600675183
1402668690282274828,negative,0.0007632311121332482
1402668696573710342,negative,4.487699248427749e-08
1402668698146643968,negative,0.01925165865477379
1402668727917813771,negative,0.0005710349039877972
1402668732976087044,negative,0.0008326773526134744
1402668757827338243,negative,4.1174582979509865e-06
1402668764693516288,negative,5.529907575698009e-09
1402668774130585602,negative,2.292097014779004e-09
1402668807932551176,negative,0.32243186278091496
1402668809895526401,negative,0.0008178072101578076
1402668823564763139,negative,0.016579125529298296
1402668833693917184,negative,7.170709058069046e-05
1402668838538428416,negative,0.0008009514504392954
1402668839821791232,negative,0.17040965530595983
1402668840908173314,negative,0.016363388187919315
1402668841801555985,negative,0.011616570261541831
1402668842225127427,negative,0.17982242299949308
1402668843026243589,negative,0.0008607523605766916
1402668848281800709,negative,9.890463241915845e-07
1402668848915025924,negative,4.487699248427749e-08
1402668852987809794,negative,0.004453441999073425
1402668855919579138,negative,0.00394468726762158
1402668866979958793,negative,0.00020268668104642557
1402668876765204488,negative,5.496003506178699e-05
1402668877759365126,neutral,0.3355549943795068
1402668897921339395,negative,4.1174582979509865e-06
1402668902396706818,negative,2.7565599744647718e-05
1402668903868813320,negative,4.487699248427749e-08
1402668909577310213,negative,5.987955531851997e-10
1402668917768740868,negative,3.1306189219934196e-07
1402668942481625089,negative,0.006192318258951379
1402668954020163586,negative,0.15782813754099942
1402668957631488003,negative,0.00020268668104642557
1402668964745039872,negative,0.00020268668104642557
1402668969585172482,negative,1.3224227368484084e-07
1402668973796118529,negative,0.0008009514504392954
1402668979773132807,negative,0.04893116096828002
1402668984915353610,negative,4.487699248427749e-08
1402668986840633346,negative,0.0004108780365218857
1402668987004198920,negative,0.00046460696470855165
1402669019296116740,negative,6.832033904646672e-10
1402669023842742275,negative,2.4389412063775354e-05
1402669026430574593,negative,0.04893116096828002
1402669027844136965,negative,2.7164671377630607e-05
1402669030272602113,negative,0.001232285396384033
1402669037566504962,negative,0.00020268668104642557
1402669039894339587,negative,2.0722159063963012e-07
1402669050774360080,negative,2.1427946478490484e-11
1402669053198712837,negative,0.00020268668104642557
1402669054419218444,negative,0.023364063021179552
1402669057103519749,negative,0.008053302094725474
1402669058928021504,negative,4.487699248427749e-08
1402669059632766977,negative,0.11919442555563553
1402669060660379658,negative,3.191365781115921e-05
1402669072505049088,negative,0.00020268668104642557
1402669084953780225,negative,0.19235988391091455
1402669095540064261,negative,0.00020268668104642557
1402669110761304071,negative,0.00015464954097773535
1402669113999245317,negative,0.0005658210639764994
1402669117614735374,negative,0.0038492608712137545
1402669119607132165,negative,0.0341281603262611
1402669120156483589,negative,8.447324955274253e-06
1402669126083088385,negative,0.01941082186171237
1402669133204951051,negative,0.004287950566331675
1402669134622695429,negative,0.01210547307841484
1402669137638400000,negative,4.487699248427749e-08
1402669140377210883,negative,0.006546122188735282
1402669154449211401,negative,2.80426216210522e-09
1402669156005199883,negative,0.005952367633281165
1402669162036707337,negative,0.0005939052438061561
1402669165962575875,negative,0.00020268668104642557
1402669166771986439,negative,0.00020268668104642557
1402669168630145024,negative,0.022729061518846044
1402669169347268609,negative,3.999711034026208e-09
1402669179057147904,negative,0.009453912188839366
1402669192789254148,negative,0.000807259565383497
1402669199525396483,negative,0.00020268668104642557
1402669218898886656,negative,0.011931876886731215
1402669222707277833,negative,0.0036704233000453028
1402669224695377924,neutral,0.3355549943795068
1402669230798036997,negative,0.16453553701516313
1402669232689659908,negative,4.1174582979509865e-06
1402669239719313419,negative,0.0036704233000453028
1402669284262924288,negative,0.016579125529298296
1402669285055533062,negative,0.0008009514504392954
1402669291271507977,negative,0.00020268668104642557
1402669297902796806,negative,0.009023508759891096
1402669300201185282,negative,0.009318819080366645
1402669306446503940,negative,0.006546122188735282
1402669314751225862,negative,0.0008607523605766916
1402669317448081414,negative,0.21634517005587126
1402669322569404417,negative,0.16453553701516313
1402669342513377284,negative,0.00020268668104642557
1402669368463577090,negative,0.04893116096828002
1402669376000643078,negative,2.676319248102818e-08
1402669399560134656,negative,0.000199815804777122
1402669403381043207,negative,0.00020268668104642557
1402669408133210119,negative,0.018848127922485015
1402669411593510913,positive,0.9878743997750221
1402669431407403012,negative,0.00020268668104642557
1402669449216499713,negative,0.002898429767989307
1402669450097221635,negative,2.215819134238293e-08
1402669464471154691,negative,0.00020268668104642557
1402669472243146763,neutral,0.47709640385443935
1402669491994116108,negative,0.0022219508769553012
1402669494154240000,negative,4.651710067753601e-07
1402669500659609621,negative,0.13407733281502884
1402669535371698185,negative,0.012531363604835956
1402669546314649600,negative,2.9916470758082086e-08
1402669547056947202,negative,0.01374974443202867
1402669550433452034,negative,0.0005252432892102261
1402669555957260298,negative,0.17201718046328052
1402669558037725185,negative,0.17201718046328052
1402669563548950534,negative,0.0361873085140966
1402669565008617481,negative,0.0012879309162639608
1402669578858242053,neutral,0.5182408255893437
1402669605563375616,negative,0.013118486489234743
1402669608264478724,negative,0.001694535979952677
1402669609032032260,negative,0.00011248112841554111
1402669649452580868,negative,0.00020268668104642557
1402669651201515529,negative,1.2071604250284587e-07
1402669660001214468,negative,1.9682753750220746e-08
1402669669182590982,negative,0.054213839678724444
1402669674714783746,negative,0.0005133344784672993
1402669681748631556,negative,0.0008009514504392954
1402669692679081985,negative,0.00020268668104642557
1402669706834845703,negative,0.04893116096828002
1402669727957278721,negative,0.04893116096828002
1402669729043656712,negative,4.341755826519127e-07
1402669738220785671,negative,8.003461298356748e-08
1402669738522710022,negative,0.0012809817494310346
1402669744076083202,neutral,0.3355549943795068
1402669751760035840,negative,0.04655136317756937
1402669761885048838,negative,0.0152516398626313
1402669764355530757,negative,0.00045784737914578264
1402669782248439816,negative,0.29048427384882697
1402669800384520194,negative,0.015571033550958555
1402669810891231233,negative,4.099046765581024e-08
1402669813558829065,negative,0.01210547307841484
1402669817019125762,negative,1.5315081674667e-05
1402669824891834368,negative,0.0012809817494310346
1402669832013819909,neutral,0.6218516913956537
1402669833557319685,negative,4.1174582979509865e-06
1402669844592529412,neutral,0.5576455511168764
1402669864020594697,negative,0.00020268668104642557
1402669875043127299,negative,0.0008607523605766916
1402669911093264387,negative,0.006904510675881775
1402669921310588933,positive,0.7075034696565119
1402669924489777159,negative,0.01210547307841484
1402669927836827655,negative,0.0004108780365218857
1402669950490263557,negative,0.027621737812755478
1402670004651401216,negative,4.7471862618541604e-07
1402670014696677377,negative,0.00020268668104642557
1402670020585476097,negative,0.05026807190426396
1402670026172272649,negative,0.016363388187919315
1402670047659708416,negative,0.027621737812755478
1402670048922193920,negative,2.671888738550061e-06
1402670056111280136,negative,5.828119500671255e-07
1402670064416051208,negative,0.22832350392836717
1402670100986183681,negative,0.00020268668104642557
1402670104198926342,negative,0.0008009514504392954
1402670113640304646,negative,0.00020268668104642557
1402670123090067457,positive,0.9765635773185606
1402670129037692928,negative,0.0340906261736401
1402670132812451847,negative,0.054599972458019064
1402670143247953921,negative,0.0011845687943892742
1402670154492874762,negative,0.01210547307841484
1402670161174405127,negative,1.8189245680354134e-06
1402670163120594953,negative,0.15782813754099942
1402670167038038016,negative,3.478831436681163e-06
1402670171572125696,negative,2.6533754573937684e-05
1402670172113154051,negative,0.22105983466777643
1402670177267994628,negative,0.011616570261541831
1402670178639482880,negative,1.128493066889656e-11
1402670195269849101,negative,9.203474319667727e-09
1402670197736083459,negative,2.2557858616077046e-06
1402670198734397440,negative,0.00020268668104642557
1402670199938203659,negative,0.0008607523605766916
1402670215889100802,negative,0.16913426361747186
1402670226496528390,negative,0.00045292658131163173
1402670260017324032,negative,0.00027457254970515466
1402670260139048962,negative,0.010340877652157897
1402670271903981573,negative,2.1666031434228682e-07
1402670310961332231,negative,4.183799799868111e-06
1402670311888261121,negative,5.496003506178699e-05
1402670325528207365,negative,0.0012879309162639608
1402670326060883975,negative,1.378020014975216e-06
1402670333086347273,negative,0.07920610117639178
1402670338614386688,negative,4.487699248427749e-08
1402670342817079299,neutral,0.49832894805362815
1402670347242115075,negative,0.11919442555563553
1402670347829362688,negative,0.058553252288677915
1402670352317177860,negative,0.004701492545086591
1402670357052628997,negative,3.703251655513432e-05
1402670359443300357,negative,0.00041557959759963396
1402670381853519872,negative,0.004486476408880492
1402670391949209610,negative,0.002447059598607524
1402670393924653068,negative,0.003991451006001597
1402670397657657352,negative,0.00020268668104642557
1402670402409844736,negative,1.8748671874656112e-06
1402670408894140420,negative,0.0037903830759442145
1402670415256948736,negative,0.0361873085140966
1402670415881846784,positive,0.9978692141119241
1402670416712409098,negative,0.0002586818158302764
1402670417110831105,negative,0.1456789863502487
1402670420604686350,negative,1.6260826736672846e-06
1402670434177499144,negative,4.1174582979509865e-06
1402670449629220864,negative,2.8868766449917635e-09
1402670462702850057,neutral,0.46179436388641554
1402670466301632517,negative,0.1004672271752087
1402670471133515777,negative,3.542559311794715e-05
1402670525579681802,negative,1.813678088975808e-07
1402670531451699203,negative,0.13624128354289805
1402670547276865542,negative,0.15430041151310883
1402670557359902722,negative,0.0008009514504392954
1402670557905174529,negative,0.17259339169504592
1402670559155081217,negative,1.5625714471207383e-05
1402670561705218048,negative,0.006192318258951379
1402670566860017673,negative,0.018157909013427127
1402670574330122240,negative,0.00045784737914578264
1402670578507653124,negative,0.001565477512197048
1402670596014682113,neutral,0.5293700225891195
1402670605439311874,negative,0.01374974443202867
1402670607309881352,negative,0.00020268668104642557
1402670609373581314,negative,0.0361873085140966
1402670610191368199,negative,0.04893116096828002
1402670645826228226,negative,0.001565477512197048
1402670650087591942,negative,0.0008607523605766916
1402670668928503813,negative,0.006117152796564784
1402670669087842307,negative,0.00020268668104642557
1402670689459507204,negative,1.812256543837922e-05
1402670691154026499,neutral,0.49789225920557484
1402670698246574081,negative,5.302045021597035e-11
1402670711274184706,negative,0.03743729878331558
1402670713258000391,negative,0.0006064434188493077
1402670727187382282,negative,0.0006668629050563096
1402670736486055938,negative,0.003873983337724364
1402670739531210754,neutral,0.47709640385443935
1402670745923227656,negative,3.1306189219934196e-07
1402670752462163978,negative,2.7694959491342175e-20
1402670756736208899,negative,0.00020268668104642557
1402670768765427714,negative,0.00020268668104642557
1402670777569263622,negative,1.6160395767848104e-05
1402670794799562754,negative,0.22522812872689985
1402670815469096963,negative,4.487699248427749e-08
1402670834930622465,negative,0.0008607523605766916
1402670837975629827,negative,0.00020268668104642557
1402670853528199170,negative,3.99031814397829e-09
1402670859333115908,negative,0.22522812872689985
1402670865360248832,negative,0.22522812872689985
1402670870796156930,negative,7.480909540586783e-12
1402670872784158728,negative,2.215819134238293e-08
1402670876642918413,negative,0.027471954151207324
1402670880384294912,negative,0.01210547307841484
1402670882569457673,negative,1.3783766719461523e-08
1402670885513924608,negative,0.0024769954876201314
1402670886721888265,negative,0.0004108780365218857
1402670904077918212,negative,0.29841165505812506
1402670915985547271,negative,0.0012879309162639608
1402670918598549507,negative,0.00020268668104642557
1402670929579290624,neutral,0.49789225920557484
1402670930246127623,negative,7.98697309885648e-06
1402670942380306437,negative,0.11919442555563553
1402670960134836227,negative,4.4477004793374485e-09
1402670962487726083,negative,4.0884224366672814e-05
1402670970259845123,negative,4.1174582979509865e-06
1402671759866859522,negative,0.005898995889484164
1402671769891266563,negative,0.22522812872689985
1402671774370762757,negative,0.10173998315047082
1402671778670034946,negative,3.969253280342894e-09
1402671784672047112,negative,0.16453553701516313
1402671786400043009,negative,0.00023365681397916792
1402671791387127808,negative,0.00042718615149180464
1402671828200480769,negative,0.029157944571680007
1402671830377324547,negative,0.0036622589595209617
1402671831174336516,negative,0.01767380902329044
