Tweet_ID,Sentiment_Label,Probability_pos
1445146712603979792,negative,0.012831139883995427
1445146713312927749,neutral,0.4884393079970005
1445146713811914765,negative,0.056232146351786055
1445146714025910279,positive,0.8476431229586016
1445146718387851269,positive,0.9961123198753009
1445146718656417800,neutral,0.4884393079970005
1445146733890125826,negative,0.22273357165947635
1445146740529717248,negative,0.004219254845744647
1445146741934723084,negative,0.0017114645037392604
1445146748851212288,negative,0.22273357165947635
1445146758401638405,negative,0.21470723455180585
1445146760402309126,negative,0.16784206749775626
1445146773299908610,neutral,0.36611808177859195
1445146789284306948,negative,0.08511895743232231
1445146790056144898,neutral,0.4884393079970005
1445146830459871234,positive,0.7149614316411568
1445146833496465411,negative,0.007841506195572558
1445146835841167362,neutral,0.4884393079970005
1445146839037227008,neutral,0.36611808177859195
1445146849656983564,negative,0.2828136932208214
1445146863691255813,negative,0.29421650888984446
1445146931336994823,negative,0.11242275094531884
1445146934377844736,positive,0.7149614316411568
1445146937141903360,negative,6.578764145366214e-05
1445146940740669442,neutral,0.4884393079970005
1445146958805483521,neutral,0.4884393079970005
1445146960772538372,negative,0.13099863183082455
1445146969232617473,negative,0.24249699587112977
1445146970973163524,positive,0.8388585370342109
1445146973837930499,negative,0.11689118862717456
1445146991395229701,negative,0.16551724055211098
1445147024874217472,neutral,0.4884393079970005
1445147026660990981,positive,0.9945843511967947
1445147030922334216,negative,0.20439966089722336
1445147057203945478,neutral,0.4428061444806579
1445147063306657798,negative,0.00042767745316843827
1445147066850758661,neutral,0.4884393079970005
1445147067253460994,positive,0.9415292063697321
1445147078724882439,neutral,0.3558354121724745
1445147095019708422,negative,0.30388237095714604
1445147101755854851,positive,0.7408591828475674
1445147109133623301,negative,0.0009299094931056177
1445147109506813966,neutral,0.4470603260972807
1445147116167385094,positive,0.7685761058266186
1445147148333506565,negative,3.7482091953024115e-06
1445147148639735811,neutral,0.4884393079970005
1445147151730946057,negative,2.254290051949846e-06
1445147152339046410,negative,0.03536950775689928
1445147166213910530,neutral,0.4884393079970005
1445147170881949703,neutral,0.4884393079970005
1445147180470255619,neutral,0.4884393079970005
1445147185989947398,negative,0.03536950775689928
1445147188657590279,negative,0.027903647743638724
1445147233930944513,negative,0.05821482498704981
1445147234274844675,negative,0.18792187048491685
1445147249563029507,negative,0.05857124294455172
1445147253421838339,positive,0.7393617578898023
1445147262544490506,negative,0.0012876771796706135
1445147266902339586,neutral,0.4884393079970005
1445147272300355588,negative,0.006965300351735489
1445147276431790089,negative,0.21472813664945828
1445147282295377922,negative,0.013307050166178473
1445147289517973513,positive,0.997826715620618
1445147300058259461,negative,0.03536950775689928
1445147308740460545,negative,0.003288755042440865
1445147319628873730,neutral,0.4884393079970005
1445147345335816195,negative,0.0026077012964944514
1445147351191072768,negative,0.028129198768237745
1445147353745403908,negative,0.28854426538347494
1445147355632783360,negative,0.17932185224845293
1445147370438680582,neutral,0.4884393079970005
1445147435161034753,negative,0.0020471964932787276
1445147439598612484,negative,0.00012340563527497305
1445147464487653377,positive,0.796237877763375
1445147500571205632,negative,0.0002146312661001179
1445147505579241475,negative,0.02793304887828518
1445147513057681414,negative,0.08511895743232231
1445147527129542659,neutral,0.4884393079970005
1445147530354954240,neutral,0.4884393079970005
1445147530539454476,negative,0.044179880756355164
1445147536772194304,negative,0.14397803779883903
1445147541612417033,negative,0.03701508290689606
1445147546180112390,negative,0.09475923411273379
1445147553364946945,neutral,0.46127768308170247
1445147563724836869,negative,0.02614617038683971
1445147566589415426,negative,3.7482091953024115e-06
1445147567663296521,negative,0.0005909995968992169
1445147572042178561,neutral,0.473342446370703
1445147580346814470,neutral,0.4884393079970005
1445147586344726530,neutral,0.4884393079970005
1445147586416021507,negative,0.003042534044909981
1445147597442883584,negative,0.19100887337343067
1445147599460347912,negative,0.03536950775689928
1445147621828579333,negative,0.03536950775689928
1445147628979859462,negative,0.00017141410406157874
1445147629541904388,negative,0.15835908417565278
1445147634440839168,negative,0.03339683206979272
1445147658088235014,negative,0.014317715119458799
1445147682348191751,negative,0.03536950775689928
1445147685409988609,negative,0.003400069997542509
1445147689407160325,negative,0.027903647743638724
1445147690468323338,negative,0.10323244534524888
1445147705198747649,negative,4.741264547091237e-05
1445147715189497863,negative,0.0754876851857739
1445147715365752840,negative,0.044179880756355164
1445147790489931786,positive,0.9923933408645498
1445147797683150852,negative,3.096367029189776e-07
1445147820898590724,neutral,0.4884393079970005
1445147823809437699,negative,0.0005751536514446916
1445147829249396738,negative,0.10009065629389999
1445147864309682184,positive,0.9923933408645498
1445147870286467076,negative,0.2828136932208214
1445147878985400325,neutral,0.36611808177859195
1445147890570117121,negative,0.024448487293284245
1445147918822948864,negative,0.11539909781174437
1445147929908494343,negative,0.09494365365033387
1445147933763149829,negative,0.012421806796847729
1445147937890312194,neutral,0.40293916234988597
1445147943397384197,negative,0.044179880756355164
1445147952624852997,negative,0.10323244534524888
1445147959696441344,negative,0.1795063389453049
1445147970068910087,negative,0.16511849380233498
1445147970194731022,negative,0.000738045251477139
1445147984870748164,negative,5.646624202773448e-05
1445147991866761227,negative,0.0013307346534923979
1445147999299149832,neutral,0.4884393079970005
1445148013647761409,positive,0.9231862979958355
1445148040315166721,neutral,0.4884393079970005
1445148049651773442,negative,0.005559152458570601
1445148058413584392,negative,0.1545629308719673
1445148069536976897,positive,0.9923933408645498
1445148074310082565,neutral,0.4884393079970005
1445148092127490050,negative,0.017549770745124055
1445148096296624129,negative,0.10323244534524888
1445148104290885639,neutral,0.4532243126278243
1445148119218409473,negative,0.007735670477454458
1445148120921296899,negative,0.0514664449820847
1445148155226607617,neutral,0.487980366762386
1445148164076486662,positive,0.9923933408645498
1445148166626623490,negative,0.03536950775689928
1445148167419334658,neutral,0.4884393079970005
1445148189829615623,negative,0.0293878831941418
1445148197433794566,negative,0.2828136932208214
1445148210582933508,neutral,0.4683036256220122
1445148215356100615,negative,4.485755981937349e-05
1445148222318649347,negative,0.09234250778596573
1445148224302600197,neutral,0.4884393079970005
1445148226806484993,negative,0.311909800518841
1445148247421595653,neutral,0.3919276791078506
1445148249053138945,positive,0.9923933408645498
1445148250097561603,negative,0.011625147387565843
1445148255067705350,neutral,0.4683036256220122
1445148260470071297,positive,0.9923933408645498
1445148266711195652,neutral,0.4884393079970005
1445148275066163206,negative,0.2302447781743536
1445148289406537731,neutral,0.56500094143965
1445148304526954499,negative,0.015673478315289063
1445148318179512323,positive,0.9923933408645498
1445148331429306373,negative,0.07837470712404762
1445148355051540486,positive,0.9923933408645498
1445148362483904516,negative,0.07675273464890729
1445148363511455744,positive,0.9923933408645498
1445148369194786816,positive,0.9923933408645498
1445148378778701829,negative,6.286106284619584e-05
1445148385988710408,negative,0.17705021531701223
1445148414132559876,negative,0.09234250778596573
1445148430679040008,negative,0.07105277005149001
1445148460513124359,neutral,0.48728019602140255
1445148470373933057,neutral,0.3919276791078506
1445148483233660928,negative,0.003059875742117478
1445148493966888968,negative,2.1380196859567366e-05
1445148495858569224,negative,1.5117028678324856e-05
1445148516909821955,negative,0.10701263545833653
1445148524312764424,negative,0.011625147387565843
1445148537440845827,positive,0.9923933408645498
1445148560643792898,positive,0.9923933408645498
1445148569435058177,neutral,0.48728019602140255
1445148578285080581,positive,0.9923933408645498
1445148583397838853,neutral,0.4884393079970005
1445148594940649476,neutral,0.4884393079970005
1445148603547365378,negative,0.03536950775689928
1445148611659108356,negative,0.03536950775689928
1445148617287905285,negative,0.03536950775689928
1445148649420427265,negative,0.024448487293284245
1445148660392660993,negative,0.0004943764762109113
1445148678503739393,positive,0.9923933408645498
1445148689211723781,positive,0.9923933408645498
1445148698959286279,positive,0.9923933408645498
1445148700385370116,positive,0.9923933408645498
1445148705267535873,negative,0.0013307346534923979
1445148714583085066,neutral,0.4884393079970005
1445148732320718854,negative,0.03183010250861874
1445148734732607492,positive,0.9923933408645498
1445148736842342408,negative,0.003987287646063198
1445148752692629508,positive,0.7393617578898023
1445148754449944579,negative,0.0013899462471264614
1445148754663849990,neutral,0.4884393079970005
1445148762775633923,negative,0.012410073071318778
1445148790785183750,negative,0.0014918235489825816
1445148795273195522,negative,0.0023454406920515856
1445148800167911429,negative,0.0002811817108243662
1445148846976274437,neutral,0.3404075417727948
1445148883517124608,neutral,0.4884393079970005
1445148895751856129,negative,2.7381351130504423e-13
1445148903540543491,negative,0.014317715119458799
1445148908154458114,negative,0.003400069997542509
1445148918380171265,negative,0.11999843430318263
1445148936679821315,negative,0.3102329509245808
1445148958100164613,negative,0.13926157684369903
1445148998570942467,negative,0.11818566942003161
1445149007131680771,negative,0.09234250778596573
1445149021480407047,negative,0.21896291008131724
1445149035787075595,negative,6.195913757150747e-05
1445149063180132355,negative,0.006009580781591643
1445149089037959171,negative,0.10323244534524888
1445149096436801539,neutral,0.41956321267742214
1445149096474513409,negative,0.021493061064653384
1445149130666487817,neutral,0.4884393079970005
1445149133216657411,neutral,0.4884393079970005
1445149176745050112,negative,0.15989314823977885
1445149213017481221,neutral,0.4507454498615163
1445149222609768450,negative,0.05083353520425226
1445149223616499715,neutral,0.4884393079970005
1445149225638006784,negative,0.11027163641625728
1445149227051626501,negative,0.013524638780203758
1445149228163022854,neutral,0.48728019602140255
1445149238430736387,negative,0.0836346448076822
1445149242918645760,positive,0.7393617578898023
1445149253261799424,negative,0.01881397020755486
1445149301445996546,negative,0.1604371911952297
1445149301785735168,negative,0.28854426538347494
1445149318558662661,positive,0.6985672997023086
1445149331904942085,positive,0.6985672997023086
1445149334761259010,negative,0.003400069997542509
1445149384581259271,negative,0.014317715119458799
1445149411730989063,negative,0.21470723455180585
1445149424267714561,negative,0.20326126285426188
1445149472762257414,positive,0.9923933408645498
1445149490307010564,negative,0.020921613998135354
1445149524100591625,neutral,0.376442787180002
1445149531629314059,neutral,0.4884393079970005
1445149575619174409,negative,0.0371785985270329
1445149578085519365,negative,0.10087766505651456
1445149580555862020,negative,0.027280932246953906
1445149599635845120,negative,0.19285700320652385
1445149628425453571,negative,0.044179880756355164
1445149653373276163,neutral,0.4884393079970005
1445149657156530184,negative,0.03536950775689928
1445149664316116994,negative,0.011857621389649823
1445149665771638786,negative,0.01676275077164432
1445149665863798784,negative,0.0017114645037392604
1445149672352452608,negative,0.03628560813328838
1445149677704335361,negative,0.10323244534524888
1445149725540372485,neutral,0.49789225920557484
1445149731081052161,negative,0.044179880756355164
1445149744049889291,negative,0.00042767745316843827
1445149765134602244,negative,0.20326126285426188
1445149784440979461,negative,0.024232463844371135
1445149784889860100,neutral,0.4884393079970005
1445149834080657416,negative,0.12358246809133092
1445149835150172162,neutral,0.6589038738548347
1445149866179579904,positive,0.9923933408645498
1445149869375639559,negative,0.11818566942003161
1445149874509553666,negative,0.003987287646063198
1445149920567177218,positive,0.9210665453448887
1445149932931985409,negative,0.2828136932208214
1445149941542920196,negative,4.1682891635741364e-07
1445149965467144197,positive,0.805890637637706
1445149980994457601,negative,0.20439966089722336
1445149990557560833,neutral,0.4884393079970005
1445149997838766087,negative,0.003400069997542509
1445149998283427847,negative,0.01676275077164432
1445150055938277382,negative,0.03669740164105094
1445150058610110476,negative,9.167735726771969e-07
1445150081519431685,negative,0.050021920727568725
1445150137421021190,positive,0.9945843511967947
1445150146958925824,positive,0.7393617578898023
1445150156370939911,negative,0.006582745179791641
1445150157872549895,negative,0.09234250778596573
1445150166240071686,positive,0.997826715620618
1445150175618547718,negative,0.005171149064881701
1445150196187504640,neutral,0.4884393079970005
1445150215569387522,neutral,0.42654411273417087
1445150260754530310,neutral,0.42654411273417087
1445150272817442816,negative,0.0010086036665399028
1445150276298543110,negative,0.03536950775689928
1445150329197170689,negative,0.2626825490324892
1445150334666645507,negative,0.07675273464890729
1445150374596337670,negative,0.09234250778596573
1445150407542677508,negative,0.055225005659940256
1445150443907305478,negative,0.18795859623648656
1445150452870430724,negative,0.014317715119458799
1445150486424952835,neutral,0.48728019602140255
1445150486781259777,negative,0.000738045251477139
1445150492863176712,neutral,0.4884393079970005
1445150493387509768,negative,0.017549770745124055
1445150499616043012,negative,0.168287693385521
1445150516405837833,negative,0.0021342384163378055
1445150520969158658,neutral,0.4884393079970005
1445150548894826500,neutral,0.4884393079970005
1445150549691621390,neutral,0.46127768308170247
1445150552204193799,negative,0.01676275077164432
1445150562488553475,positive,0.9923933408645498
1445150584370249732,negative,0.05355622692572346
1445150589936078851,negative,0.004759652697458165
1445150597473316864,negative,0.012410073071318778
1445150619371810817,neutral,0.4884393079970005
1445150619891863558,negative,0.0026077012964944514
1445150640666259461,negative,0.03536950775689928
1445150651403710467,neutral,0.4884393079970005
1445150655879000069,negative,0.12358246809133092
1445150671922139140,negative,0.00031808665347456827
1445150688527388674,neutral,0.4884393079970005
1445150696735748099,negative,0.0015090217956136114
1445150698480488455,negative,0.03183010250861874
1445150709201178627,negative,0.0005574610092677841
1445150779501842441,negative,0.13232814466454448
1445150793007513607,negative,0.05821482498704981
1445150826406809605,negative,0.07027074712037426
1445150871218688004,neutral,0.4884393079970005
1445150883541618692,neutral,0.4884393079970005
1445150903443542020,negative,0.07105277005149001
1445150928265416709,negative,0.004520691741916128
1445150939099377668,negative,1.848677129284088e-05
1445150945973833735,positive,0.9923933408645498
1445150947618041859,neutral,0.4884393079970005
1445150959231979525,neutral,0.4884393079970005
1445150998465585152,negative,0.004706414535913496
1445151000294264837,negative,0.2867803264072747
1445151009265922049,positive,0.9923933408645498
1445151019244167177,neutral,0.4884393079970005
1445151027838267398,negative,0.03536950775689928
1445151094309593095,negative,0.030226884444671538
1445151101855191045,negative,0.09882469949012937
1445151107748147203,negative,5.846414821421564e-05
1445151120163278849,negative,0.2157852973131094
1445151143416446980,neutral,0.4884393079970005
1445151160420143107,negative,0.030226884444671538
1445151192837992454,negative,0.07675273464890729
1445151200307986439,negative,0.06130359634000777
1445151201214058497,negative,0.010274332070166241
1445151201386016777,negative,0.004706414535913496
1445151207299895296,negative,0.012790418224078741
1445151207606128648,negative,0.0011711386766836013
1445151212417003522,negative,0.030226884444671538
1445151212647636998,negative,0.014317715119458799
1445151217970294790,negative,0.11818566942003161
1445151253542195201,negative,0.12321787508431956
1445151255362523143,negative,0.03183010250861874
1445151263797174274,positive,0.9231862979958355
1445151291202756610,negative,0.030418541724492928
1445151297078956038,negative,0.0007992637475293532
1445151297645203458,negative,0.030418541724492928
1445151321699586056,negative,0.06130359634000777
1445151335146528769,negative,0.22210376698617107
1445151348756992002,negative,0.0026077012964944514
1445151625316904964,positive,0.8437107026017513
1445151628462526473,positive,0.9231862979958355
1445151637803261953,neutral,0.4884393079970005
1445151642555457542,negative,0.005438474669616807
1445151661928898563,negative,0.012463476915157394
1445151670565056517,positive,0.9923933408645498
1445151686364839945,positive,0.9231862979958355
1445151707609059334,negative,9.36078683254056e-05
1445151713133015047,negative,0.024448487293284245
1445151716878467076,negative,0.010274332070166241
1445151718606577671,neutral,0.33478393909272625
1445151735790571522,neutral,0.40293916234988597
1445151744741228547,negative,0.0013915362376294167
1445151756007116804,negative,2.934787977324929e-06
1445151804057169920,positive,0.9231862979958355
1445151809400721411,neutral,0.4884393079970005
1445151809551667206,neutral,0.46256650377179537
1445151811355258880,negative,0.00040594057093633985
1445151828073668621,negative,0.012421806796847729
1445151830040842247,negative,0.22143131388391088
1445151835476709379,positive,0.9923933408645498
1445151845819764745,negative,0.31732489718339985
1445151851196866564,negative,0.15309189080054722
1445151875280613383,positive,0.9923933408645498
1445151917949194242,neutral,0.3558354121724745
1445151940254609409,negative,0.09234250778596573
1445151943756849156,neutral,0.4884393079970005
1445151964409573376,negative,0.0033976833460029558
1445151985259458563,neutral,0.4884393079970005
1445151990917607424,neutral,0.4884393079970005
1445152016632848389,negative,0.10323244534524888
1445152025667383297,neutral,0.5050329084912144
1445152049214201864,negative,2.15394685844089e-05
1445152074572914695,negative,0.030493841854122926
1445152075374120962,negative,0.0023454406920515856
1445152085679513609,positive,0.9231862979958355
1445152091673137154,negative,0.006271339410809675
1445152110920617994,negative,0.07675273464890729
1445152115719081987,neutral,0.4884393079970005
1445152125768642565,neutral,0.3944311763627639
1445152137302904833,negative,0.3102329509245808
1445152144764641289,negative,0.024448487293284245
1445152147155324928,negative,0.10398637762894442
1445152147159625728,negative,0.05821482498704981
1445152147629383689,negative,0.09234250778596573
1445152151655927810,negative,0.2818336494739866
1445152187026391043,negative,0.024448487293284245
1445152227480514561,negative,0.03183010250861874
1445152228529029123,negative,0.09355512964776724
1445152239241375746,negative,0.003288755042440865
1445152247705374723,negative,0.2247287681623959
1445152250083651586,positive,0.7393617578898023
1445152285647065095,negative,0.07463094852067477
1445152311047753732,negative,0.03536950775689928
1445152386855673856,negative,0.05272877206669259
1445152390798364678,positive,0.9923933408645498
1445152395265196038,negative,0.005559152458570601
1445152397517492238,neutral,0.3426638101355001
1445152402915700739,negative,0.00042767745316843827
1445152411170050052,neutral,0.41417187658032195
1445152416610009092,positive,0.9231862979958355
1445152432959332376,negative,0.0013155280319466082
1445152447144550403,negative,0.09234250778596573
1445152453603827712,neutral,0.41417187658032195
1445152454853672961,negative,0.0717871921996669
1445152457806516231,negative,0.028009531461837104
1445152459794563073,negative,0.168287693385521
1445152466803249158,negative,0.01275335000605495
1445152467252088835,negative,0.10323244534524888
1445152480992632836,negative,0.0023454406920515856
1445152511770435589,neutral,0.4884393079970005
1445152525317988352,neutral,0.3426638101355001
1445152547849834504,negative,0.0004943764762109113
1445152555970056199,positive,0.9231862979958355
1445152601906061317,negative,0.0017541989958924373
1445152604590313474,negative,0.10323244534524888
1445152609485168644,negative,0.016592135764261384
1445152615055118338,neutral,0.4884393079970005
1445152644876623873,negative,0.00010300866639266916
1445152650681536515,neutral,0.4884393079970005
1445152659867152396,negative,0.01881397020755486
1445152675687919617,negative,0.03351070051639462
1445152676677885959,positive,0.9231862979958355
1445152680398184449,positive,0.6957475034351513
1445152680574394373,neutral,0.3944311763627639
1445152688098975756,negative,0.0717871921996669
1445152691001434125,negative,0.08688454491756425
1445152705849200643,negative,0.0023454406920515856
1445152706583224322,negative,0.10323244534524888
1445152720030158851,negative,0.017549770745124055
1445152753047719941,neutral,0.41417187658032195
1445152774967156736,negative,0.0015497312265353117
1445152778083618821,negative,0.145779073095437
1445152782596681735,neutral,0.4884393079970005
1445152789148184576,neutral,0.518187215180938
1445152798333677570,positive,0.7393617578898023
1445152821054251009,neutral,0.4884393079970005
1445152821142294533,negative,0.05981635104050204
1445152848325578754,negative,0.03536950775689928
1445152852243013637,neutral,0.4884393079970005
1445152857360146436,negative,0.145779073095437
1445152859436294146,negative,0.0023454406920515856
1445152865832607747,neutral,0.5614152023143125
1445152897990373378,negative,0.07174362539377149
1445152936858947585,negative,0.03694054224570534
1445152954466639876,negative,0.03694054224570534
1445152967934373896,negative,0.005559152458570601
1445152997491814401,negative,0.0026077012964944514
1445153003078512660,neutral,0.3499352441185855
1445153003154051076,negative,0.000738045251477139
1445153007973371905,negative,0.16784206749775626
1445153012616421381,negative,0.0006150707651103545
1445153027510489090,negative,0.017549770745124055
1445153058174996487,negative,0.20439966089722336
1445153061362671619,negative,0.012410073071318778
1445153064000933890,negative,0.05853952865487993
1445153080761274374,negative,0.0015916020590982826
1445153094703140868,negative,0.0023454406920515856
1445153103754444801,positive,0.9231862979958355
1445153110830288896,positive,0.9231862979958355
1445153126957428747,negative,0.0012526613183882738
1445153154392371209,negative,0.14169242937162022
1445153187015630850,neutral,0.4884393079970005
1445153187023912974,negative,0.009074357990695453
1445153194762547203,negative,0.030226884444671538
1445153205969641478,negative,0.005559152458570601
1445153206816935937,negative,0.07675273464890729
1445153211564924928,neutral,0.3569384913639601
1445153217290067981,negative,0.2828136932208214
1445153229717786624,negative,0.11028753956108292
1445153232079233027,negative,0.2400796280440758
1445153236965597185,neutral,0.473342446370703
1445153253549920260,negative,0.005012080497322814
1445153280422776837,negative,0.00020339813403353856
1445153320247693312,negative,0.1523347237262501
1445153340824895495,negative,0.09234250778596573
1445153369472086018,negative,0.00037357884690941516
1445153373595082754,negative,0.145779073095437
1445153377365659657,negative,0.16230633834397773
1445153388535156739,neutral,0.4884393079970005
1445153412543356935,negative,0.006271339410809675
1445153422253203464,negative,0.07675273464890729
1445153450191360002,positive,0.9231862979958355
1445153564494471169,negative,0.0006859240045750522
1445153581456367618,negative,0.014317715119458799
1445153633977446411,negative,0.09234250778596573
1445153662251188225,negative,0.03536950775689928
1445153664428040194,negative,0.05508583148184445
1445153685684867076,neutral,0.4884393079970005
1445153707470082049,negative,0.0023454406920515856
1445153713774108678,negative,0.003288755042440865
1445153750042165248,positive,0.7138114386286938
1445153752349085701,negative,0.05591955315224906
1445153753884200965,negative,0.1309244512396826
1445153809156673545,neutral,0.4884393079970005
1445153814512865287,neutral,0.4884393079970005
1445153857915523072,negative,0.043201165891780115
1445153894322089990,negative,0.10323244534524888
1445153898965213192,neutral,0.4884393079970005
1445153901964054528,negative,0.009074357990695453
1445153908649861124,negative,8.446809586997756e-05
1445153918284177412,negative,0.002062361598893619
1445153922675580935,neutral,0.5630410866502906
1445153925108273162,negative,0.08459571568404431
1445153925343158272,negative,0.0023454406920515856
1445153933119340544,negative,0.00042767745316843827
1445153957320564736,negative,0.0018125398169344703
1445153958687879176,negative,0.06329080802347534
1445153962903146501,neutral,0.5967205668999948
1445153973430804481,negative,0.10323244534524888
1445153999817150468,neutral,0.3569384913639601
1445154001826181124,negative,0.024980774214136508
1445154005890605056,negative,0.06162497513380576
1445154006075158528,negative,0.08459571568404431
1445154019224260612,negative,0.0023454406920515856
1445154023301017606,negative,7.703968861860114e-05
1445154061716762626,negative,0.08553774561841138
1445154062383648773,negative,0.2467340356804323
1445154094050578442,negative,0.0035039840679975337
1445154114703343618,negative,0.005559152458570601
1445154115944857601,neutral,0.33611984970075565
1445154121137467393,neutral,0.6160819866736235
1445154126329962500,neutral,0.4884393079970005
1445154127659556866,negative,0.09234250778596573
1445154129165307904,negative,0.0371785985270329
1445154196932734981,negative,0.11543756511966399
1445154230235537412,negative,0.10323244534524888
1445154253731942409,negative,0.09234250778596573
1445154261218652187,positive,0.9937845763206025
1445154262980472841,neutral,0.3597492342026736
1445154281372356613,negative,0.002661892630416479
1445154281850503171,negative,0.002661892630416479
1445154309621026822,neutral,0.33478393909272625
1445154318450049025,negative,0.06062516730565888
1445154336762470404,negative,0.19103351180477365
1445154344903585793,negative,0.0026077012964944514
1445154357998141447,negative,0.3189879193612644
1445154359868805125,negative,0.01676275077164432
1445154369645604865,positive,0.805890637637706
1445154369725419525,negative,0.002675167529411758
1445154386938843142,negative,0.00073041541118402
1445154397797982212,negative,4.625124608087497e-05
1445154406085939206,neutral,0.5887973398928581
1445154415464402947,negative,0.003288755042440865
1445154423634792449,positive,0.9231862979958355
1445154439392862210,neutral,0.4884393079970005
1445154454462992387,negative,0.11543756511966399
1445154468690026500,negative,0.028235457908418894
1445154485899202565,negative,0.00023397375517690786
1445154494367551493,negative,0.006914352283499482
1445154514965876738,neutral,0.3558354121724745
1445154555482755073,negative,0.006914352283499482
1445154557953204230,negative,0.09475923411273379
1445154567189114882,neutral,0.49789225920557484
1445154572016697345,negative,0.015100537470206095
1445154573270851585,negative,0.09234250778596573
1445154575254704138,negative,0.09234250778596573
1445154579256168452,negative,0.006914352283499482
1445154586973593607,negative,0.005559152458570601
1445154611053137926,negative,0.11539909781174437
1445154611573166093,negative,0.006914352283499482
1445154624542027779,negative,0.006914352283499482
1445154641113722885,neutral,0.4884393079970005
1445154651196821510,negative,0.050021920727568725
1445154675515432968,negative,0.028409612632445812
1445154702950273035,negative,0.10323244534524888
1445154705219411974,negative,0.09234250778596573
1445154706452631552,negative,0.00013163535236605797
1445154731354165257,positive,0.9923933408645498
1445154746743001088,negative,0.006914352283499482
1445154764862509059,negative,0.00039698432583630083
1445154775306285056,negative,0.09234250778596573
1445154780301733901,negative,2.7436244814007483e-06
1445154781299761160,negative,2.6639501433077643e-06
1445154784495947782,negative,0.050021920727568725
1445154798970494984,negative,0.028409612632445812
1445154815307358222,negative,0.09234250778596573
1445154817836470281,negative,0.003400069997542509
1445154836782227462,negative,0.024980774214136508
1445154844592033794,positive,0.9231862979958355
1445154864749813760,negative,0.006914352283499482
1445154923767898115,negative,0.0018125398169344703
1445154925617586185,negative,0.17414387744678322
1445154925906911234,negative,0.003987287646063198
1445154969695526913,negative,0.03183010250861874
1445155003119939593,negative,0.10323244534524888
1445155011995049984,negative,0.2802311668314923
1445155020232708103,negative,0.03536950775689928
1445155030873501698,negative,2.6639501433077643e-06
1445155032609869825,negative,2.6639501433077643e-06
1445155032668663819,negative,2.6639501433077643e-06
1445155033088024577,negative,2.6639501433077643e-06
1445155036422709250,negative,0.00042767745316843827
1445155047776657415,negative,0.0017114645037392604
1445155094304104449,negative,2.6639501433077643e-06
1445155095746912258,negative,0.028409612632445812
1445155096426422273,neutral,0.3558354121724745
1445155124372926464,neutral,0.3726209947209187
1445155152336465924,negative,0.0006812737819433669
1445155176097226755,negative,0.0011181560767833058
1445155226592370688,negative,0.0023454406920515856
1445155233525534722,negative,0.1436274113522952
1445155243512279047,negative,0.09234250778596573
1445155251862999043,negative,0.028409612632445812
1445155319550726144,negative,0.11172692125611332
1445155331886178308,neutral,0.4884393079970005
1445155332351746049,negative,5.059600668259327e-11
1445155380363935747,negative,0.14553802509323682
1445155401087979520,negative,0.006914352283499482
1445155443861594112,negative,0.11268810573879454
1445155463373463552,negative,0.001297515312311783
1445155467882270720,neutral,0.4884393079970005
1445155494260322309,negative,0.09475923411273379
1445155502439211008,negative,0.11539909781174437
1445155519820357637,negative,0.000738045251477139
1445155520965488650,neutral,0.4884393079970005
1445155534966038532,negative,0.005623473180338554
1445155539604881408,negative,0.001297515312311783
1445155546127032325,negative,0.037943978395284836
1445155548945551375,negative,0.22245349817144505
1445155568197545985,negative,0.006914352283499482
1445155589936537607,negative,0.004808031372841782
1445155597138210825,negative,0.028409612632445812
1445155634962370562,negative,0.0003115197993364416
1445155654080110596,negative,0.20931163683229143
1445155670236479490,negative,0.03183010250861874
1445155681556893696,negative,7.417525157871438e-05
1445155692785147908,neutral,0.4884393079970005
1445155702025031686,negative,0.10323244534524888
1445155761424850949,neutral,0.4884393079970005
1445155782119628806,negative,0.09234250778596573
1445155802919186440,negative,0.09475923411273379
1445155837320863747,negative,0.010600463396073298
1445155848402128902,negative,0.0010814153269157814
1445155864667697152,neutral,0.4884393079970005
1445155872041230342,negative,0.03536950775689928
1445155872959877127,neutral,0.4373255837432663
1445155874868273155,negative,0.0012295674190381967
1445155883835707395,negative,5.071755648163108e-06
1445155885391749120,negative,0.00020002114456995663
1445155894296256513,negative,0.024885991170166336
1445155907235573773,negative,0.006914352283499482
1445155937652719619,negative,0.0717871921996669
1445155959278555142,negative,0.22629500653466988
1445155971509202949,negative,0.2802311668314923
1445155984721289216,negative,0.03536950775689928
1445155995643269121,neutral,0.3569384913639601
1445156011338252290,negative,0.006914352283499482
1445156036470575111,negative,0.017129065425047413
1445156044146102275,positive,0.8619084794855766
1445156046796849176,negative,0.006914352283499482
1445156049078587396,negative,0.07105277005149001
1445156049535766534,negative,0.16653608139075893
1445156114803343369,negative,0.0003845562770714073
1445156121598177282,negative,0.23697004907925584
1445156153932066817,negative,0.0395032155649742
1445156188040187912,negative,2.0954286243546315e-05
1445156196034531332,positive,0.9923933408645498
1445156237046337537,neutral,0.4884393079970005
1445156255358754818,negative,0.019283640892647565
1445156267337601025,neutral,0.4884393079970005
1445156303492370441,negative,0.05430249982839121
1445156308399841282,negative,0.028409612632445812
1445156354751188992,negative,4.871663957151271e-10
1445156375315812353,negative,0.18780443219664347
1445156376624472072,negative,0.03536950775689928
1445156379426271233,negative,0.020921613998135354
1445156390838939651,negative,0.32194855374752746
1445156424808648706,negative,0.16653608139075893
1445156431083225090,negative,0.0023454406920515856
1445156465229115395,negative,0.16653608139075893
1445156475018510336,negative,1.106897125113321e-05
1445156521919254530,negative,0.050021920727568725
1445156525337686016,negative,0.07105277005149001
1445156532581281792,negative,0.024980774214136508
1445156568559927301,negative,0.03536950775689928
1445156589657231363,positive,0.9231862979958355
1445156609475452929,neutral,0.4884393079970005
1445156616941096963,neutral,0.4811469116920518
1445156641314381825,neutral,0.35157173934417313
1445156645072474112,negative,0.03506937882636164
1445156655054790657,positive,0.9231862979958355
1445156678396153860,negative,0.024980774214136508
1445156759883157509,negative,0.003288755042440865
1445156770519859213,negative,0.11689118862717456
1445156777952169989,negative,0.09835987604337858
1445156791940272130,negative,0.21139109066500397
1445156844578787336,negative,0.00023489629870923344
1445156846923304968,negative,0.17946474853861033
1445156848735293447,negative,0.006914352283499482
1445156853223206913,negative,0.17330526130873986
1445156880255528966,neutral,0.4884393079970005
1445156890791534598,negative,0.00042767745316843827
1445156893018759169,negative,0.035932779595564866
1445156893576601606,negative,0.010397785678824743
1445156900765671429,negative,1.1835916856015112e-05
1445156911494713349,negative,0.15063853677562317
1445156918977249280,negative,0.004866648533389165
1445156925218435076,negative,0.18289857916313174
1445156931874721796,negative,0.028409612632445812
1445156973796904964,negative,0.007005056238639773
1445157057011798021,negative,0.2157852973131094
1445157104596172803,positive,0.9923933408645498
1445157107213508614,positive,0.8573797351531149
1445157111713906692,negative,0.17330526130873986
1445157120559697929,negative,0.003400069997542509
1445157123193774080,negative,0.16238354240856034
1445157133054615552,positive,0.9231862979958355
1445157142865006594,negative,0.0007080341081285347
1445157144605626375,negative,0.09234250778596573
1445157230387646465,positive,0.7393617578898023
1445157277959442432,negative,0.04993413964459258
1445157284980543492,positive,0.8988542565823633
1445157303326584840,neutral,0.4884393079970005
1445157311698415621,negative,0.001297515312311783
1445157323371171842,negative,0.016656528797076162
1445157360553631748,negative,0.03536950775689928
1445157361409306627,neutral,0.4884393079970005
1445157363707785219,negative,2.3090343880566266e-05
1445157377477644290,negative,0.054986728665892125
1445157391989891072,negative,0.05097990517190356
1445157392841330688,negative,0.0023454406920515856
1445157393223110656,neutral,0.4884393079970005
1445157412827172865,negative,0.006914352283499482
1445157485770330117,negative,0.17330526130873986
1445157497980039170,neutral,0.4683036256220122
1445157519584808961,negative,0.00011307486415053408
1445157570126172162,negative,0.0061264284095292965
1445157624081698817,neutral,0.4884393079970005
1445157655526395905,negative,0.19100887337343067
1445157657099259905,negative,0.0775319724929989
1445157686174175232,neutral,0.4683036256220122
1445157692004315139,negative,0.10437875168279323
1445157697578483719,positive,0.7853087178602344
1445157744416329739,neutral,0.5545382368484442
1445157744714174469,negative,2.8237884837885424e-05
1445157745796255749,negative,0.06781891889622957
1445157761029922820,negative,0.018043356026867966
1445157789177978890,negative,0.13304363140685257
1445157792671801353,negative,0.3156588066581908
1445157800796110860,neutral,0.38571302824339027
1445157825244696580,negative,0.24769443846337152
1445157854479015936,neutral,0.4884393079970005
1445157858190974976,negative,0.3156588066581908
1445157860401426432,negative,0.04800809356124727
1445157870799097858,negative,0.24769443846337152
1445157877744799747,negative,0.0009652229132707465
1445157880429228040,negative,0.24769443846337152
1445157895742578691,negative,0.028409612632445812
1445157896594075648,negative,0.24769443846337152
1445157936221806608,negative,0.24769443846337152
1445157965166743552,neutral,0.4884393079970005
1445157976541642759,negative,0.3156588066581908
1445157979171422218,negative,0.24769443846337152
1445157985802653704,negative,0.0016237236079795143
1445157985987215363,negative,0.03183010250861874
1445157989913178114,negative,0.24769443846337152
1445157994593980418,negative,0.24769443846337152
1445157996707864576,negative,0.24769443846337152
1445158004253511687,negative,0.24769443846337152
1445158023866028033,negative,0.168287693385521
1445158028622323715,negative,0.24769443846337152
1445158029008113667,negative,0.2667376955613263
1445158036046233601,negative,0.01656225118199604
1445158036306206722,negative,0.017323974476907058
1445158038084759561,negative,0.006523127304322077
1445158044740898817,negative,0.15063853677562317
1445158046984982532,negative,0.0023454406920515856
1445158067897868295,negative,0.006914352283499482
1445158072993947651,negative,0.28854426538347494
1445158078526246913,negative,0.003987287646063198
1445158107005521924,negative,0.020921613998135354
1445158107747860483,negative,0.11027163641625728
1445158130887888896,negative,0.003987287646063198
1445158149367885824,negative,0.3156588066581908
1445158172101066753,neutral,0.4884393079970005
1445158173980119042,negative,0.05593016235255434
1445158176890949637,negative,0.24769443846337152
1445158186017861641,negative,0.001297515312311783
1445158192124682253,negative,0.24769443846337152
1445158193508851722,negative,0.0010086036665399028
1445158210369904646,negative,0.15063853677562317
1445158212106338308,negative,0.03536950775689928
1445158213528301568,positive,0.7370677559087447
1445158226320834563,negative,0.2789132665285518
1445158265818595332,negative,0.09234250778596573
1445158292737626113,neutral,0.4884393079970005
1445158293085855751,negative,0.018690432548056336
1445158294377701380,negative,0.16784206749775626
1445158302002958337,neutral,0.4884393079970005
1445158329324605442,positive,0.9523127977155234
1445158341651701765,negative,2.6639501433077643e-06
1445158385461211144,negative,0.07675273464890729
1445158428025016322,negative,0.3156588066581908
1445158430034042885,negative,0.07675273464890729
1445158431246241795,negative,0.24769443846337152
1445158461873049603,positive,0.796237877763375
1445158475919761415,negative,0.015426092075596037
1445158477425426436,negative,0.07675273464890729
1445158509864161285,negative,0.18795859623648656
1445158519787999236,negative,0.07675273464890729
1445158522912714759,negative,0.015426092075596037
1445158523890028548,negative,0.09234250778596573
1445158541501796352,negative,0.07675273464890729
1445158552058929154,negative,0.10323244534524888
1445158574771036161,negative,0.3156588066581908
1445158575140007938,negative,0.18289857916313174
1445158611471290368,negative,0.15063853677562317
1445158614809858062,negative,0.23697004907925584
1445158656207622148,negative,0.09234250778596573
1445158703997587462,positive,0.9945843511967947
1445158743310839810,positive,0.9231862979958355
1445158748494831622,negative,0.013524638780203758
1445158756329873412,negative,0.15063853677562317
1445158768963108872,negative,0.2802311668314923
1445158770452086787,negative,0.03536950775689928
1445158788525432837,negative,0.24769443846337152
1445158820855099394,neutral,0.4884393079970005
1445158869106364418,negative,0.03183010250861874
1445158905177329665,negative,0.24769443846337152
1445158912068669442,neutral,0.4884393079970005
1445158915142991874,negative,0.003517401625926006
1445158916200017922,negative,0.15063853677562317
1445158916468449287,negative,0.006914352283499482
1445158920163631111,negative,0.09234250778596573
1445158930569641995,negative,0.15063853677562317
1445158931484090373,negative,0.3156588066581908
1445158938664648711,neutral,0.4898631585877994
1445159038585655297,negative,0.22245349817144505
1445159057623601157,negative,0.07675273464890729
1445159106550145031,neutral,0.4507454498615163
1445159163634585602,negative,0.0023454406920515856
1445159172899753987,negative,0.011906294868424337
1445159187588296707,negative,0.15063853677562317
1445159192755585025,negative,0.001297515312311783
1445159213664284673,neutral,0.4884393079970005
1445159214783991809,negative,0.24769443846337152
1445159219418877956,negative,0.0023454406920515856
1445159241044701186,negative,0.15063853677562317
1445159248275677190,negative,0.08733826826938433
1445159262183903234,negative,0.15063853677562317
1445159287286812677,neutral,0.4884393079970005
1445159303871041538,negative,0.012831139883995427
1445159318597349379,negative,0.07105277005149001
1445159375266529280,negative,0.13960335838295776
1445159376990441477,negative,0.007914879166071994
1445159411559944193,negative,0.00023508641647128502
1445159414697234434,negative,0.28264531787489466
1445159438713827332,negative,0.00038664907190085217
1445159465133748229,negative,0.001230412384918164
1445159472884764676,neutral,0.4884393079970005
1445159515859599365,neutral,0.4884393079970005
1445159519454175237,neutral,0.4884393079970005
1445159536348831746,negative,0.15063853677562317
1445159545089712132,negative,0.050021920727568725
1445159550009716742,neutral,0.4884393079970005
1445159605689069570,negative,5.147152007549716e-05
1445159633832882176,neutral,0.4884393079970005
1445159639251922946,negative,0.003987287646063198
1445159650333179904,negative,0.023946733197341055
1445159671808106503,negative,0.04368886087365186
1445159677961121794,negative,0.22245349817144505
1445159691764576258,negative,0.05272877206669259
1445159728678461444,negative,0.30185877638386216
1445159733925748740,negative,0.05593016235255434
1445159761721368584,negative,0.24769443846337152
1445159766855147524,negative,0.3156588066581908
1445159832458182669,negative,0.08164854295064555
1445159871352086530,negative,0.01676275077164432
1445159898375938049,negative,0.09234250778596573
1445159920324726784,negative,0.0005806451664290507
1445160001614581765,negative,1.4183564333737354e-07
1445160015019511810,positive,0.9231862979958355
1445160035550642176,negative,0.0016085508303282112
1445160050859806734,negative,0.0026077012964944514
1445160099077632002,negative,0.2440222836131461
1445160132933980163,negative,0.3156588066581908
1445160149526614021,positive,0.9231862979958355
1445160167696392194,negative,0.011906294868424337
1445160224533458944,negative,0.16238354240856034
1445160261325934593,negative,0.29502989870776347
1445160276014387202,neutral,0.551077815994506
1445160285648609283,neutral,0.4884393079970005
1445160288836329474,negative,0.07105277005149001
1445160341223186432,negative,0.03183010250861874
1445160386001526785,negative,0.28165143561898814
1445160420424224770,negative,0.16230633834397773
1445160463302529028,negative,0.30185877638386216
1445160470307082241,positive,0.9231862979958355
1445160470621704201,negative,0.03183010250861874
1445160488762068993,negative,0.24769443846337152
1445160498664718346,negative,0.0026077012964944514
1445160514011734019,negative,0.0005771135768198522
1445160518940073985,negative,0.09234250778596573
1445160524967301120,negative,0.11936201587553483
1445160552834080770,negative,0.01656225118199604
1445160559016493056,negative,2.6856791118546427e-05
1445160561503870981,negative,0.0016656615177545284
1445160567426125828,neutral,0.5967205668999948
1445160578675261441,negative,0.04599848988242222
1445160623575343104,negative,0.13625195493606118
1445160635155746823,negative,5.9097685095339386e-05
1445160646669111299,neutral,0.4507454498615163
1445160677648261123,negative,0.00879614079670233
1445160695121825793,negative,0.03183010250861874
1445160695767740416,negative,0.03536950775689928
1445160717020246020,negative,0.13625195493606118
1445160732077793286,negative,0.05272877206669259
1445160733097054209,negative,0.084580790077214
1445160739023605763,positive,0.6962211312793948
1445160746262876162,negative,0.20439966089722336
1445160760322269184,negative,0.03715538822719799
1445160837333884930,negative,0.04389738370203878
1445160903985532936,negative,0.15364149604497174
1445160911115853825,negative,0.0005955192477811028
1445160924730601479,negative,0.30185877638386216
1445160943336448001,neutral,0.3569384913639601
1445160954451406854,negative,0.07105277005149001
1445160955911065605,negative,1.5117028678324856e-05
1445160965314580480,negative,8.446809586997756e-05
1445161028279545856,negative,0.15063853677562317
1445161053273436160,negative,0.22245349817144505
1445161072349138944,neutral,0.4884393079970005
1445161075905908740,neutral,0.6339032745968955
1445161097439240195,negative,0.12181638308735517
1445161137780281344,neutral,0.4884393079970005
1445161189936336906,negative,0.1393820769716725
1445161197867786244,negative,0.019830969640418455
1445161204104802309,negative,0.07675273464890729
1445161209376882698,negative,0.12181638308735517
1445161215404109830,negative,0.12181638308735517
1445161223675281408,negative,0.12181638308735517
1445161238829350917,negative,4.1385164582204294e-08
1445161239504510978,negative,0.12181638308735517
1445161254050582528,negative,0.07675273464890729
1445161259880439814,negative,0.00565108008982629
1445161276326428673,negative,6.406861754642223e-09
1445161281103798276,negative,0.0006812737819433669
1445161290972925954,negative,0.07675273464890729
1445161301349748736,negative,0.22245349817144505
1445161304801546245,negative,4.1385164582204294e-08
1445161307762794499,negative,0.03173177921880869
1445161313689350144,negative,0.0002811817108243662
1445161323382272001,negative,0.026218095988210167
1445161383159545859,negative,0.00010686896794303686
1445161388519874560,negative,0.07675273464890729
1445161391464370177,negative,0.004537380179782083
1445161402327568387,negative,0.3257479664500763
1445161416424660994,neutral,0.4884393079970005
1445161435382915073,negative,0.2239233396378624
1445161446371840003,negative,0.026218095988210167
1445161452160045057,negative,0.07675273464890729
1445161458669654023,negative,0.03536950775689928
1445161478848397312,negative,0.09234250778596573
1445161499417354244,negative,0.0014939462650720775
1445161514881757189,negative,0.003987287646063198
1445161519600263168,negative,0.09234250778596573
1445161527821099011,neutral,0.4884393079970005
1445161535559643145,neutral,0.4884393079970005
1445161581302718466,negative,0.011857621389649823
1445161582137327622,negative,0.03536950775689928
1445161703512186884,positive,0.7688322841622199
1445161730670219265,negative,0.09475923411273379
1445161800635408387,negative,0.11543756511966399
1445146710716686341,neutral,0.3509376850134587
1445146711022780418,negative,0.008021467940782026
1445146711022788613,negative,0.0001678234047996548
1445146711278620674,negative,3.394422127436847e-06
1445146712268369927,negative,0.07341821630883098
1445146712520200194,negative,0.004884440257375542
1445146712780140552,negative,0.03872590367139481
1445146713140994053,negative,0.04745679609969234
1445146713203806214,positive,0.9230625476593993
1445146713363148800,negative,0.0003611051725372719
1445146714004983808,negative,0.0008377386388105573
1445146714252275725,negative,0.012268063651705071
1445146714319503362,negative,0.08196499649326021
1445146714659119107,negative,0.00017060679629202566
1445146714705317889,negative,1.6405732750347194e-05
1445146714818678788,negative,0.00034128415863986033
1445146715007295489,negative,0.044835769170209115
1445146716244742150,negative,0.11501502816511566
1445146716777304072,negative,0.007464232185018081
1445146716810977285,neutral,0.3554675565832525
1445146716827652113,negative,0.00014280690698252176
1445146716941004805,negative,0.12033576229985998
1445146717096189954,positive,0.803911860389878
1445146717335195649,negative,0.006627043881915291
1445146717368815619,negative,0.11634391587217295
1445146717528068105,negative,0.004458701671227006
1445146717691662341,negative,0.0038316467381497928
1445146717851209728,negative,2.8276613549432656e-05
1445146719721820164,negative,0.0011428034535973354
1445146720141258753,negative,0.017335725744783672
1445146730836676608,negative,0.1354054046504778
1445146731562381313,negative,0.0005062731152915123
1445146734104137736,negative,0.036763927263729734
1445146734745767939,negative,5.003619428962379e-07
1445146735161057284,negative,8.643213976984826e-05
1445146735496605696,negative,7.374607900124933e-15
1445146737400745990,neutral,0.6418589947358458
1445146738780778496,neutral,0.47455118263525786
1445146744107544576,negative,0.08837331917112559
1445146748578680834,negative,0.011906222666850047
1445146749505622026,negative,1.5932504738583136e-05
1445146753422954515,negative,0.006118753125605977
1445146754282819593,negative,0.0014165641242254604
1445146754316394500,negative,8.427098438360625e-05
1445146754916265987,negative,0.0014165641242254604
1445146754983288839,negative,0.003455751045874969
1445146756992356352,negative,1.4699196511937845e-06
1445146760511463424,neutral,0.4560238661432329
1445146761216073728,negative,0.19627683217500852
1445146763552231424,negative,0.0013914489639158846
1445146763988504576,negative,0.001203575633346767
1445146766756782094,negative,2.6248857231367074e-06
1445146769734750215,negative,4.754551983327988e-07
1445146774793035782,negative,0.25401421255941126
1445146774793080833,negative,2.3065140104781435e-05
1445146774939869190,negative,0.026081582262660535
1445146775862513669,negative,0.0028899199138771804
1445146778571972626,negative,0.02271554313078283
1445146788013432836,negative,0.051921134303814516
1445146790110580737,negative,0.10519942712104578
1445146793348636674,negative,0.002270311757300137
1445146795416428548,negative,0.03564820763696508
1445146796674670598,negative,0.1144447726155308
1445146797379366915,negative,0.06666816666739693
1445146799409401859,negative,0.17530011606073342
1445146802920083457,negative,9.592754639270624e-05
1445146804589301764,negative,5.055067100962783e-15
1445146812655063045,negative,0.04694833408294684
1445146812852150274,negative,9.784341066059117e-08
1445146815477821452,neutral,0.3859669186281309
1445146818153787402,negative,9.592754639270624e-05
1445146818170527745,negative,3.025428784504622e-05
1445146821815308291,neutral,0.5067110795242667
1445146827041525764,negative,0.06578333652938091
1445146828442320901,negative,0.0012894214807070742
1445146837460164610,negative,0.19946069455710902
1445146841188872197,negative,0.003845074110571139
1445146841780310023,negative,1.5932504738583136e-05
1445146841864097794,negative,3.394422127436847e-06
1445146842501718018,negative,0.08757582339757378
1445146842656804869,negative,0.07647738704110815
1445146845878046725,negative,0.051409097640303464
1445146848898035717,negative,0.009444949372855144
1445146849891999745,negative,0.003768953345329141
1445146853574651907,neutral,0.46127768308170247
1445146853742456836,negative,0.00010519026935589715
1445146853859856384,negative,0.08539169906826481
1445146854342156291,negative,9.592754639270624e-05
1445146854455345152,negative,0.03960809798836776
1445146855390814212,neutral,0.5031631133608458
1445146855713787904,negative,0.023657401895356544
1445146855856353290,negative,0.10421983485388958
1445146859455062023,negative,0.07811541457089063
1445146864228130817,negative,0.0484426849163286
1445146865184481284,negative,0.02601276392549764
1445146865217978368,negative,1.4077675547288154e-05
1445146870091862023,negative,0.0003611051725372719
1445146870389559313,negative,0.06354138583465772
1445146870418915328,negative,0.19627683217500852
1445146870704128004,negative,0.09942138148294517
1445146871509495810,negative,9.044305524776738e-07
1445146874340642821,negative,0.10857544180612831
1445146876051918856,negative,0.09695321540311104
1445146882204790796,negative,0.0010871646972455756
1445146884738273284,negative,0.00020867593217842575
1445146884947972100,negative,9.592754639270624e-05
1445146886642491392,negative,0.00040847764839988687
1445146889796599813,negative,0.030405692508555845
1445146895278645255,negative,1.5932504738583136e-05
1445146900806635523,neutral,0.49789225920557484
1445146902140530692,negative,0.0004782016540959562
1445146902861864961,negative,0.0010594594709095535
1445146903671418880,negative,1.6364953582388912e-05
1445146904040460297,negative,0.001745082274280057
1445146907798556679,neutral,0.5067110795242667
1445146909274951683,negative,2.270501911733228e-06
1445146912814993414,neutral,0.5165781813596798
1445146913272176641,negative,0.000871376721220385
1445146923833466880,negative,0.09695321540311104
1445146924504469504,negative,0.0006873972188379027
1445146924798119941,negative,2.8446538594930073e-08
1445146925481791491,negative,0.19627683217500852
1445146925951504392,negative,0.004933811693300829
1445146930015657985,negative,5.1639694891422736e-09
1445146937880088586,negative,0.06125874769440883
1445146940413468676,negative,3.1715044558056996e-06
1445146945920581642,negative,0.027553905990923673
1445146948445642759,negative,0.024302201497498274
1445146951025053703,negative,0.2036188429479867
1445146952124010501,negative,0.08669423877984482
1445146954430881794,negative,0.0002410000317638934
1445146963155030018,negative,3.306025252044519e-11
1445146963712827397,neutral,0.4020780377520995
1445146963737919489,negative,0.26720143213172326
1445146965277241347,negative,0.16409698683993362
1445146965919113217,negative,0.016181785394024106
1445146966296567813,negative,0.00011549745765019256
1445146966682443784,negative,0.18979138737719795
1445146972483117058,negative,4.029101137588729e-07
1445146978174713862,negative,0.05370056620749665
1445146978283888642,negative,1.5436877133086137e-09
1445146979567349770,negative,0.01374998157453592
1445146980745895939,negative,0.009252619223138638
1445146983904202753,negative,0.0007405430627631772
1445146986047492096,negative,0.014508138005008362
1445146986416648196,negative,0.019053467401770375
1445146988979314691,negative,0.00046241429389325903
1445146989256224772,negative,0.010647957989303144
1445146990246076425,negative,0.09695321540311104
1445146992624259077,negative,0.0007056495126502309
1445146993597288449,negative,0.31251327812974533
1445146996138938394,negative,0.0006311565682313098
1445146996919111687,negative,0.07062976857032112
1445146998290714627,negative,0.0026140558260427907
1445146999225978884,negative,0.00035765789737394506
1445147000459218950,negative,4.029101137588729e-07
1445147002287841282,negative,0.09695321540311104
1445147003982434310,negative,0.051409097640303464
1445147005676834816,negative,0.03564820763696508
1445147007207809025,negative,0.09359716867747028
1445147010290655239,negative,0.0012097304697029107
1445147010726830081,negative,2.458586570700191e-05
1445147011670491136,negative,0.09323323293187799
1445147012094210049,negative,9.592754639270624e-05
1445147013402796039,negative,0.31251327812974533
1445147015889965057,negative,0.04613826305566939
1445147016657506316,positive,0.9760408782468385
1445147018595340290,neutral,0.5908845063751543
1445147024022720519,positive,0.8041406434772369
1445147028560953346,negative,0.0012263614322940849
1445147029446053890,negative,0.019053467401770375
1445147031010435073,negative,0.17583802648187977
1445147031228633097,negative,0.04124132798018347
1445147040955125761,negative,5.289048548622911e-06
1445147042381238276,negative,6.107266100990775e-06
1445147042653917184,neutral,0.5031461802850085
1445147044432203780,neutral,0.45957973448874223
1445147053265403906,negative,2.1073365712790694e-07
1445147109540442119,negative,0.003279210800673999
1445147111360770050,negative,0.024874513207601937
1445147116398055428,negative,3.394422127436847e-06
1445147116465270789,negative,0.007856734824181552
1445147117069213697,negative,0.04915918363890711
1445147117501222912,negative,0.055699187521249964
1445147125780819968,negative,0.04613826305566939
1445147127181631489,negative,0.0003611051725372719
1445147127970160641,neutral,0.3996580091506196
1445147127978643461,negative,0.03840730678480914
1445147136803229697,neutral,0.5096950386732292
1445147142469955593,positive,0.9972149859056207
1445147147171778562,negative,0.19627683217500852
1445147152926261253,negative,3.394422127436847e-06
1445147155157733376,negative,0.0027063975824607677
1445147156243955713,negative,0.023212461817641382
1445147158697717764,negative,1.5932504738583136e-05
1445147165530144768,negative,0.00676258564503075
1445147168009031689,negative,0.011022085813081147
1445147174090723340,negative,0.0023607133820730685
1445147174124335116,negative,0.2718267902235065
1445147179564376065,positive,0.949742183297951
1445147184249413636,negative,0.010829597194580943
1445147184429768712,negative,0.023212461817641382
1445147185226686467,neutral,0.41901263796461236
1445147186044538880,neutral,0.6006996508586913
1445147188745605126,positive,0.7249988099143939
1445147188900896780,negative,0.006701058290286344
1445147189714505733,negative,0.18979138737719795
1445147189827801089,negative,0.0535160289933641
1445147189999722497,negative,3.497460727798151e-05
1445147197591465991,negative,0.1503882979844467
1445147197868331014,negative,0.007807832244567142
1445147197973086210,negative,0.11154443292387338
1445147202544877570,negative,0.07576984160486175
1445147204717621251,negative,0.0007994079333690944
1445147209092190209,negative,0.1263308451787766
1445147217367502858,negative,0.019053467401770375
1445147218051321856,neutral,0.35157783899184647
1445147219661832192,negative,0.036763927263729734
1445147219670310914,negative,0.0022229688563556766
1445147219804446721,negative,3.726901159380402e-05
1445147221381554186,negative,0.00030781992786258736
1445147222274891777,negative,0.15409959378409044
1445147224250503175,negative,8.28306426013052e-06
1445147224430817287,negative,0.013141230020178685
1445147225647165445,negative,0.00028285773470567956
1445147229950468101,negative,0.09695321540311104
1445147231204544512,negative,0.10331263795282244
1445147231867260931,negative,0.18489395316538926
1445147232278306828,negative,0.14778917865041769
1445147234450948100,negative,8.203949731852448e-08
1445147234639695875,negative,4.2762509751726064e-06
1445147238058106888,negative,2.4167488006963437e-06
1445147238896963587,negative,0.32064799938087074
1445147239484170244,negative,0.31251327812974533
1445147239979048966,negative,0.0014165641242254604
1445147241497366530,negative,0.0014165641242254604
1445147243821027333,positive,0.8176673461297412
1445147245993775109,negative,0.0039000305788501302
1445147246467633153,negative,0.0720015006767537
1445147246941573120,negative,4.103410989068418e-08
1445147247310671872,negative,0.10462211022116134
1445147248959139848,negative,0.00019198421516066362
1445147250787749899,negative,5.289048548622911e-06
1445147251165306880,neutral,0.5887973398928581
1445147254717825030,negative,0.26720143213172326
1445147257410629641,negative,2.6092359000150423e-08
1445147258182410246,negative,0.0003611051725372719
1445147261458124802,neutral,0.49789225920557484
1445147263366479879,negative,0.011162769153002886
1445147268655587329,negative,0.09359716867747028
1445147273319653379,negative,0.0004240805873636368
1445147273877495814,negative,0.04942479062618286
1445147273973862401,negative,0.046019732107573
1445147275601252361,negative,0.18489395316538926
1445147276524064769,negative,0.015294245752533455
1445147282630971399,negative,5.222784328401645e-08
1445147283616583686,negative,0.13694756503712088
1445147286158385153,negative,0.03982012979408541
1445147287815000064,negative,0.04613826305566939
1445147288146489347,negative,1.6814394027492524e-06
1445147290465931265,negative,0.0001771640347672776
1445147293951348737,negative,0.005694253006379682
1445147298053373952,negative,0.036763927263729734
1445147298137198606,negative,0.18489395316538926
1445147298464505861,negative,0.06179926396099351
1445147298992951297,neutral,0.4560238661432329
1445147299647270918,negative,0.00032584456791832954
1445147301962559491,negative,0.015018998807260795
1445147302780342279,negative,0.0010835059992059055
1445147303338205190,negative,0.042839747073974574
1445147303862542339,negative,2.1073365712790694e-07
1445147307087904775,negative,8.427098438360625e-05
1445147307108970496,negative,0.0024899696954991495
1445147307205332996,negative,3.497460727798151e-05
1445147312662134795,neutral,0.5557967021895263
1445147318207004677,negative,8.358571850630941e-14
1445147318332837895,negative,8.427098438360625e-05
1445147319905759237,negative,2.2089182242682098e-05
1445147320803336201,negative,0.23660237672273052
1445147322703400961,negative,0.18979138737719795
1445147323454078980,negative,0.22494677174432595
1445147326968999937,neutral,0.3373876872887905
1445147327568781318,negative,0.06179926396099351
1445147333235257345,negative,1.6364953582388912e-05
1445147334162071553,negative,0.023990190670014875
1445147341154041856,negative,0.0010410483101998046
1445147342253051908,negative,0.0032482729066373524
1445147352877125632,negative,0.11317374893039506
1445147359227387909,negative,0.04613826305566939
1445147359911063560,positive,0.9996089623338569
1445147360498180105,negative,0.00011188705738895015
1445147365141254151,negative,0.31251327812974533
1445147366768746498,neutral,0.4782619141511779
1445147372594638850,negative,0.001980004785752394
1445147374045831173,neutral,0.45038988228237464
1445147374842699779,neutral,0.5300094326897601
1445147376994377731,negative,0.00015122307839755047
1445147377187397632,negative,0.054771265732364224
1445147377862692868,negative,0.31251327812974533
1445147379338989575,positive,0.9211765095794419
1445147379372548100,negative,0.04631351645409551
1445147385223598089,negative,0.07839569446439199
1445147389002665989,negative,0.1564008522487526
1445147395965206529,negative,0.046019732107573
1445147405393989635,negative,3.2241737379401137e-06
1445147409160544259,negative,0.015414072049916334
1445147409923850247,positive,0.8619084794855766
1445147410783690761,neutral,0.5102501888188281
1445147413447069698,negative,0.14778917865041769
1445147420103479296,negative,0.19627683217500852
1445147420799774729,negative,9.784341066059117e-08
1445147424453009417,neutral,0.35157783899184647
1445147427632259074,neutral,0.5165781813596798
1445147429649752068,negative,0.07839569446439199
1445147432636059651,negative,2.9589229495390615e-05
1445147436473847808,negative,0.10648843773637483
1445147437555925001,negative,0.036763927263729734
1445147437883080705,negative,0.09971971040014418
1445147438059229185,negative,0.012668623268416914
1445147440169029643,negative,0.00017961995826053218
1445147441406304256,negative,0.00932888995024311
1445147442643668997,negative,0.00015122307839755047
1445147442975059977,negative,0.054771265732364224
1445147447114805253,negative,0.0002410000317638934
1445147448574455822,neutral,0.37866684896013014
1445147448872144904,negative,3.394422127436847e-06
1445147450688352259,negative,0.12177076300251113
1445147451179024392,negative,3.394422127436847e-06
1445147451544031234,negative,0.0002410000317638934
1445147451720077318,negative,0.2690329061145707
1445147459504771082,negative,0.2372210351301124
1445147461316747273,negative,0.007301236811699223
1445147461908156420,negative,0.030354020102210555
1445147463137038340,neutral,0.3499352441185855
1445147464999260161,negative,0.26205402389485666
1445147468061200385,negative,0.0013333992820244802
1445147468186984452,negative,6.563827281367971e-05
1445147470816759812,negative,0.0004584844657989669
1445147471571824647,neutral,0.47455118263525786
1445147472645459976,negative,0.059202400837281025
1445147476000903172,negative,0.09695321540311104
1445147477489987588,neutral,0.4603533136962934
1445147480132399111,negative,3.995111656501949e-05
1445147485257801734,positive,0.9402546013105136
1445147485756956675,negative,9.592754639270624e-05
1445147491180105733,negative,0.19627683217500852
1445147493864513540,negative,8.395189054722835e-06
1445147495479263239,neutral,0.3499352441185855
1445147497199017987,negative,0.01929242430133359
1445147498985791491,negative,1.6364953582388912e-05
1445147502911623174,negative,0.04343078664638319
1445147505080012803,positive,0.7387511457619826
1445147511916793865,negative,0.09971971040014418
1445147516035604483,negative,0.008968987038476747
1445147520640954380,negative,3.8421486787011846e-07
1445147525850218504,negative,0.03840730678480914
1445147525858607104,negative,3.394422127436847e-06
1445147530048819203,negative,0.003279210800673999
1445147530925379591,negative,0.0011037273186912237
1445147532154318849,negative,9.592754639270624e-05
1445147536742916097,negative,0.1263308451787766
1445147542132559875,negative,0.007301236811699223
1445147544250724357,negative,6.274621541430312e-08
1445147544628117507,negative,0.009774073138796923
1445147545425129476,negative,0.11426664525145523
1445147550487621636,negative,0.012579275911577767
1445147551485865985,negative,1.8528680696373465e-12
1445147551754334210,negative,2.486765510596239e-07
1445147553524297735,negative,4.466471382693061e-06
1445147554983858177,negative,0.011022085813081147
1445147557915680771,negative,0.2701657926901989
1445147561422110721,negative,0.14902308746955298
1445147562084904974,negative,0.07721110691390225
1445147563779362823,negative,0.00028285773470567956
1445147564081356805,negative,1.406328360021337e-06
1445147565981327363,negative,2.4909159650175546e-07
1445147567923269634,neutral,0.4836615648449466
1445147568699318279,negative,3.394422127436847e-06
1445147569492045829,neutral,0.3373876872887905
1445147573711511560,negative,1.854373495225127e-05
1445147575405977601,positive,0.8952967531343461
1445147577578659843,negative,0.07424416202395713
1445147584578965513,negative,0.16892159451496847
1445147589670748162,neutral,0.5136446707795853
1445147590861881372,negative,0.013254487871563064
1445147591516295170,negative,0.0036339936925354906
1445147595794522122,negative,0.00032584456791832954
1445147596562042888,negative,0.002761651138601546
1445147599246405636,neutral,0.5031631133608458
1445147600169148423,negative,0.0032878929728289152
1445147605244260355,neutral,0.3373876872887905
1445147606678745091,negative,0.00015375401508020199
1445147611992887298,negative,0.05718714480983458
1445147620238925831,negative,4.944908808436543e-06
1445147621757235200,negative,1.5932504738583136e-05
1445147623980244993,negative,0.03840730678480914
1445147626324774912,negative,0.07364793486111516
1445147627570487299,negative,0.1197300257921101
1445147630846324744,neutral,0.45038988228237464
1445147634692415493,negative,0.03840730678480914
1445147636017811463,neutral,0.6147554972713335
1445147638672801794,negative,0.030552698496438425
1445147638719041540,negative,0.03840730678480914
1445149238527029248,neutral,0.4798518139318517
1445149240754413573,negative,0.00010535844408418441
1445149243275157508,negative,4.103410989068418e-08
1445149244525056003,negative,0.0018829710444004705
1445149246798376969,negative,0.06354138583465772
1445149248752848898,negative,0.008048792016525674
1445149249713418244,negative,0.0048665859237794085
1445149251047206912,negative,1.9189261906122023e-08
1445149252427079682,neutral,0.35157783899184647
1445149253068787712,negative,0.07871473160258381
1445149257166729225,positive,0.8830129148681476
1445149258001289220,negative,0.05199424888868177
1445149260576591873,negative,0.0027042112482803453
1445149261813911552,negative,7.670235461508456e-05
1445149268101287936,negative,4.054009402703674e-06
1445149273914544132,negative,0.03840730678480914
1445149278628950016,negative,0.007624652804557468
1445149279388147717,negative,0.008048792016525674
1445149279493017607,negative,0.21921412548362115
1445149283406303237,negative,1.392875382772759e-07
1445149284236775426,negative,8.427098438360625e-05
1445149288263204867,negative,0.005178632300508856
1445149289529888770,negative,2.0806352206506038e-06
1445149290217852931,negative,0.014508138005008362
1445149291656384519,negative,0.21788213027286768
1445149292885331968,neutral,0.6006996508586913
1445149293397123075,negative,0.0018829710444004705
1445149297796845573,negative,0.008048792016525674
1445149298178539522,negative,3.394422127436847e-06
1445149299113963524,negative,0.011684239653976572
1445149300921614336,negative,0.03897475007784582
1445149303954186241,negative,0.18289857916313174
1445149306651090945,negative,6.150264361664159e-06
1445149306806276100,negative,0.031478780431524564
1445149308853043208,negative,0.12703271384507175
1445149312116273154,negative,0.0007459303283828897
1445149312414068736,negative,0.007375836004709282
1445149313919766530,negative,0.0005377866115722447
1445149314901237761,negative,0.13881311923768627
1445149322169946112,negative,0.010519640056083135
1445149322518138883,negative,4.145947457508263e-08
1445149326972440576,negative,0.09695321540311104
1445149327148691460,negative,0.013254487871563064
1445149331166801924,negative,0.267222267799212
1445149331783364609,negative,5.222784328401645e-08
1445149332592807936,negative,0.054771265732364224
1445149337458257928,negative,0.25721856492606804
1445149337965801474,neutral,0.3373876872887905
1445149339089874946,negative,0.005669662973724392
1445149340016730118,neutral,0.38196223355350434
1445149341405044738,negative,0.0008185481309722232
1445149341593833472,negative,0.011022085813081147
1445149342260674561,negative,0.0010594594709095535
1445149348082368514,neutral,0.36879872370508715
1445149349894307840,negative,0.07538712615551064
1445149365396443140,negative,0.06115011879098377
1445149367502049282,neutral,0.36440385825114957
1445149370656215041,negative,0.0008047781517140353
1445149378080083978,neutral,0.35603152762514023
1445149380680556547,neutral,0.5682686064624631
1445149381049651204,negative,0.030354020102210555
1445149386028331009,neutral,0.5290338054846876
1445149387626319873,negative,0.07839569446439199
1445149390260379652,negative,0.07839569446439199
1445149390658736132,negative,0.03976650510294904
1445149392768585729,negative,0.000204566756763964
1445149393590554626,negative,0.00373003676426526
1445149394924408837,positive,0.9230625476593993
1445149395780050946,negative,0.01341002182044716
1445149402352529411,negative,0.06179926396099351
1445149403078172679,negative,9.355192150078414e-06
1445149404017545222,negative,0.007131920622957961
1445149404223229958,negative,0.25401421255941126
1445149411017961476,negative,7.958153604654847e-05
1445149411542282249,negative,0.00015122307839755047
1445149412825632769,negative,0.023212461817641382
1445149415224709120,negative,1.7730585159786752e-08
1445149415635922946,negative,3.491817442862494e-11
1445149424418795528,negative,8.179500186278632e-06
1445149427107311617,negative,0.006118753125605977
1445149427874910208,negative,0.054771265732364224
1445149429221183489,negative,0.008643030420844909
1445149434438955009,negative,0.0002204918447913938
1445149434774495235,negative,0.06354138583465772
1445149442810732545,negative,0.0016248555054850517
1445149442970165253,neutral,0.6094285675273781
1445149443431583749,negative,0.0015625900684529922
1445149446833070083,negative,0.00010520507618157418
1445149447218941956,negative,0.25721856492606804
1445149457209774083,neutral,0.47455118263525786
1445149459172708357,negative,0.10987168882372703
1445149461592817668,negative,0.05210918588182248
1445149469117452288,neutral,0.38058182694712256
1445149469314588678,negative,3.497460727798151e-05
1445149470446997506,negative,2.829171194340266e-06
1445149474570055685,positive,0.9230625476593993
1445149475329253381,negative,0.25721856492606804
1445149475337555969,negative,0.007624652804557468
1445149476440748036,negative,0.0022348636668117253
1445149479775002625,negative,0.003892760311920876
1445149480022679554,negative,0.00017912312232546082
1445149480098189313,negative,0.0018903307666918651
1445149481033420802,negative,0.31251327812974533
1445149484124676099,negative,9.592754639270624e-05
1445149484305027080,negative,2.943395151148891e-07
1445149486255325188,negative,0.03718482013384186
1445149487874379781,neutral,0.6137339110795353
1445149488587309070,negative,2.8422003724567133e-07
1445149489048784898,negative,0.023212461817641382
1445149492471291907,negative,5.222784328401645e-08
1445149496162361347,negative,7.8819278067084e-05
1445149497135353857,negative,0.23787719458445553
1445149499513622528,negative,0.0018829710444004705
1445149499576434693,negative,5.4922634999232463e-05
1445149500285329408,negative,0.09695321540311104
1445149502214639622,negative,0.007624652804557468
1445149512830443523,negative,0.036763927263729734
1445149513728024580,negative,0.1252175412856195
1445149516110327840,neutral,0.41124874927206656
1445149516265627659,negative,0.0004534205414272394
1445149516445913088,negative,5.222784328401645e-08
1445149522934517762,neutral,0.4560238661432329
1445149524784254977,negative,0.013915419206099977
1445149528559165440,negative,0.014085198210186793
1445149529175740419,negative,0.0004016505652107259
1445149530920529923,negative,0.002683825610448459
1445149531130245125,negative,9.592754639270624e-05
1445149531390283776,negative,0.003483504813707403
1445149535022587911,negative,2.1592110275541248e-05
1445149535102279682,negative,0.003392508184766792
1445149537044254728,negative,8.463158448295091e-05
1445149537581023236,negative,0.1936477773636996
1445149540789665795,negative,0.00436511938442923
1445149540970115074,negative,0.011062797996927576
1445149541808943119,negative,0.21378032236744657
1445149549912264704,negative,0.06354138583465772
1445149555079647234,negative,0.17530011606073342
1445149565624233990,negative,0.1129368992379898
1445149570770608128,neutral,0.38953544307584675
1445149571198427142,positive,0.9949214056872413
1445149572779630595,negative,0.029850011350923862
1445149574021226499,negative,0.05382859772800854
1445149580530798594,negative,0.20538215729801618
1445149584364294146,positive,0.9402546013105136
1445149587208085507,negative,0.2952805719994075
1445149589930188803,negative,0.00436511938442923
1445149591083667456,negative,0.004884440257375542
1445149603180040192,negative,0.054771265732364224
1445149607168708615,negative,0.003455751045874969
1445149609211400200,negative,0.04613826305566939
1445149612516466690,neutral,0.47455118263525786
1445149612831019011,negative,4.762055325911317e-05
1445149614848581634,negative,8.641273946471435e-05
1445149615007862785,negative,0.003533643220987425
1445149616463355908,negative,0.22859681993285866
1445149620569575433,positive,0.979749413501861
1445149622012424195,negative,0.0019931355701262657
1445149624331866112,negative,0.21378032236744657
1445149626831712258,negative,0.05199424888868177
1445149630581379075,negative,0.023212461817641382
1445149634020536329,negative,0.09695321540311104
1445149634909782026,negative,0.002282046894486541
1445149635627175936,negative,0.023990190670014875
1445149639460655111,negative,6.579369695069726e-08
1445149641176145923,negative,0.00023564072897412937
1445149645831876611,negative,0.06174013600564856
1445149647065001987,negative,6.115335847942608e-06
1445149648071675910,negative,3.4533834612552634e-06
1445149649850052613,neutral,0.38003012110378026
1445149650521034753,negative,0.12459222600412513
1445149651540267008,negative,0.13341406001625764
1445149653830361091,negative,0.0022537434113748386
1445149654102990848,negative,0.012579275911577767
1445149657559097345,negative,0.0026140558260427907
1445149663510814722,negative,0.09835987604337858
1445149663896772611,negative,9.592754639270624e-05
1445149667248021507,negative,0.18176440557389054
1445149668057534473,negative,3.394422127436847e-06
1445149670179753993,negative,0.011062797996927576
1445149676987158535,negative,0.03915924426798572
1445149680506130436,negative,0.027108765129751536
1445149681324023814,negative,0.014453281256298392
1445149681630289924,negative,0.003483504813707403
1445149686378151942,negative,3.114568316839553e-09
1445149688068513798,negative,0.04124132798018347
1445149692094988295,negative,0.006638466606151124
1445149692099182595,negative,0.016048330040476167
1445149693806321670,neutral,0.38480933662688405
1445149696352210958,neutral,0.3851647098839897
1445149700404006914,negative,3.4690543688096547e-10
1445149701901279233,negative,0.0034400606803509136
1445149704765984770,negative,0.1048020112569425
1445149707588808710,negative,0.25721856492606804
1445149708784226304,neutral,0.6418589947358458
1445149708901564417,negative,0.24090353870847092
1445149715171995648,negative,0.17185839263767136
1445149717235654659,negative,0.10519942712104578
1445149718930145280,negative,0.07839569446439199
1445149721270566913,negative,0.053918075478237966
1445149722495291402,negative,0.00732223988790958
1445149722767941636,negative,0.055699187521249964
1445149723522961414,negative,0.034873516168141515
1445149727226572803,negative,0.13206350164822123
1445149731592757249,negative,0.060288329756954126
1445149732960092161,negative,0.10987168882372703
1445149733169807360,positive,0.9852659424869689
1445149733966778368,negative,0.09835987604337858
1445149734117781511,negative,0.023990190670014875
1445149740748914702,neutral,0.47455118263525786
1445149744259604491,negative,1.979733644932704e-05
1445149746184835081,negative,7.958153604654847e-05
1445149748567101442,negative,0.25721856492606804
1445149750156832775,negative,7.092679971380816e-05
1445149756431372292,negative,0.012180410113871045
1445149758306373637,negative,0.006562487113149811
1445149763926646784,negative,0.06517514139335845
1445149767563194375,negative,0.001497955074981627
1445149768754384900,negative,0.01341002182044716
1445149772160110596,negative,9.592754639270624e-05
1445149773695180807,negative,0.024830100543161635
1445149777302278145,negative,0.07871473160258381
1445149778657038337,negative,0.04259645528827442
1445149778908753929,negative,6.003881676599067e-06
1445149785141485578,negative,3.748242338796731e-05
1445149787708219402,negative,0.002499580379138588
1445149788396134404,negative,0.15661081066298085
1445149788794667014,negative,0.1830838179644314
1445149791298723840,negative,0.267222267799212
1445149795228790791,negative,0.04415659270634988
1445149801515995137,negative,7.733509644983927e-18
1445149802459713537,negative,0.05199424888868177
1445149809795600389,negative,0.014786729697339464
1445149814216343555,positive,0.9009019379664884
1445149823678701578,negative,0.002819211414046361
1445149824567889927,negative,0.025804898512508657
1445149824790274053,negative,0.1711819065410779
1445149829353639938,negative,0.01341002182044716
1445149830100230148,negative,0.01565781298409389
1445149831815733255,negative,0.00014947439845770872
1445149836039311370,neutral,0.45957973448874223
1445149849742151688,negative,0.04980071204909498
1445149860257280002,neutral,0.3554675565832525
1445149862421467141,negative,0.020404069001912672
1445149867110715392,negative,3.654986950617807e-08
1445149869048573954,negative,4.99290686301119e-10
1445149869111402503,negative,5.843207191854792e-07
1445149870596268032,negative,0.013254487871563064
1445149871607058438,neutral,0.38480933662688405
1445149873905483778,negative,0.07522973472410464
1445149876631842821,negative,0.0005289800913600664
1445149877017579521,neutral,0.4798518139318517
1445149878301167619,negative,0.06376557620124071
1445149881492983814,neutral,0.5468940158322279
1445149883598393364,negative,0.13852010972862822
1445149883904806919,negative,0.0039011539319837125
1445149888342286339,neutral,0.47455118263525786
1445149888858128395,negative,0.010767804732826035
1445149890967965702,negative,6.780792663029304e-10
1445149891538395138,negative,2.4418795129067363e-08
1445149895829114883,negative,0.00436511938442923
1445149898404503555,positive,0.7799042039138617
1445149903680950274,negative,0.06354138583465772
1445149904771354626,negative,0.003085115877185366
1445149905396199425,negative,0.0018903307666918651
1445149907359305736,negative,1.1208678697616377e-05
1445149910718889988,negative,0.0012046280903056648
1445149912757383172,neutral,0.47643932716091963
1445149913193582592,negative,0.18737342765423926
1445149915982798850,negative,0.0018903307666918651
1445149917132075015,negative,0.00436511938442923
1445149917832519688,negative,1.3845192226469723e-08
1445149922320338944,negative,9.089940627731524e-09
1445149926699249672,negative,2.593088371698353e-05
1445149927286448131,neutral,0.4164570168452789
1445149930444795908,neutral,0.49789225920557484
1445149930771914754,negative,2.1073365712790694e-07
1445149932596473865,negative,5.289048548622911e-06
1445149936153251848,negative,9.592754639270624e-05
1445149936526446595,positive,0.7900540813292157
1445149936614449159,negative,6.107266100990775e-06
1445149938552352774,negative,9.592754639270624e-05
1445149941324783620,negative,0.00020531620285114285
1445149941651869700,negative,0.0008931159774932203
1445149942075510792,negative,0.010829597194580943
1445149945225433095,negative,0.29292899295481994
1445149948245282819,negative,0.15661081066298085
1445149948325081091,positive,0.9335793736601556
1445149951181348872,negative,0.18284888292591858
1445149956034154496,negative,0.0011935099706692012
1445149956126412802,negative,0.0025196627747632273
1445149957707730946,negative,0.10768769819033149
1445149960299765769,negative,0.013313323728250831
1445149961792983051,negative,0.25721856492606804
1445149962405302277,negative,2.792725360336959e-05
1445149963093225476,negative,0.06748484940185093
1445149963600732163,negative,1.5932504738583136e-05
1445149963982360578,negative,0.011176170622398738
1445149966343811076,negative,0.003083962011567194
1445149966465388552,negative,9.784341066059117e-08
1445149968218607616,negative,9.878156583730533e-05
1445149971825704965,negative,8.372501611296716e-07
1445149981749522439,negative,0.25721856492606804
1445149983225913348,negative,2.530848910121264e-06
1445149983397797899,negative,0.0002410000317638934
1445149983427239943,negative,7.958153604654847e-05
1445149985742405633,negative,0.0007286287248858702
1445149990419107846,negative,0.02122772153089091
1445149991119384582,negative,0.06115011879098377
1445149991232802819,negative,0.0034155328550099047
1445149994630238210,negative,8.19346513841824e-07
1445149997683679232,negative,0.03769430566003199
1445149999164280832,negative,0.17484393470555812
1445150003740221441,negative,0.09835987604337858
1445150009398288385,negative,0.23535444745744494
1445150013928128516,positive,0.9987528190529078
1445150014079123461,negative,0.010829597194580943
1445150016318889985,negative,0.0011037273186912237
1445150021414883336,neutral,0.4798518139318517
1445150022497091585,positive,0.7577531828844275
1445150026439827457,negative,0.002819211414046361
1445150032555040773,negative,0.2763052634186874
1445150035444965380,negative,0.17530011606073342
1445150035684040709,negative,0.07364793486111516
1445150035851755526,positive,0.9987528190529078
1445150040197058561,positive,0.7900540813292157
1445150041061138435,negative,9.592754639270624e-05
1445150042311086080,negative,8.372501611296716e-07
1445150044013858817,negative,0.25401421255941126
1445150044227874821,negative,0.05953445523997411
1445150046123614210,negative,0.0005059622717060967
1445150051265880068,negative,0.012668623268416914
1445150052578648064,negative,0.2685172649687879
1445150057762803713,negative,0.012668623268416914
1445150058190671878,negative,0.0018903307666918651
1445150060421992448,negative,0.04613826305566939
1445150061193740297,negative,0.13661971884013976
1445150069045415952,positive,0.6645608868079479
1445150069137739782,positive,0.9852659424869689
1445150070387707908,negative,0.0118101858865018
1445150077853515776,negative,1.2513417566140638e-05
1445150086976229383,negative,0.00732223988790958
1445150091090833408,negative,0.005239793579767745
1445150095272464384,negative,0.023212461817641382
1445150097541586944,negative,5.995906911404092e-05
1445150102499254274,neutral,0.4798518139318517
1445150102822309890,neutral,0.47455118263525786
1445150106752364554,negative,0.17328052622167472
1445150113328996353,negative,0.006118753125605977
1445150113685458945,negative,0.001223805177119859
1445150114209837065,negative,0.0006311565682313098
1445150114578935811,negative,7.992977143459916e-05
1445150114763481089,negative,0.03182841649989958
1445150120064995330,negative,0.00028285773470567956
1445150120736137224,negative,0.00010441032108601816
1445150121583386628,negative,0.011022085813081147
1445150121839276034,negative,8.936450533103563e-12
1445150124263542787,negative,0.0005132605295435547
1445150128805920773,negative,0.0001756070098641661
1445150140587814912,negative,9.592754639270624e-05
1445150141527347200,negative,0.0024757834662863703
1445150141648830470,negative,8.427098438360625e-05
1445150146212339723,negative,4.62994046556982e-05
1445150146346508289,negative,0.019053467401770375
1445150148653371393,negative,0.13227565443710032
1445150158442872834,negative,2.6268628294052163e-06
1445150161689251846,negative,0.04996589265901545
1445150168161083392,negative,0.21650284755780727
1445150171810107392,positive,0.9690939483105677
1445150171822702601,negative,3.394422127436847e-06
1445150172049199106,negative,0.002819211414046361
1445150172288270340,negative,4.466471382693061e-06
1445150172489691140,negative,1.0519680971048883e-07
1445150174997884934,negative,0.017022914092373297
1445150182392438785,neutral,0.44846293211155425
1445150185290600451,negative,0.00486673284853757
1445150185752088585,neutral,0.5174479880203623
1445150185999540227,negative,0.18179049936825972
1445150188637757443,negative,0.00560642048497667
1445150189870796807,neutral,0.49789225920557484
1445150191741546499,negative,0.297230927866671
1445150193326993417,negative,6.140881827038249e-06
1445150193448521732,negative,0.026941592184519303
1445150194677526537,negative,0.18979138737719795
1445150194828517383,positive,0.8814746095675489
1445150195247980545,negative,0.09695321540311104
1445150196552306689,negative,0.015999975694133865
1445150202306908161,positive,0.9230625476593993
1445150205058469892,negative,0.18176440557389054
1445150207214227459,negative,0.054771265732364224
1445150207809830913,negative,0.24451256268433494
1445150212461318144,negative,0.0016248555054850517
1445150214826901511,negative,0.22087525654409762
1445150215422550017,negative,0.2952805719994075
1445150217691598853,negative,0.07678098724174569
1445150220233449480,negative,7.55555114555574e-07
1445150226852061191,negative,0.0018903307666918651
1445150227288281096,negative,0.0002924273428287122
1445150229209169921,negative,0.002974964202422495
1445150231717453829,neutral,0.5038689855780313
1445150232304627718,negative,0.00017768915982047584
1445150237065154568,negative,0.0016103229968406027
1445150238080122889,negative,0.1246767102491594
1445150239212679169,negative,0.0008185481309722232
1445150240542167046,negative,0.0003942986192120301
1445150244128296962,negative,0.00011817178913381403
1445150246632411143,neutral,0.5255395098330284
1445150251736879114,negative,0.2888901433204338
1445150252802191360,negative,1.3195339016498656e-06
1445150253229821962,neutral,0.437369725752128
1445150253691412480,negative,0.1956730020664439
1445150254110756877,negative,0.01059887681072417
1445150256325435395,negative,0.0005581880760452572
1445150259697659904,negative,0.025723478959073436
1445150262830804994,negative,0.0003611051725372719
1445150266056130561,negative,0.0034400606803509136
1445150267004051462,negative,0.06179926396099351
1445150267587104768,negative,0.00021515358280400549
1445150272540585989,negative,0.001203575633346767
1445150274289549315,negative,0.046019732107573
1445150274541264900,negative,0.07839569446439199
1445150278341304321,negative,0.2952805719994075
1445150280253853696,negative,0.003450763355612978
1445150280731881484,neutral,0.643431006661909
1445150283017895939,negative,0.025320171335640917
1445150287371685894,negative,0.011193799191136021
1445150293570822149,negative,9.592754639270624e-05
1445150294053199876,negative,0.21650284755780727
1445150294669725703,negative,0.1865474827609922
1445150296670355463,negative,0.04988986615281084
1445150300797550594,negative,0.21472813664945828
1445150306006966273,negative,0.013254487871563064
1445150306258587656,negative,0.07894490188418059
1445150307650990102,negative,0.002819211414046361
1445150308921978884,negative,0.012725812905482664
1445150310813556738,negative,0.00015122307839755047
1445150312189267973,negative,0.09695321540311104
1445150312831062021,negative,2.4195333305835844e-06
1445150320150122498,negative,0.07522973472410464
1445150320494010369,negative,0.004410690327616347
1445150327351750656,negative,2.486765510596239e-07
1445150327699906560,negative,9.592754639270624e-05
1445150328815562759,neutral,0.5165781813596798
1445150329272741891,negative,4.0734001642535513e-05
1445150333366308865,negative,0.09835987604337858
1445150339926306824,negative,0.2186255598560461
1445150340001718273,negative,0.09695321540311104
1445150343118180353,negative,0.04241629546925635
1445150346582630401,negative,4.0734001642535513e-05
1445150348201664512,negative,0.007122196631754985
1445150350470696964,negative,2.326940415600998e-07
1445150352714739715,negative,0.09038616107406328
1445150356434980869,negative,0.0034155328550099047
1445150357856870404,negative,0.002819211414046361
1445150360662913027,negative,0.0029663155504430915
1445150361199730694,negative,0.010829597194580943
1445150363066290179,negative,0.23535444745744494
1445150363485622277,negative,4.0734001642535513e-05
1445150367260545032,negative,0.06578333652938091
1445150368049115138,negative,0.0018903307666918651
1445150370230153221,negative,0.2763052634186874
1445150370293035012,negative,2.708036347102937e-13
1445150371828150276,positive,0.9627597246633622
1445150372629295109,positive,0.9023221304989111
1445150373765865479,negative,0.002413238017494058
1445150374588043264,neutral,0.38003012110378026
1445150375070380038,negative,0.12703271384507175
1445150376186023940,neutral,0.6182602848798385
1445150382339018753,positive,0.998324243388797
1445150386738847745,negative,0.019053467401770375
1445150390794825728,negative,0.03785252466353205
1445150391583268865,negative,0.22477682721957828
1445150391637889024,negative,2.1073365712790694e-07
1445150392505995266,negative,0.0004400472560027191
1445150393076420618,negative,0.18606633985065021
1445150396268359683,negative,0.0001602577464288838
1445150398147334147,negative,9.128550421796433e-09
1445150401477677058,negative,0.03991492252770932
1445150404765958144,negative,0.00017400565739086098
1445150409555841025,positive,0.9230625476593993
1445150410067611649,negative,0.06354138583465772
1445150413104324612,negative,0.16021351620070015
1445150413573918721,negative,0.1704664494069586
1445150417378103296,negative,0.0018903307666918651
1445150417453789185,negative,1.9941865962058815e-06
1445150421782351874,neutral,0.41124874927206656
1445150423288004618,negative,0.17493753865359732
1445150425209098245,positive,0.9987528190529078
1445150428187041796,negative,0.00028285773470567956
1445150430657499138,positive,0.8413211957868842
1445150433455099907,positive,0.9230625476593993
1445150434545504257,negative,0.07364793486111516
1445150435489329157,negative,0.23535444745744494
1445150442913210369,negative,0.11492813770913442
1445150444981006342,negative,0.019053467401770375
1445150449791905801,negative,0.0018903307666918651
1445150453331812359,negative,3.394422127436847e-06
1445150457865834501,negative,3.497460727798151e-05
1445150459916918791,negative,0.046019732107573
1445150465650483210,negative,0.1718979250929505
1445150468829818885,negative,0.10768769819033149
1445150471132438531,negative,0.06545805652417006
1445150480351600641,negative,9.355192150078414e-06
1445150484168388609,negative,0.21968861223776326
1445150486424801287,negative,5.233666252807846e-06
1445150486433345536,negative,0.1414490044638304
1445150486546497537,negative,2.956071476606078e-06
1445150486676475916,negative,0.0327026208583039
1445150486760464386,negative,1.3999913872599361e-05
1445150486907301888,negative,0.005594856340191108
1445150486915686400,negative,0.04264083828161874
1445150487167193089,negative,0.0003971013859990153
1445150488341647369,negative,0.09695321540311104
1445150489075666950,negative,6.107266100990775e-06
1445150493618184194,negative,1.0697818287514212e-06
1445150495107133440,negative,0.023212461817641382
1445150496919011336,negative,0.18444659959824014
1445150499376930823,neutral,0.3499352441185855
1445150500190658562,negative,0.04931408122771886
1445150501490802688,negative,0.017529120542702007
1445150502531047427,negative,0.00015956846910318635
1445150503692914688,neutral,0.6155725360962586
1445150505332772867,negative,0.0058690466551224955
1445150508990271493,negative,0.023212461817641382
1445150510420566017,negative,0.003483504813707403
1445150511594975242,negative,7.958153604654847e-05
1445150512744108039,negative,0.22345268828389564
1445150512760950789,positive,0.9987528190529078
1445150515017437195,negative,9.784341066059117e-08
1445150517634678787,negative,0.2685172649687879
1445150517701668864,negative,0.0001756070098641661
1445150520176435202,negative,0.00017970855542108867
1445150520272900099,negative,0.04613826305566939
1445150522147852290,negative,1.193153297535377e-07
1445150524328792072,negative,3.394422127436847e-06
1445150525289291777,negative,0.007301236811699223
1445150526761492481,negative,0.054771265732364224
1445150527365525507,negative,0.24120382664244971
1445150531601711108,negative,0.21999939253775166
1445150534600732680,negative,0.0001480184657839993
1445150539768082433,negative,0.0019562756527927
1445150545543581699,negative,0.09835987604337858
1445150548194430986,negative,0.003083962011567194
1445150548936830980,neutral,0.3859669186281309
1445150559300988934,negative,0.001972239017404437
1445150561083576324,negative,0.17328052622167472
1445150565420437505,neutral,0.3373876872887905
1445150568150822912,negative,0.016181785394024106
1445150568826212357,neutral,0.49789225920557484
1445150580415123459,negative,0.21378032236744657
1445150580813467650,positive,0.9402546013105136
1445150583560671244,positive,0.9402546013105136
1445150588338114565,positive,0.9402546013105136
1445150590061981698,negative,0.17870406990277962
1445150595929812994,neutral,0.3490090643875801
1445150597125181445,negative,0.002595040191046307
1445150598433759235,neutral,0.3378596784489117
1445150610525937664,negative,0.18444659959824014
1445150611675156483,negative,0.17328052622167472
1445150614095384585,neutral,0.5129785942287509
1445150620093239296,positive,0.6846725452598308
1445150620546183176,negative,0.039782840466234384
1445150621699555329,negative,7.958153604654847e-05
1445150623649910786,negative,0.0006234432673441698
1445150625428295682,negative,0.012180410113871045
1445150627827355649,neutral,0.358710168258559
1445150628205010948,negative,0.012180410113871045
1445150629077426181,negative,0.0028001899203022184
1445150629089980416,negative,0.2116441509733697
1445150630604120071,neutral,0.45310384256447656
1445150631837290496,negative,0.0007654073744535962
1445150632776769545,neutral,0.6182602848798385
1445150632818708487,negative,0.002392241692541726
1445150634769063941,negative,0.001315480721630974
1445150635675037696,negative,0.007301236811699223
1445150636463505412,positive,0.9402546013105136
1445150636711030792,negative,0.19003448823499416
1445150639441551366,negative,0.10499578763326488
1445150643761602562,positive,0.9402546013105136
1445150650640252930,neutral,0.4113098393671586
1445150655690297344,negative,0.0006055893606834233
1445150655925137411,negative,0.0012263614322940849
1445150661436452864,negative,0.000354279148532124
1445150662661115906,neutral,0.5908845063751543
1445150663831343106,neutral,0.46511884455441777
1445150664225656834,negative,0.0009410888140899908
1445150669229395968,negative,0.009039825933627912
1445150672547110913,negative,0.002819211414046361
1445150672882749447,positive,0.8413211957868842
1445150675453849605,negative,1.7942462073741234e-05
1445150677928484865,negative,0.008141836319227018
1445150683825647621,negative,0.004636828801865724
1445150685130072068,negative,0.2952805719994075
1445150691790663687,neutral,0.47422361802149005
1445150691954204672,negative,0.17530011606073342
1445150692386148361,positive,0.9402546013105136
1445150694831542281,neutral,0.544612584536013
1445150700493844482,negative,0.029918429918195582
1445150701856903179,negative,0.3247772080628752
1445150702846808071,positive,0.9402546013105136
1445150703547265026,positive,0.9402546013105136
1445150704038027264,negative,0.051819094624066114
1445150705736720393,positive,0.9402546013105136
1445150706999209991,negative,0.010829597194580943
1445150711935901698,negative,0.0005581880760452572
1445150719082999811,negative,0.07522973472410464
1445150720190291977,negative,0.03915924426798572
1445150722044174346,negative,0.000653406324399775
1445150722283212811,negative,0.02092918352125933
1445150725579943938,positive,0.996045414658666
1445150726083207173,negative,3.394422127436847e-06
1445150727265996803,neutral,0.49789225920557484
1445150731393290247,negative,0.061164887484757784
1445150731456204804,negative,0.20508603425033078
1445150732659875842,negative,0.20019110137511695
1445150738091368468,negative,0.001741061238937428
1445150738167046145,negative,0.0896431231176208
1445150741463769091,negative,0.15111149999282433
1445150746215960576,negative,0.0012263614322940849
1445150748917051396,neutral,0.5468940158322279
1445150751815344132,negative,9.355192150078414e-06
1445150764465377283,negative,9.592754639270624e-05
1445150765195083782,positive,0.9907801471116319
1445150769456484359,negative,0.0012263614322940849
1445150770295414787,negative,0.044774802621474756
1445150770819706883,negative,3.915076196505682e-05
1445150775601139719,neutral,0.3859669186281309
1445150778168066055,negative,0.09695321540311104
1445150781670297608,negative,0.007624652804557468
1445150783675277313,neutral,0.35157783899184647
1445150786044977159,negative,0.00031110323319329233
1445150791598288898,negative,0.09695321540311104
1445150800318193676,negative,0.06179926396099351
1445150800725127172,negative,5.151267995941825e-12
1445150805292630021,negative,0.0002964903538709815
1445150809528967173,neutral,0.46511884455441777
1445150812901097472,negative,0.07364793486111516
1445150812993425418,negative,0.009336426096303207
1445150813538639872,negative,0.06179926396099351
1445150816256548870,negative,0.023212461817641382
1445150819276443660,negative,0.05320555116007185
1445150820509573126,negative,0.03936042935750637
1445150820799029249,neutral,0.38452283322482717
1445150822405443584,neutral,0.39733030462228525
1445150825177919488,negative,0.0007016837703651869
1445150826331353095,negative,0.004675455124736574
1445150829972004864,negative,0.07364793486111516
1445150830471041030,neutral,0.46127768308170247
1445150832043888645,negative,1.5932504738583136e-05
1445150833121939459,negative,0.00027014049401891
1445150834254401537,negative,0.00566293700074888
1445150836028542977,negative,1.2513417566140638e-05
1445150837110628358,negative,0.08669423877984482
1445150838410907648,negative,0.09695321540311104
1445150838880673795,positive,0.9402546013105136
1445150840768143364,negative,0.10987168882372703
1445150840994549765,negative,0.009508228609633946
1445150847042826240,negative,0.054771265732364224
1445150849186029572,negative,0.11464485935722254
1445150850461097988,negative,0.0006311565682313098
1445150852419837956,negative,0.015940094010057044
1445150860884025344,positive,0.9402546013105136
1445150862062587911,negative,0.023212461817641382
1445150867313897486,positive,0.9402546013105136
1445150869238976516,negative,0.005789110987855348
1445150874028883974,negative,0.01929242430133359
1445150874565812226,negative,0.061164887484757784
1445150879187939333,positive,0.9852659424869689
1445150879963914244,negative,0.011753526842665658
1445150880215490565,negative,0.02540540659825155
1445150883906469891,negative,0.04895603197984419
1445150885198192655,negative,0.023212461817641382
1445150888109219842,negative,0.002145209727280698
1445150889581367302,negative,0.000204566756763964
1445150891154317319,negative,0.06354138583465772
1445150892836130816,neutral,0.3729407236368304
1445150894421684226,negative,0.11626109673360163
1445150898938945539,negative,3.394422127436847e-06
1445150899307958275,negative,3.283813522358935e-09
1445150899769421827,negative,9.592754639270624e-05
1445150902600482819,neutral,0.5947489043458001
1445150914868912134,negative,0.0032878929728289152
1445150920363364358,negative,1.0626843202945432e-05
1445150921072254980,negative,3.8363599762965155e-05
1445150924570251265,negative,0.007301236811699223
1445150931637743621,negative,0.030552698496438425
1445150932459823106,negative,0.2685172649687879
1445150932669550594,negative,9.493743703459961e-06
1445150936519876611,negative,9.691226438607562e-06
1445150938222809090,negative,3.497460727798151e-05
1445150941414580231,negative,0.05602982235009699
1445150942631010307,negative,0.05934746392119526
1445150950503731203,negative,0.2135140083070197
1445150956996464641,negative,2.187247463452423e-06
1445150957126496261,negative,0.01801324310926257
1445150957571039233,negative,0.0003906449450414907
1445150962008707077,negative,0.053700878394007764
1445150966022541313,positive,0.9402546013105136
1445150969730318345,negative,0.0003205903386744041
1445150970158198784,negative,0.024113254427547803
1445150981046611974,negative,0.0003894451140207603
1445150984133566464,negative,9.691226438607562e-06
1445150985618341896,negative,0.011022085813081147
1445150986604056578,negative,9.355192150078414e-06
1445150987912720387,negative,0.05174353399904299
1445150995273633802,negative,3.394422127436847e-06
1445150997538615303,negative,0.0004534205414272394
1445150999472185344,negative,0.044774802621474756
1445151002164793345,negative,0.00028285773470567956
1445151010100588548,negative,5.350978443094653e-06
1445151012290015232,neutral,0.3492087147464466
1445151013636345856,negative,0.019673486901671353
1445151018069725188,neutral,0.49789225920557484
1445151019537678343,positive,0.9402546013105136
1445151022729633793,negative,4.890267166812501e-05
1445151023627182081,negative,8.826771390568837e-06
1445151027028766725,negative,0.10542661105642674
1445151028534562822,negative,0.006200371289894811
1445151028979118081,negative,0.029918429918195582
1445151029289443332,negative,7.958153604654847e-05
1445151029562122240,negative,2.566594712008004e-09
1445151030849773574,negative,4.108002326234075e-15
1445151037686419457,negative,0.00732223988790958
1445151037694922762,negative,0.0018903307666918651
1445151039594930181,negative,0.058306598158035225
1445151043180974088,negative,0.0002204918447913938
1445151043969560579,negative,0.02377687805907131
1445151046259650562,negative,0.005594856340191108
1445151050646933504,negative,0.0023108591635644295
1445151053092204544,negative,0.001972239017404437
1445151054920814594,negative,0.006616800340530473
1445151054933499905,negative,0.0006387369096993037
1445151057420566541,negative,0.005726975427635792
1445151059400396802,negative,0.0007283779642585745
1445151059849134084,negative,3.394422127436847e-06
1445151062017597440,neutral,0.6147554972713335
1445151063246622721,negative,0.010829597194580943
1445151073459707909,negative,0.020933549653609437
1445151075355570178,negative,0.17328052622167472
1445151081537888261,negative,1.5545033766798732e-06
1445151083064664070,negative,0.0001756070098641661
1445151085178593287,negative,0.061164887484757784
1445151087137329157,negative,7.913331589073295e-08
1445151090933108744,negative,0.03897475007784582
1445151094192103426,negative,3.07145218674363e-05
1445151110482825220,negative,0.0018903307666918651
1445151118271602696,negative,8.21405758049631e-06
1445151119345438728,negative,0.17583802648187977
1445151119563440131,negative,0.005457656392417899
1445151124324036610,negative,0.023212461817641382
1445151125477396484,negative,0.024109271472759514
1445151127004143616,negative,9.592754639270624e-05
1445151132385517570,negative,0.06354138583465772
1445151135384457222,negative,0.005457656392417899
1445151141961080836,neutral,0.46511884455441777
1445151142204293124,negative,2.1073365712790694e-07
1445151145320669185,negative,0.005457656392417899
1445151156381093896,negative,0.20019110137511695
1445151161657569287,negative,0.08987076066004453
1445151166896082944,negative,4.03231256719363e-06
1445151171782578178,negative,0.00018654946752785738
1445151174362075137,negative,0.020933549653609437
1445151174957715456,negative,0.0022537434113748386
1445151176773681157,negative,0.024062310848378184
1445151178539425806,negative,0.003483504813707403
1445151178849927176,negative,0.14778917865041769
1445151181093969921,negative,0.00021529971968321988
1445151185808367617,negative,0.019053467401770375
1445151195845300227,negative,0.003279210800673999
1445151196474482688,negative,0.0001540692875072491
1445151198374412290,negative,9.592754639270624e-05
1445151198420553729,negative,0.007450183701330105
1445151203839594503,negative,0.012180410113871045
1445151204279980035,negative,6.806701198685921e-07
1445151207002083335,negative,0.0006311565682313098
1445151209623592969,negative,0.061760315879182605
1445151211003514881,negative,4.384765809530325e-05
1445151211494248449,negative,0.0002204918447913938
1445151214690242560,negative,0.0028001899203022184
1445151214824472581,negative,8.332226180619062e-05
1445151215130644482,negative,0.0003611051725372719
1445151223758340098,negative,0.061164887484757784
1445151224848846848,positive,0.9402546013105136
1445151228544045061,negative,2.1073365712790694e-07
1445151232168022016,negative,0.028038729185409894
1445151237889007624,negative,1.9383476381825834e-06
1445151251705040909,negative,0.014786729697339464
1445151251893825536,negative,5.18748138710707e-07
1445151254334873607,negative,0.08987076066004453
1445151256490790913,negative,1.1887672198035662e-05
1445151260332773377,negative,0.14778917865041769
1445151262350131200,negative,0.1908942153374937
1445151262748680192,negative,0.0012263614322940849
1445151262933233669,negative,0.0032878929728289152
1445151267236495365,negative,0.29466284226276646
1445151268343844868,negative,0.000871376721220385
1445151268780060680,negative,2.5622448748297195e-05
1445151272424853510,negative,0.016480673824738053
1445151272433246212,neutral,0.37169899460649336
1445151272835891205,negative,0.019053467401770375
1445151278275891202,negative,0.0010244148586218416
1445151278569504773,negative,0.001741061238937428
1445151279307763717,neutral,0.6094285675273781
1445151285552947203,negative,0.00028285773470567956
1445151287746641928,negative,0.12102570293110336
1445151288082247683,negative,0.21162838741102807
1445151288732360704,negative,0.0006127837302804411
1445151289541906437,negative,0.031098865880196527
1445151290116526085,negative,0.0001602577464288838
1445151290451922958,negative,0.061164887484757784
1445151293723533313,negative,2.852701299495547e-05
1445151295241867269,negative,0.0689648838847383
1445151299994066952,negative,0.01454214836482528
1445151302795898887,neutral,0.45220016347759584
1445151305815760897,negative,9.355192150078414e-06
1445151313608708104,negative,0.01657622617698229
1445151315324125188,negative,0.0010594594709095535
1445151317458968576,negative,9.171817976873395e-06
1445151318360956932,negative,0.003483504813707403
1445151318587346949,negative,0.003483504813707403
1445151319304642568,negative,0.0034400606803509136
1445151319619158017,negative,0.31251327812974533
1445151320009232385,negative,0.003450625277878712
1445151325281521667,negative,0.28012526716471053
1445151325424074752,negative,5.222784328401645e-08
1445151327676416002,negative,1.1053569151051496e-08
1445151331811872769,negative,3.394422127436847e-06
1445151332416081921,negative,0.0009384831512827484
1445151333078679558,negative,0.012180410113871045
1445151343908462600,negative,0.08034085612155202
1445151349478412293,negative,0.04931408122771886
1445151349734182929,neutral,0.46511884455441777
1445151357699297283,negative,0.06125874769440883
1445151360681447431,negative,0.06771377044671484
1445151361163796484,neutral,0.345516649286985
1445151362589863944,negative,0.024109271472759514
1445151369413988356,neutral,0.5031631133608458
1445151370483585027,negative,0.01548473245020537
1445151371943161858,neutral,0.35157783899184647
1445151374413635585,negative,0.03062991268793672
1445151382256902144,neutral,0.6094285675273781
1445151383712374784,positive,0.8311060438566062
1445151383737483269,negative,0.03982012979408541
1445151385306152960,negative,0.31251327812974533
1445153007436509185,negative,0.2690329061145707
1445153008560582661,negative,0.31820487300311295
1445153009151918081,negative,0.15170812450308052
1445153010183770117,negative,0.06354138583465772
1445153010305441796,negative,0.0002449363070056917
1445153010930364423,negative,0.1263308451787766
1445153013220446209,positive,0.9402546013105136
1445153013618860041,negative,0.010210144151189019
1445153013946109954,negative,9.592754639270624e-05
1445153017767071747,negative,0.012180410113871045
1445153029053952007,negative,0.06739604467541709
1445153035051847681,positive,0.7668849604086916
1445153038440751108,negative,0.008424175088362731
1445153038570823681,negative,0.000666034320874978
1445153038717620225,negative,0.012180410113871045
1445153040072417284,negative,0.0013914489639158846
1445153040835784706,negative,0.003483504813707403
1445153041334800390,negative,4.5707996547198496e-05
1445153041901096965,negative,0.19003448823499416
1445153043977314304,negative,0.003045472488188991
1445153044174360577,negative,0.023212461817641382
1445153045164314630,negative,0.2828136932208214
1445153045915086853,negative,0.17261318902485875
1445153050612670469,negative,0.029918429918195582
1445153060062437381,negative,0.04526238079892577
1445153064005029898,negative,0.0016293167462702422
1445153064059654147,negative,0.24120382664244971
1445153066077065220,negative,0.001972239017404437
1445153072997617665,negative,0.14778917865041769
1445153073987473413,negative,0.015874278219453284
1445153075178659843,negative,0.2150367435545002
1445153075971436544,negative,0.0013732450520386246
1445153076793458691,negative,0.011062797996927576
1445153077514969093,negative,0.036763927263729734
1445153077934362627,negative,0.0003167795313863137
1445153082971721735,negative,0.0006641487958045444
1445153083521130496,negative,0.0008156305384937362
1445153091926597634,negative,0.11154443292387338
1445153098952056837,positive,0.9230625476593993
1445153100185079818,negative,0.04739844979273408
1445153100713668610,negative,0.010829597194580943
1445153105759195149,negative,3.962646025933082e-06
1445153108582096899,negative,0.20635038736695718
1445153110129889283,positive,0.9009019379664884
1445153111593689095,negative,3.4730617912577127e-09
1445153112151498752,negative,0.005457656392417899
1445153115590873090,negative,0.0018829710444004705
1445153115863404549,negative,0.06581252637088746
1445153117075615746,negative,0.25721856492606804
1445153117268549643,negative,0.18979138737719795
1445153122704363520,negative,0.09689408222072492
1445153123929108484,negative,0.056777005540101226
1445153124587610118,negative,0.019770859941299162
1445153132372271109,negative,0.0028950395635662413
1445153132636430336,negative,0.003083962011567194
1445153139800383488,negative,0.0035753255720737493
1445153140102373380,negative,0.062122850682515864
1445153142505713664,negative,0.09971971040014418
1445153150516727820,negative,0.01111286208169006
1445153155076042752,negative,0.0014407487455734597
1445153160385994755,negative,0.07576984160486175
1445153161052884993,negative,0.013254487871563064
1445153161908563972,negative,0.008048792016525674
1445153165498781698,negative,0.010829597194580943
1445153165867954176,negative,0.0003610329403455345
1445153170641104897,negative,0.05684047292077727
1445153172452872198,negative,0.008019898697451053
1445153182368337925,negative,8.637285382045148e-05
1445153184998113280,negative,0.0013080477803317902
1445153186092834816,negative,0.05684047292077727
1445153188882038785,negative,0.0952521701486183
1445153191440551938,negative,4.919579355243869e-06
1445153193030213638,negative,1.2842913994459136e-05
1445153196175941637,negative,0.010829597194580943
1445153196394037262,negative,0.12544552672654022
1445153198071758850,negative,3.394422127436847e-06
1445153200869367812,negative,2.3418856352424575e-05
1445153200961724423,negative,0.010829597194580943
1445153201934700546,negative,0.02734279895443641
1445153204346527751,negative,0.003045472488188991
1445153205214752768,negative,0.07949961742851766
1445153206980517889,neutral,0.45038988228237464
1445153207504752640,negative,0.020914141199990726
1445153207857123335,negative,0.00043627527013888323
1445153211535474688,negative,2.2089182242682098e-05
1445153213041319944,negative,0.0015121627167733055
1445153215540961280,negative,0.002610590530342604
1445153217751441410,negative,0.0006127837302804411
1445153221136326659,negative,0.09689408222072492
1445153221375365121,neutral,0.47455118263525786
1445153225112440833,neutral,0.33130121620790776
1445153225250852869,negative,0.012115764237919822
1445153226467184643,negative,2.4909159650175546e-07
1445153228967059458,negative,0.020933549653609437
1445153238664327172,negative,0.30647691423800943
1445153239322832898,negative,0.039702021421046896
1445153242883760133,negative,0.04166147792479393
1445153244053794818,negative,1.0991806982759838e-05
1445153249116426242,negative,0.00028285773470567956
1445153249712037888,negative,0.012668623268416914
1445153254648680451,negative,0.2828136932208214
1445153260499869696,negative,0.0948908403365332
1445153261368053767,negative,0.0025103633668799676
1445153266271141888,negative,0.001195776184182741
1445153266392653829,negative,0.0001284284007479614
1445153270658371590,negative,3.394422127436847e-06
1445153274710142981,negative,0.21378032236744657
1445153274986893314,negative,0.014085198210186793
1445153276228476935,negative,0.08669423877984482
1445153280988901377,positive,0.6846725452598308
1445153295065042954,positive,0.9402546013105136
1445153298974220288,negative,0.3157226441217041
1445153300383469568,negative,0.0016904884831087643
1445153302791004163,neutral,0.4682246767412694
1445153303495471104,negative,7.85356648069599e-06
1445153306431610889,negative,0.25721856492606804
1445153307295629315,neutral,0.34621884935615665
1445153309900345346,negative,0.015234548900055425
1445153309917130759,negative,0.008048792016525674
1445153310319730691,negative,0.1446041164482266
1445153317882052615,negative,0.003286739800549264
1445153318788075525,negative,0.00035976556019985944
1445153318918049796,negative,0.20308941048263413
1445153319555584015,neutral,0.45038988228237464
1445153321925349381,positive,0.9230625476593993
1445153335233941507,negative,0.032487068005012304
1445153341663813635,negative,0.010829597194580943
1445153344784408580,negative,0.0035753255720737493
1445153345329635342,negative,0.00036816071911202185
1445153345346408458,negative,6.66845659571909e-07
1445153347267448837,negative,0.010829597194580943
1445153352011198465,negative,0.007624652804557468
1445153362400448520,negative,0.06354138583465772
1445153363583189008,negative,0.04739844979273408
1445153367811141633,negative,0.0011935099706692012
1445153367823564800,negative,0.24416891401503496
1445153368536752130,negative,0.05684047292077727
1445153368800960521,positive,0.8058487783163795
1445153371862847491,negative,0.013881167928871087
1445153374798852102,negative,0.00857925834381459
1445153375155331077,neutral,0.47455118263525786
1445153376438824960,negative,0.00010301293948276893
1445153384542216200,negative,0.20635038736695718
1445153384961609735,negative,0.012180410113871045
1445153387176148996,negative,0.02640494187404796
1445153390753951753,negative,2.593088371698353e-05
1445153393023111172,negative,0.014641197531797781
1445153393803239432,negative,0.21921412548362115
1445153395011108868,negative,0.012180410113871045
1445153396227547139,neutral,0.47455118263525786
1445153401822658565,negative,0.0018903307666918651
1445153404238630918,negative,0.21921412548362115
1445153404263837697,negative,9.784341066059117e-08
1445153411356413959,negative,3.394422127436847e-06
1445153411628941316,negative,0.001972239017404437
1445153414070128645,neutral,0.5908845063751543
1445153414216888320,negative,0.1263308451787766
1445153416192397312,negative,0.0015121627167733055
1445153420764196875,negative,0.0002179226338581374
1445153421045141513,negative,9.02300891557034e-06
1445153425696739329,negative,0.08756371729800691
1445153428573917193,neutral,0.3373876872887905
1445153434148253702,negative,1.9640577432221065e-05
1445153434844508161,neutral,0.4682246767412694
1445153435855228933,negative,0.06179926396099351
1445153436807335943,negative,0.012205547913096249
1445153438145433604,negative,0.012180410113871045
1445153439906926593,positive,0.9402546013105136
1445153440544575493,negative,0.1129368992379898
1445153443090423810,negative,0.03982012979408541
1445153449969164290,negative,0.012180410113871045
1445153451797884937,negative,0.02257916675448604
1445153455958593539,negative,0.002819211414046361
1445153456533164035,negative,0.062122850682515864
1445153459255271429,negative,0.0038010859945588563
1445153460253601799,negative,0.003045472488188991
1445153461482500098,negative,0.013141230020178685
1445153465148321795,negative,2.3418856352424575e-05
1445153467966832643,negative,9.784341066059117e-08
1445153468394708997,negative,0.04166147792479393
1445153483058028551,negative,0.0328406753927624
1445153485062905861,negative,0.21921412548362115
1445153489781460993,negative,0.08684109055497391
1445153491937288197,negative,6.107266100990775e-06
1445153492079890435,negative,0.003085115877185366
1445153496488194049,negative,0.02342585078602035
1445153497415045120,negative,0.16022963998658252
1445153500841787398,negative,0.06354138583465772
1445153506994888704,negative,0.000981160419583942
1445153509767266311,negative,0.026788555916204247
1445153510962569219,positive,0.979749413501861
1445153512548098050,negative,9.592754639270624e-05
1445153513617641476,negative,8.943525115438077e-09
1445153513949048841,negative,0.0002028165712777472
1445153515987427332,negative,0.004971350500156558
1445153519854624770,negative,0.156600531698089
1445153520965984262,negative,0.001741061238937428
1445153529547665408,negative,0.06125874769440883
1445153531187585026,negative,0.0002204918447913938
1445153531846139904,negative,1.9330357437327825e-12
1445153533515468802,negative,0.0018829710444004705
1445153541446901761,negative,4.919579355243869e-06
1445153546014441474,negative,0.31939114136953217
1445153546148720641,negative,0.25421374189615226
1445153551106334726,negative,0.14787014962765183
1445153552448598024,negative,0.0008355450176673749
1445153554700832769,negative,0.08516148014209078
1445153555535568898,negative,1.4350360874319044e-05
1445153557976690699,negative,0.18257755894886069
1445153559486550017,negative,0.001972239017404437
1445153563278196738,positive,0.7696910663806051
1445153564070907910,neutral,0.45038988228237464
1445153568487530496,negative,0.0013914489639158846
1445153576620281859,negative,0.012180410113871045
1445153577002049537,negative,0.03716661148652946
1445153577488502786,negative,0.2828136932208214
1445153577924714504,negative,0.1263308451787766
1445153581309566983,negative,0.05378608263203424
1445153583658373121,negative,0.00018866102667606307
1445153584623063048,negative,0.0012794968084491054
1445153593573711874,negative,0.21643089238956265
1445153606030790658,negative,0.30468958915460226
1445153607754604547,negative,2.52423072700846e-05
1445153608484413449,negative,0.02257916675448604
1445153610036387847,negative,0.012180410113871045
1445153614209691656,negative,3.6369686893737434e-06
1445153615820337160,negative,0.0017586898494623988
1445153615832920067,positive,0.979749413501861
1445153622975782917,positive,0.9760408782468385
1445153625869848579,negative,0.0010147986895017126
1445153628147302404,negative,0.001301450340442962
1445153631255334916,negative,2.4909159650175546e-07
1445153634627506184,negative,9.592754639270624e-05
1445153635311263744,negative,0.009043884898639559
1445153636028493833,negative,0.0016292316914256761
1445153636900802563,negative,0.05684047292077727
1445153644089851908,negative,0.0013696823015432605
1445153644312150025,negative,0.03328257672640707
1445153645440520198,negative,0.003083962011567194
1445153645453008901,negative,0.012180410113871045
1445153647000760325,negative,0.05052195728529298
1445153648087027713,negative,0.012180410113871045
1445153649169244160,negative,0.03855820316048
1445153649642991621,negative,5.623468072395036e-08
1445153652369408005,positive,0.7249988099143939
1445153653338349583,neutral,0.47455118263525786
1445153654390939656,negative,0.14778917865041769
1445153654693154818,negative,0.0029130656570648937
1445153655703973892,negative,1.894093905095584e-05
1445153656513380352,negative,0.00024434453280165183
1445153658832838660,negative,0.27913838630713295
1445153660992901126,negative,3.394422127436847e-06
1445153663559901190,negative,0.17530011606073342
1445153663564013571,negative,0.07364793486111516
1445153664281219074,negative,3.394422127436847e-06
1445153666172862468,negative,0.003045472488188991
1445153670908289025,negative,2.2908257915087972e-07
1445153673429008391,negative,4.445740558274564e-09
1445153682438467590,negative,0.0014593044375059156
1445153686699843585,negative,0.30468958915460226
1445153688528564227,negative,0.0003611051725372719
1445153688826298374,negative,9.592754639270624e-05
1445153690214674432,negative,0.016087367222488345
1445153692630593537,negative,0.012180410113871045
1445153693838585858,negative,0.11056915719554194
1445153695092596739,negative,0.30468958915460226
1445153697865023492,negative,0.0028001899203022184
1445153698573963268,negative,0.06354138583465772
1445153700117426178,negative,0.20635038736695718
1445153701698670594,negative,0.0026979020204476465
1445153703359651854,negative,0.011022085813081147
1445153708476665869,negative,0.12370367147549001
1445153710582153217,negative,0.21637440200181443
1445153711412613123,negative,0.07839569446439199
1445153714168377348,negative,0.26761823965006853
1445153715606933504,negative,0.000934486166598187
1445153716882059277,negative,0.0002179226338581374
1445153718467448836,negative,0.0028782089119238413
1445153721273487361,negative,0.04613826305566939
1445153725102841863,negative,9.592754639270624e-05
1445153727317528577,negative,0.04739844979273408
1445153732283469832,negative,0.029527432032410383
1445153737719250949,positive,0.9402546013105136
1445153742605672456,negative,0.0016292316914256761
1445153742651858957,negative,0.0001382175712659335
1445153749190725639,negative,0.0012263614322940849
1445153751287967747,negative,0.00032836244282585667
1445153752412008452,negative,0.010136239223419755
1445153753108209667,negative,0.0018204004586940582
1445153753435303936,negative,8.826771390568837e-06
1445153754450432011,negative,6.355453503493517e-06
1445153756769931273,negative,2.2639311253477408e-07
1445153761865916416,negative,4.0734001642535513e-05
1445153762486652940,negative,0.04739844979273408
1445153763266859012,neutral,0.5082331564966278
1445153764093177857,positive,0.844301788316362
1445153770204184581,negative,0.12729990831124371
1445153771793887236,negative,0.024045946638652414
1445153772423065600,negative,8.427098438360625e-05
1445153775472332803,negative,0.002244469171546778
1445153781155614728,neutral,0.38003012110378026
1445153782246125572,negative,0.24634062962938347
1445153783575683072,negative,9.77744017796056e-06
1445153785677062148,negative,0.03855820316048
1445153788147470343,negative,0.11492813770913442
1445153789778952200,negative,0.25421374189615226
1445153791091908611,negative,0.0015121627167733055
1445153791838507015,positive,0.8108760898315555
1445153797827858436,negative,0.16257117862588083
1445153799035830273,negative,7.595619838594595e-05
1445153800709361664,negative,0.004092356872228282
1445153806006824963,negative,0.008221769010489748
1445153811178328070,negative,0.016181785394024106
1445153811446829057,negative,0.0016083405453257477
1445153815402094594,positive,0.9402546013105136
1445153820489785346,negative,9.02300891557034e-06
1445153821429223426,negative,0.23871696831429615
1445153821898969095,negative,0.1263308451787766
1445153822062563329,negative,0.07871473160258381
1445153828949606403,negative,4.804047730708119e-06
1445153831852154881,positive,0.9402546013105136
1445153832829431810,negative,0.00021615268575692501
1445153834725216259,positive,0.9760408782468385
1445153837346664449,negative,0.054771265732364224
1445153839280177155,positive,0.6882531461091864
1445153842123968513,negative,3.2116740900122844e-05
1445153844334321665,neutral,0.47455118263525786
1445153853024972810,negative,0.0028001899203022184
1445153854480388096,negative,0.00021615268575692501
1445153855495413767,negative,0.2238206231088202
1445153858192355329,negative,0.036763927263729734
1445153858972442630,positive,0.9752132980998514
1445153859538718726,positive,0.9999825671646617
1445153862243991559,negative,0.0005666157921507506
1445153864760631299,negative,0.010521224090063447
1445153867180777475,positive,0.9402546013105136
1445153873807695880,negative,9.592754639270624e-05
1445153874944344070,negative,0.006329325665296074
1445153878404644868,neutral,0.46127768308170247
1445153880376025094,negative,0.002461646482411892
1445153880975753217,negative,0.0026979020204476465
1445153882804469769,positive,0.8941307202184442
1445153885694349315,negative,0.10145527231981934
1445153886499659785,neutral,0.5429702725861405
1445153892489175042,neutral,0.45038988228237464
1445153897635586053,negative,0.30468958915460226
1445153898327576577,negative,0.008048792016525674
1445153900760346631,negative,0.18489395316538926
1445153905860562945,negative,3.394422127436847e-06
1445153906162552840,negative,0.0711203929648909
1445153907487870984,negative,4.318391050663379e-07
1445153914672893955,negative,0.1061309092219453
1445153922059055106,neutral,0.5031631133608458
1445153929982009348,positive,0.9402546013105136
1445153930162360325,negative,1.8210720163228273e-10
1445153930573455366,negative,2.2463743243511063e-09
1445153933375283205,negative,0.27773351505756705
1445153934356668417,negative,0.0004676879132346398
1445153941491175433,negative,0.32393345985540795
1445153942476926976,neutral,0.5038689855780313
1445153948546084866,negative,0.06354138583465772
1445153955315605511,negative,0.026081582262660535
1445153962919964673,negative,0.003483504813707403
1445153964052336647,negative,5.784243649180554e-06
1445153968942895106,negative,0.023212461817641382
1445153971258155012,negative,0.0008185481309722232
1445153975666421764,negative,0.0006127837302804411
1445153981781757953,negative,0.013157829010646915
1445153984080191493,negative,0.03029534409315472
1445153985871101952,negative,0.004006237581574536
1445153986655494146,negative,0.062122850682515864
1445153986823311367,negative,0.0006255031214585395
1445153992976310275,negative,0.2771206872964795
1445153993265668099,negative,0.24634062962938347
1445153993475465216,negative,0.012180410113871045
1445153993517326343,negative,4.412239550866244e-05
1445153995031519233,positive,0.9230625476593993
1445154007710842882,negative,0.0005666157921507506
1445154008268685317,negative,0.00010519026935589715
1445154012274249730,positive,0.9973910107567967
1445154015499767816,negative,0.02679775655786921
1445154021984116740,negative,0.031478780431524564
1445154023821115395,negative,0.001351282543589761
1445154024597213185,positive,0.9828734629717962
1445154026429947927,negative,0.1723630692656458
1445154028162371584,negative,7.788093627167277e-07
1445154032872476672,negative,8.427098438360625e-05
1445154036274053121,negative,0.030552698496438425
1445154036395610113,negative,0.00020481441589634457
1445154036513116161,negative,0.03292801172962332
1445154036995481603,negative,0.31251327812974533
1445154038291513349,negative,0.12017466807972572
1445154041412063232,negative,0.03701734239262492
1445154046642466824,negative,0.273677393938141
1445154047057702924,negative,0.0007448840367445461
1445154047321952259,negative,0.0006127837302804411
1445154050870108166,negative,0.00020481441589634457
1445154050970947585,negative,9.405294623080402e-08
1445154052900282375,negative,0.026081582262660535
1445154058260652033,negative,0.04781340754492476
1445154059317620746,negative,0.10519942712104578
1445154071418183685,negative,2.0117532727152416e-12
1445154072311607299,positive,0.9402546013105136
1445154076199727105,negative,0.09689408222072492
1445154078158381063,neutral,0.49789225920557484
1445154079962013701,negative,0.036056140064924976
1445154082180767744,negative,0.0003475438871582357
1445154084055654400,negative,8.427098438360625e-05
1445154084064055297,negative,2.155228698466788e-08
1445154088887455753,negative,9.784341066059117e-08
1445154090187636736,positive,0.7925223052471052
1445154092381192193,negative,9.026376737278053e-06
1445154093069180928,negative,2.8825389166295925e-06
1445154095417987072,negative,4.800566863872183e-07
1445154097947189252,neutral,0.38003012110378026
1445154100308496388,negative,0.0016292316914256761
1445154102196023302,negative,0.20958030030791502
1445154102388928513,negative,0.003120886150621282
1445154104205053952,negative,0.3145624484889669
1445154104729378818,neutral,0.49789225920557484
1445154105635352582,negative,0.21788213027286768
1445154108298702851,negative,0.12164944572907702
1445154117945643009,negative,0.0016292316914256761
1445154118352310272,negative,0.1347935257909728
1445154120873172995,negative,0.014173611795218713
1445154121808551943,neutral,0.5385722757599272
1445154125533024257,negative,0.07854354605092159
1445154134336937991,negative,0.008048792016525674
1445154144747245570,negative,0.0006201573758548163
1445154157921542144,negative,0.18979138737719795
1445154158013734919,positive,0.7668849604086916
1445154161138483203,neutral,0.5656164403485135
1445154169799708673,negative,0.25401421255941126
1445154170982502404,negative,0.0030490080401452567
1445154172140130304,negative,0.0017754077758828932
1445154172198817795,negative,0.019053467401770375
1445154173713100803,positive,0.97466492380549
1445154177005596673,negative,0.010829597194580943
1445154178817531907,negative,0.004971350500156558
1445154180268707851,negative,0.00886122037804426
1445154180302262279,negative,0.0434116446296727
1445154181191450626,negative,0.003279210800673999
1445154181225107457,negative,0.010829597194580943
1445154183477407746,negative,0.0008667058292823148
1445154187243925504,negative,0.03547593001835683
1445154191970865161,negative,0.0004679286553802075
1445154194600648706,negative,0.0003611051725372719
1445154197700235267,negative,5.949064650782e-10
1445154200590209037,negative,9.592754639270624e-05
1445154200690704387,negative,0.1768645194285208
1445154205321281540,negative,0.00867969499505599
1445154205707210754,negative,0.1280123832978704
1445154205786910720,negative,0.0016292316914256761
1445154208383225856,negative,0.00021615268575692501
1445154209981210632,negative,0.0039025359910305657
1445154214267736067,negative,0.0074913021563185024
1445154214355763201,negative,0.0004676879132346398
1445154216859865093,negative,0.041822225292851456
1445154218701172742,negative,0.016889950743033594
1445154221918023680,negative,0.00027425750103110715
1445154225508524032,negative,0.05684047292077727
1445154228700340228,negative,0.0009419780579685716
1445154234757009408,negative,0.03982012979408541
1445154236925362176,neutral,0.45038988228237464
1445154240897458184,negative,0.03706646287665547
1445154242394824706,negative,0.0006127837302804411
1445154254466031621,neutral,0.4298219581666581
1445154257943007232,negative,0.00013404859872749057
1445154261159927824,negative,1.6405732750347194e-05
1445154261218721811,negative,0.06225695771357589
1445154261239693318,negative,0.004346281045771338
1445154262061752332,positive,0.8708247836035453
1445154262120472580,negative,0.007094906476779485
1445154262133051407,negative,0.014573899755336238
1445154262263103493,negative,0.03598579264844098
1445154262925725699,positive,0.8708247836035453
1445154263018188807,negative,0.05539685346785273
1445154263043346438,negative,0.014802801075285484
1445154263655542786,negative,2.78897914140398e-06
1445154263861235715,negative,0.0001931537612792356
1445154265870315521,negative,0.05650483228302532
1445154266998575111,negative,1.2392533610070572e-08
1445154267220922368,negative,0.04739844979273408
1445154268365799434,negative,0.0023607133820730685
1445154268894351364,negative,0.08334984954547572
1445154269666099212,negative,0.11685527853351693
1445154272962916356,negative,0.0854951779848003
1445154273654886402,negative,1.352522571865767e-08
1445154273784852480,negative,0.0005758823791414472
1445154274502184965,negative,3.4797131403264456e-07
1445154276301582338,positive,0.940698494131315
1445154283385667584,negative,0.17484393470555812
1445154289526190083,negative,0.02847642238624389
1445154289589030915,positive,0.979749413501861
1445154289639383048,negative,0.09695321540311104
1445154289870114825,negative,9.784341066059117e-08
1445154291614879744,negative,0.07576984160486175
1445154303505747968,negative,0.0018829710444004705
1445154303740682253,negative,0.0006401452347859165
1445154305237995524,negative,0.25421374189615226
1445154315426017283,negative,0.012777512486461449
1445154316327792644,neutral,0.5194109033386953
1445154317166649344,negative,0.0007490308201669094
1445154317481152522,negative,0.010829597194580943
1445154323047010305,negative,0.007624652804557468
1445154323797786625,negative,0.0002448512903258955
1445154325865586692,negative,0.08557538074801296
1445154326423515141,negative,0.003483504813707403
1445154328713515009,negative,0.2559313425480015
1445154330479190037,negative,0.001351282543589761
1445154330907193346,negative,0.02232911211082684
1445154330953269251,negative,0.20637222358238633
1445154332240924674,negative,0.0010797937567022197
1445154332782039040,neutral,0.5947489043458001
1445154338255642628,negative,0.011881624032105662
1445154344907780097,negative,0.003799264934610535
1445154349525737473,negative,6.192151734027655e-05
1445154362087677957,negative,0.008911507974184472
1445154367917723657,negative,0.0009871061542183822
1445154368186195969,negative,0.11477427287188886
1445154368668438533,negative,0.21104837079882433
1445154370039988227,negative,0.05875243820011002
1445154371872952321,negative,0.17530011606073342
1445154382903844870,negative,0.00010194123548099988
1445154384657199104,negative,0.0017090272510537792
1445154391795933189,negative,0.23475993127835598
1445154392299212801,neutral,0.5641722374054255
1445154395285606402,negative,0.06482082089372841
1445154398578135040,negative,0.1446041164482266
1445154400993959941,neutral,0.42191422235854953
1445154402868813826,negative,0.007246509437056379
1445154404034916357,positive,0.9402546013105136
1445154408757612544,neutral,0.5656164403485135
1445154408883499010,positive,0.940698494131315
1445154409135153153,negative,0.0007223249056294827
1445154409688805378,negative,0.0012263614322940849
1445154411173527558,negative,0.04166147792479393
1445154411249086469,negative,0.012417375836867516
1445154412754870277,negative,0.1129368992379898
1445154415896195077,negative,9.557196271076301e-05
1445154420581359630,negative,0.002063296432951027
1445154424817606658,negative,8.340016879409636e-13
1445154426856124416,positive,0.9402546013105136
1445154428626087938,neutral,0.4906955160700186
1445154429188157440,neutral,0.6388733437275337
1445154429225811972,negative,0.14778917865041769
1445154429926354945,negative,0.0011914654132899906
1445154433650802699,negative,0.00247319491654909
1445154433675968520,negative,0.00358989353270335
1445154434212941824,negative,0.001409024483565676
1445154434359627784,negative,0.004971350500156558
1445154434552680451,negative,0.0038695682849095763
1445154437274771461,neutral,0.49789225920557484
1445154440831455232,negative,1.8430147309485107e-05
1445154442400174085,negative,0.01909470239106714
1445154443398426628,negative,0.010829597194580943
1445154451115986951,negative,0.06354138583465772
1445154453007503367,negative,0.010829597194580943
1445154453129244673,positive,0.9230625476593993
1445154453338968065,neutral,0.3373876872887905
1445154460406370308,positive,0.97466492380549
1445154461974994950,negative,0.0003611051725372719
1445154475451330561,negative,0.04193023668189924
1445154476944465920,neutral,0.5656164403485135
1445154479456899074,negative,0.03982012979408541
1445154484552937478,negative,0.18979138737719795
1445154487719665668,negative,0.001741061238937428
1445154490940862473,negative,4.055610014186266e-05
1445154494040494083,negative,1.5932504738583136e-05
1445154502835904516,negative,0.012180410113871045
1445154505864228871,negative,0.08438053056025752
1445154513619337230,negative,0.03840730678480914
1445154526139457541,negative,0.0007283779642585745
1445154529142530049,negative,0.07854354605092159
1445154530035912713,negative,0.005178632300508856
1445154534356099075,negative,0.1222409920537905
1445154544271437832,negative,0.0004584844657989669
1445154547643584515,neutral,0.5266607897375037
1445154549371703298,negative,0.18284888292591858
1445154551061962752,negative,7.525142755385233e-07
1445154552655851523,negative,0.00358989353270335
1445154554149064705,negative,0.14778917865041769
1445154556829224962,positive,0.8413211957868842
1445154557667983362,negative,0.02679775655786921
1445154565666623490,negative,4.563863864085639e-05
1445154568879411205,negative,0.0522282026163673
1445154572935237633,negative,2.341671480484862e-11
1445154574285869057,negative,0.06354138583465772
1445154576659886086,negative,0.010829597194580943
1445154577926533123,negative,0.0026979020204476465
1445154583056162828,negative,0.005466720067464905
1445154586369593345,negative,0.0007283779642585745
1445154587871223812,negative,0.0018903307666918651
1445154588848427012,positive,0.9402546013105136
1445154593156079623,negative,0.2952805719994075
1445154594036797441,neutral,0.47455118263525786
1445154597463629824,negative,2.4909159650175546e-07
1445154597669064706,negative,0.168287693385521
1445154599036403716,negative,1.5212305636794263e-06
1445154599292207115,negative,0.015033503659261422
1445154600605134849,negative,1.2958066813690885e-05
1445154602660335618,negative,0.03229737503235041
1445154603520118784,negative,0.09695321540311104
1445154604631613441,negative,1.7930908088144978e-07
1445154605680242690,negative,1.7930908088144978e-07
1445154607437647875,negative,0.012180410113871045
1445154608100245506,negative,0.020933549653609437
1445154608209448964,negative,6.778504499797228e-06
1445154611120128001,negative,0.002669143026930527
1445154613158629383,negative,0.019053467401770375
1445154613473202181,negative,0.04613826305566939
1445154615641710600,negative,0.25421374189615226
1445154616014950403,negative,0.07622480250450975
1445154620330987530,negative,0.016872392992518734
1445154620393902083,negative,0.013141230020178685
1445154621224374274,negative,0.11685148063228222
1445154628199399429,negative,0.0004676879132346398
1445154631508713476,negative,0.07854354605092159
1445154633836552197,negative,0.25401421255941126
1445154637519245315,negative,9.044305524776738e-07
1445154641856143360,negative,0.03840730678480914
1445154642665541636,negative,8.595795977793786e-09
1445154643227598851,negative,9.784341066059117e-08
1445154644016214019,negative,0.19813676911620778
1445154645257736200,neutral,0.6094285675273781
1445154646616678402,negative,0.0002204918447913938
1445154647556173824,negative,3.394422127436847e-06
1445154647853895680,positive,0.940698494131315
1445154648877305864,neutral,0.3689328064876102
1445154649527422980,neutral,0.4906955160700186
1445154651846975488,negative,0.014489767330353086
1445154657257418768,negative,0.2637546737347769
1445154659082067978,negative,0.036763927263729734
1445154659732164616,negative,0.1511480051022849
1445154659862188034,negative,0.11154443292387338
1445154662169157633,negative,0.2486640047527842
1445154664740163589,negative,0.0025103633668799676
1445154667256766467,negative,0.0013914489639158846
1445154670159319043,negative,0.0003644810694671305
1445154671857917955,negative,1.5932504738583136e-05
1445154679629955076,negative,0.0029395663093694335
1445154684356870148,negative,0.00020481441589634457
1445154687846686724,negative,0.0002881583285223639
1445154689436172298,negative,0.00020481441589634457
1445154691260817420,negative,0.06354138583465772
1445154692426833922,neutral,0.47281015167170903
1445154693106257922,negative,0.000928153239898092
1445154693865295878,negative,4.0734001642535513e-05
1445154695660572676,negative,0.00018654946752785738
1445154696755306502,negative,1.5932504738583136e-05
1445154697673945097,negative,0.12459222600412513
1445154699389325313,negative,0.04468485408163418
1445154700836458508,negative,0.0807813556541208
1445154704049250310,negative,0.0032878929728289152
1445154705055813635,negative,0.0522282026163673
1445154710126739460,positive,0.7349204292379902
1445154716447543304,negative,0.02679775655786921
1445154718079229954,negative,0.003083962011567194
1445154720125964293,negative,0.0629713078193781
1445154720952328196,neutral,0.5509348006065574
1445154722558578688,negative,0.0028118050978319688
1445154732809535493,negative,0.012417375836867516
1445154735032504323,negative,0.04591294163216275
1445154743140093955,positive,0.940698494131315
1445154743450472451,negative,0.04591294163216275
1445154743672786952,neutral,0.35242053250250693
1445154745719660550,negative,0.003045472488188991
1445154747321835521,negative,0.03840730678480914
1445154747816812551,positive,0.7214917790228398
1445154752728293385,negative,0.001741061238937428
1445154759439265796,positive,0.9230625476593993
1445154760399675398,neutral,0.4906955160700186
1445154761163120643,negative,5.406858665900572e-05
1445154767148396549,neutral,0.4345728806901198
1445154767345434631,negative,0.24946723063983287
1445154772810665986,negative,0.05875243820011002
1445154772827398145,negative,2.4909159650175546e-07
1445154776124100612,positive,0.940698494131315
1445154779962003459,negative,0.12925461248401676
1445154780330876931,negative,0.2637546737347769
1445154781455020032,negative,0.2637546737347769
1445154781807456263,negative,0.02878978713722352
1445154781841002505,neutral,0.4373255837432663
1445154783120306181,negative,9.044305524776738e-07
1445154785825525761,negative,0.1908942153374937
1445154788489011202,negative,0.012180410113871045
1445154790124703745,negative,0.03547593001835683
1445154790422482957,negative,0.0005112871013978922
1445154794025402373,positive,0.9230625476593993
1445154794478391298,negative,0.05875243820011002
1445154795472424960,negative,0.012180410113871045
1445154796537729025,negative,0.2637546737347769
1445154801168363526,negative,0.30468958915460226
1445154805769515011,positive,0.97466492380549
1445154805970870276,positive,0.9230625476593993
1445154807065583621,negative,0.0522282026163673
1445154807115878408,negative,1.5551087342829455e-11
1445154812543344645,negative,0.21104837079882433
1445154812606091264,negative,0.03840730678480914
1445154813445033986,negative,0.11511596006644809
1445154818843201543,negative,0.23972773971202263
1445154819757330440,negative,4.667710266197382e-06
1445154820395085826,negative,0.23475993127835598
1445154820457914374,negative,0.04739844979273408
1445154821619716099,negative,0.18979138737719795
1445154823654019077,negative,0.003483504813707403
1445154825000439809,negative,0.0003377983859015287
1445154826392903683,negative,0.0027083596463812636
1445154830243205121,neutral,0.39990369721810826
1445154833481224196,negative,0.08549467353960954
1445154837205864452,negative,8.427098438360625e-05
1445154841626648582,negative,0.30468958915460226
1445154844130648082,negative,0.015228989488924236
1445154847045607428,negative,0.25421374189615226
1445154848274624515,negative,0.25421374189615226
1445154848870223874,positive,0.9402546013105136
1445154851369979915,negative,0.04166147792479393
1445154861444698123,negative,0.30468958915460226
1445154864930213895,neutral,0.4906955160700186
1445154865190219780,negative,8.427098438360625e-05
1445154872932896769,negative,0.0434116446296727
1445154887990398981,negative,2.1073365712790694e-07
1445154889957527552,neutral,0.4906955160700186
1445154891777851395,negative,0.07854354605092159
1445154893552103425,negative,0.25421374189615226
1445154893673766914,negative,0.0011935099706692012
1445154898509766660,negative,0.0522282026163673
1445154899705188353,negative,0.0006311565682313098
1445154903190609923,negative,0.03900214260984111
1445154906181148677,negative,0.005558034724870704
1445154907569340421,negative,0.0006311565682313098
1445154907800150020,negative,0.007301236811699223
1445154913265258501,negative,0.008016609076026004
1445154914100039686,negative,0.011245589703865582
1445154914397790209,negative,0.11511596006644809
1445154915651919876,negative,0.03900214260984111
1445154921519648774,negative,0.06354138583465772
1445154929593749511,negative,0.0007331839528122115
1445154934530486275,negative,0.009043256319841503
1445154935054688256,negative,6.096620501252482e-09
1445154940805132288,negative,0.04613826305566939
1445154941572718592,negative,0.26136986074393675
1445154943212589059,negative,0.01558129958750541
1445154944991088640,negative,0.10421983485388958
1445154945188220931,negative,0.012920709511172876
1445154952188514305,negative,0.016872392992518734
1445154952574341120,positive,0.9402546013105136
1445154955913043968,negative,0.012180410113871045
1445154958505095175,negative,0.0002449363070056917
1445154963353743361,negative,0.0018829710444004705
1445154966289649664,negative,0.11511596006644809
1445154971062833156,negative,0.11511596006644809
1445154982097981449,negative,0.21104837079882433
1445154987038937089,negative,0.02679775655786921
1445154995964235776,negative,0.03897475007784582
1445154998845902848,negative,0.012180410113871045
1445154999143747586,negative,9.592754639270624e-05
1445155001006018565,negative,0.23475993127835598
1445155001853255682,negative,0.008048792016525674
1445155005552529411,negative,2.4252729815974114e-08
1445155005594472452,negative,0.20635038736695718
1445155006592737280,negative,5.424335566561814e-07
1445155009134534660,positive,0.940698494131315
1445155011147669520,positive,0.9402546013105136
1445155011709788160,negative,0.11511596006644809
1445155012800180224,negative,0.05684047292077727
1445155015174336513,negative,0.11891570662548676
1445155019347607556,positive,0.8618100850275675
1445155020874342400,negative,0.25421374189615226
1445155032282718216,negative,0.023212461817641382
1445155035239915527,negative,0.13341406001625764
1445155039333519364,negative,0.0014993863841201755
1445155040520507400,negative,0.012180410113871045
1445155040549736448,negative,0.2637546737347769
1445155040822444038,negative,0.07895060943527675
1445155042596687875,negative,0.05875243820011002
1445155043842433025,negative,0.01905094258218232
1445155044760997890,negative,0.0011995763500971238
1445155045595508739,negative,0.0004676879132346398
1445155045666967557,negative,0.11511596006644809
1445155048112148489,neutral,0.42790495220407937
1445155051572445184,negative,0.00023222730777830084
1445155052029632513,negative,0.0522282026163673
1445155061617811457,negative,0.010829597194580943
1445155070564356102,negative,0.011022085813081147
1445155073298948102,positive,0.9958923210053647
1445155084061614088,negative,1.5806217663985097e-05
1445155091129016329,negative,0.020933549653609437
1445155091196043265,negative,0.0016292316914256761
1445155093121277954,negative,0.009727759427619954
1445155094102691842,negative,0.02679775655786921
1445155097806352386,negative,0.0004854354785481621
1445155100150861837,negative,0.0016248555054850517
1445155103242129408,negative,0.11511596006644809
1445155128957407233,negative,0.027614865683316277
1445155131918635008,negative,0.23543805406803078
1445155133772517378,negative,0.011525578736338502
1445155135857086466,negative,7.290460694316227e-05
1445155137866043395,negative,0.11511596006644809
1445155142605606918,negative,0.019053467401770375
1445155144929263619,negative,0.010829597194580943
1445155146787401734,negative,4.0107514710334947e-07
1445155150969118720,positive,0.6963095561557765
1445155152231546886,negative,0.002674210196205358
1445155164113932291,negative,6.003895466043465e-05
1445155164315439111,negative,8.427098438360625e-05
1445155164676136963,negative,0.06578333652938091
1445156815600332800,negative,1.2295540767784728e-05
1445156817168912384,positive,0.9402546013105136
1445156818313830405,positive,0.9402546013105136
1445156821816299523,negative,2.154352204638465e-07
1445156824374824960,negative,0.001223805177119859
1445156827797377024,negative,0.15170812450308052
1445156832507465733,negative,0.006150533584531352
1445156836467003396,positive,0.9230625476593993
1445156837360377859,negative,0.30468958915460226
1445156838094348291,negative,0.0011294104424575168
1445156839289655297,negative,0.07054393607349001
1445156839751131136,negative,0.07576984160486175
1445156840078204930,positive,0.9617547009004452
1445156842137702406,neutral,0.506274297862661
1445156844188614661,negative,3.685790514448289e-05
1445156845501489156,negative,0.06677340686068649
1445156847682523142,negative,0.019053467401770375
1445156847783235584,negative,0.003455751045874969
1445156854611521536,negative,0.01311896362136344
1445156855785926665,negative,0.0190411825591145
1445156857656619010,negative,0.03840730678480914
1445156863197204483,negative,3.394422127436847e-06
1445156865185353735,negative,0.0009810099916142004
1445156868721102850,negative,0.0029253837235921685
1445156871715934211,negative,0.2952805719994075
1445156872256835591,negative,0.14030156336591404
1445156879756365824,positive,0.97466492380549
1445156880158965761,negative,0.25721856492606804
1445156884441407493,negative,0.00024872517363144694
1445156886521815040,negative,0.08756371729800691
1445156891567575048,negative,0.10421983485388958
1445156892523778059,negative,0.012180410113871045
1445156893643747331,neutral,0.5289793475461911
1445156895170367488,negative,0.1732650277446817
1445156898307596289,positive,0.8202064966430423
1445156900992126986,neutral,0.5351431781875318
1445156902015586307,negative,0.06179926396099351
1445156902866989061,negative,0.08756371729800691
1445156905652047873,negative,0.1732650277446817
1445156910110593032,negative,5.810924313214317e-07
1445156914208428035,negative,0.1732650277446817
1445156914342551552,negative,3.394422127436847e-06
1445156915537870859,negative,0.062122850682515864
1445156916393615366,negative,8.368836599234209e-07
1445156917123420160,negative,0.0003014206919476363
1445156924572459011,negative,0.1263308451787766
1445156931308507140,negative,0.04787283381931083
1445156933472866308,negative,0.1732650277446817
1445156933690814464,negative,0.08502578921923143
1445156936396288004,neutral,0.4053639020002753
1445156937172234243,negative,7.383457472201682e-05
1445156940082987016,negative,0.06179926396099351
1445156940942872582,negative,6.140881827038249e-06
1445156943702679557,negative,9.784341066059117e-08
1445156946181599233,negative,0.30468958915460226
1445156954637312000,negative,0.05615624012335392
1445156962077978633,negative,0.18678101240405065
1445156962782547976,negative,0.1853347632261177
1445156963281784841,positive,0.9230625476593993
1445156965269872641,negative,0.07341821630883098
1445156967480180739,negative,0.0034400606803509136
1445156973775839238,positive,0.7775009983651894
1445156976325955595,negative,0.21382585739114998
1445156983330459648,negative,0.034873516168141515
1445156983900971009,negative,0.18678101240405065
1445156990590803971,negative,0.019053467401770375
1445156993824661504,negative,2.829171194340266e-06
1445156993942147073,negative,0.2883918989445311
1445156995921743874,negative,0.09827137706096464
1445156996953563137,neutral,0.47047774029768513
1445157000627822597,negative,1.1495575567951844e-05
1445157001646989315,negative,0.012164711491206194
1445157004234924035,negative,0.06179926396099351
1445157006956974084,positive,0.7643359228487856
1445157008211054592,negative,8.756498749250942e-06
1445157010907992069,negative,2.1073365712790694e-07
1445157011558182914,negative,0.0034400606803509136
1445157011595857925,negative,0.11188807805304331
1445157011918778368,negative,3.505901664439065e-05
1445157011931422725,negative,0.0008266612831305017
1445157012418048000,negative,9.592754639270624e-05
1445157013206540290,negative,0.008898312453234369
1445157017497309187,negative,0.0022537434113748386
1445157019183370242,negative,9.592754639270624e-05
1445157021901336583,negative,0.003765080249069517
1445157024434696197,negative,0.1695740778528429
1445157026070474759,negative,9.592754639270624e-05
1445157026473119744,negative,0.023999860896002208
1445157031753752579,negative,0.044774802621474756
1445157039299338245,neutral,0.5001470900669206
1445157041094418435,negative,0.000546053354500472
1445157043766243335,negative,0.14778917865041769
1445157044420497417,negative,0.000195471264150763
1445157050770771973,negative,0.020933549653609437
1445157055451512836,negative,0.02185693178431701
1445157055552049155,negative,5.669874812190972e-05
1445157066688053248,negative,0.003889204847940001
1445157078482489353,negative,0.07895060943527675
1445157083461169160,negative,0.06125874769440883
1445157095159042050,neutral,0.47455118263525786
1445157095536533506,negative,0.02077359095993823
1445157099844120579,negative,0.009447686479174041
1445157102553608194,negative,0.30468958915460226
1445157109809786880,neutral,0.36735591573300125
1445157114486394886,negative,0.09930358009356852
1445157114721210369,negative,8.427098438360625e-05
1445157115975413762,neutral,0.38795327752679365
1445157119230156811,negative,0.03982012979408541
1445157127945953282,neutral,0.35603152762514023
1445157131238494220,neutral,0.5808607987772776
1445157133226500097,negative,0.019053467401770375
1445157134652555272,negative,9.592754639270624e-05
1445157135671779331,negative,0.12338716780766511
1445157138960166912,negative,0.05659323381110288
1445157140331642883,negative,0.003483504813707403
1445157145645813761,negative,6.701096593708452e-06
1445157146623102981,negative,2.912819858856774e-11
1445157151903784963,negative,0.25421374189615226
1445157154487427073,negative,0.0004639316859339191
1445157155439628291,negative,5.159283643221399e-06
1445157155481559041,neutral,0.3859669186281309
1445157157041852420,negative,0.010829597194580943
1445157158480404481,negative,0.16502172877431542
1445157159327633413,negative,1.1602861085005322e-06
1445157160669880326,negative,0.30304894188961184
1445157162188214275,negative,0.0025196627747632273
1445157165459779584,negative,0.266848898934715
1445157166143479815,negative,0.07364793486111516
1445157166999080968,negative,0.0004580414299910409
1445157168068636672,negative,0.16442914158026495
1445157169217875969,negative,0.0023607133820730685
1445157171046592516,negative,1.4974055880040644e-05
1445157172493668356,negative,1.508245291448605e-07
1445157177879105540,negative,0.07854354605092159
1445157180106280968,negative,6.140881827038249e-06
1445157181066825728,negative,1.894093905095584e-05
1445157183491092481,negative,0.01929242430133359
1445157187848974343,negative,0.00046965211106317725
1445157190076145670,negative,8.324289130670554e-07
1445157190973726724,negative,0.010829597194580943
1445157193477758983,negative,0.04870558696213511
1445157198364020738,negative,1.1780988401702431e-14
1445157198720548865,negative,0.06459092357361997
1445157204680716291,negative,0.06581252637088746
1445157210468851712,negative,0.023990190670014875
1445157220753289218,negative,0.04477871466874606
1445157225803259904,negative,0.00028285773470567956
1445157229452275721,negative,0.1564008522487526
1445157230303666176,negative,0.09971971040014418
1445157234082779137,negative,0.0847092383951295
1445157234414075907,negative,0.31251327812974533
1445157235290742785,negative,0.0011011428585673039
1445157235500503048,negative,0.0032878929728289152
1445157239552098309,negative,0.03840730678480914
1445157241263374340,negative,0.00418657949658623
1445157246783172613,negative,0.020933549653609437
1445157248376901632,negative,6.140881827038249e-06
1445157249522012165,negative,0.0013914489639158846
1445157252902567938,negative,2.4909159650175546e-07
1445157253481439235,negative,0.11511596006644809
1445157255209488387,positive,0.9119786985396365
1445157263459721217,neutral,0.46127768308170247
1445157269386244100,negative,0.1224684986067576
1445157277170872320,negative,0.07871473160258381
1445157284456407040,negative,0.001203575633346767
1445157286582816768,negative,0.0013914489639158846
1445157288554205187,negative,0.09835987604337858
1445157290106101762,negative,0.29488863845997404
1445157293327142914,negative,0.0466303569608615
1445157302185644040,neutral,0.5311289548974326
1445157303867543553,negative,0.012164711491206194
1445157306593857542,negative,0.0030916412345476595
1445157306900094979,neutral,0.6006996508586913
1445157308795863040,neutral,0.38003012110378026
1445157312696668163,negative,2.2089182242682098e-05
1445157312784699400,negative,0.001223805177119859
1445157317159366660,negative,0.24248273432513084
1445157321626292228,neutral,0.6306582019753111
1445157329045950468,negative,0.002371747725083839
1445157330438533120,negative,0.1732650277446817
1445157337656868869,negative,0.21139109066500397
1445157338898485251,negative,4.108002326234075e-15
1445157341817671689,negative,0.020933549653609437
1445157347169640454,negative,3.687285020967509e-05
1445157351628189698,negative,0.0458281689244025
1445157357764366341,negative,0.002371747725083839
1445157360226299910,positive,0.9283688401571591
1445157363380596749,negative,0.02567565297271862
1445157363871363073,negative,0.016872392992518734
1445157364542410754,negative,0.03689772245539639
1445157365075136522,negative,0.00046965211106317725
1445157367784554497,negative,0.005366757946310764
1445157371236556804,negative,0.00010556468625335253
1445157373614731264,negative,0.016087367222488345
1445157374650687489,negative,0.030476560369479176
1445157376794021891,negative,0.07871473160258381
1445157382334685191,negative,9.784341066059117e-08
1445157387095130113,neutral,0.47697210391394973
1445157387812343813,negative,3.394422127436847e-06
1445157390094057481,negative,0.006118753125605977
1445157390295474181,negative,0.020933549653609437
1445157398256177160,positive,0.9119786985396365
1445157401104166918,negative,3.5549711402582317e-10
1445157402664374277,negative,0.020933549653609437
1445157416769921024,negative,0.06179926396099351
1445157420741840906,negative,0.00024138044778533393
1445157420850946053,negative,0.011443114680706006
1445157424915271688,negative,7.181615912482213e-05
1445157429390491648,positive,0.979749413501861
1445157443294482457,negative,0.0013688487992920392
1445157443416252416,neutral,0.6418589947358458
1445157463515439104,negative,0.010829597194580943
1445157471077556227,negative,0.08539169906826481
1445157473095200770,negative,0.21378032236744657
1445157475515260928,negative,0.005594856340191108
1445157476782034948,negative,0.09695321540311104
1445157478157672450,neutral,0.39789829223647905
1445157478400995332,negative,0.013141230020178685
1445157483476135937,negative,4.906673974292319e-06
1445157487938838532,positive,0.7874473232565276
1445157490765836291,negative,1.1532523268719391e-09
1445157490770026501,neutral,0.4298219581666581
1445157491176837122,negative,0.04613826305566939
1445157504749613059,negative,0.006597520117435191
1445157505164660747,negative,0.24416891401503496
1445157505659809793,negative,0.0018903307666918651
1445157506989297674,negative,0.013222541433959146
1445157507702431755,negative,0.00010556468625335253
1445157515885428739,negative,0.008898312453234369
1445157515944157188,negative,0.008048792016525674
1445157518305529858,negative,0.03840730678480914
1445157518586662914,negative,0.0001756070098641661
1445157520834768898,negative,8.427098438360625e-05
1445157521610706945,negative,0.03205899624988045
1445157523414192129,negative,0.0021785098901973615
1445157523774902280,negative,0.026977988671568434
1445157525532278784,negative,0.17711238141317065
1445157528652951554,negative,0.001227674066150485
1445157530783649798,negative,0.001060374669248092
1445157532297744385,negative,0.001192200567530124
1445157532822036484,negative,0.0027564231881235008
1445157533820375041,negative,8.427098438360625e-05
1445157534445326337,negative,0.0001756070098641661
1445157534524915712,negative,0.24669697103979493
1445157536026480644,negative,0.11776155414255213
1445157540388552707,negative,0.008307708105017153
1445157542129197058,negative,2.306387530126603e-07
1445157545119821826,negative,0.00807320710540808
1445157546050924547,neutral,0.3373876872887905
1445157547455942657,negative,0.002371747725083839
1445157547992829952,negative,0.001060374669248092
1445157557325205505,neutral,0.4980420870228792
1445157559204257801,negative,0.000546053354500472
1445157560030572544,negative,6.801147938323166e-05
1445157561498546178,neutral,0.4113181108068235
1445157563725668356,negative,0.0010719004952651934
1445157583078187015,negative,0.005347950048873064
1445157585422897160,negative,1.5932504738583136e-05
1445157589268975621,neutral,0.5047448832958958
1445157593249460224,negative,0.006422635022413741
1445157593740189699,negative,0.00020581835564992127
1445157598874030089,negative,0.0030916412345476595
1445157599821828105,negative,1.4439829358308848e-05
1445157605333209092,negative,0.011426147637859194
1445157610370523153,neutral,0.4045578273885745
1445157612551540736,negative,0.06179926396099351
1445157618323005440,negative,0.0030916412345476595
1445157618520055810,negative,0.07895060943527675
1445157622689189891,negative,0.012164711491206194
1445157624635396099,negative,0.06179926396099351
1445157627969822723,negative,0.0030916412345476595
1445157630771703808,negative,0.1697444349234276
1445157635427377153,negative,1.931147509029139e-08
1445157642511527936,negative,0.0005080009126854583
1445157643585261576,negative,0.001787814910470977
1445157643639787525,negative,0.00012124068232975746
1445157645514596356,negative,0.0032878929728289152
1445157647985127424,negative,0.00024138044778533393
1445157648731721729,negative,7.65581527967155e-05
1445157654385541129,negative,0.011022085813081147
1445157655979364365,negative,0.0005011370650854799
1445157660052045834,negative,0.06179926396099351
1445157663432744963,negative,0.09827137706096464
1445157666108608512,negative,0.0016721948523650604
1445157671863267331,negative,0.13003502655726007
1445157673150914564,negative,0.006597520117435191
1445157674237276164,negative,0.08757582339757378
1445157675344355337,negative,0.24091611088701304
1445157679744356352,negative,4.033227996299788e-05
1445157679979245569,negative,0.00014616689114074316
1445157681115930630,negative,0.003483504813707403
1445157683234021382,negative,0.0030916412345476595
1445157683804483587,negative,0.06179926396099351
1445157686425931780,negative,0.020914141199990726
1445157686736080898,negative,0.00358989353270335
1445157687336001538,negative,0.04739844979273408
1445157689118572546,neutral,0.5656164403485135
1445157691853258760,negative,1.3833143524918556e-05
1445157692734062598,negative,0.020933549653609437
1445157695007428614,negative,0.0030916412345476595
1445157696022499336,negative,0.10519942712104578
1445157698815811585,negative,0.06179926396099351
1445157698970873861,positive,0.979749413501861
1445157699289767939,negative,0.007301236811699223
1445157700111847431,negative,3.1979040397505927e-09
1445157712904347648,negative,0.19773357032043823
1445157714238353408,negative,4.059128953058921e-10
1445157718612918275,negative,0.000546053354500472
1445157722048057344,positive,0.97466492380549
1445157724161916938,negative,0.0327400506122584
1445157725969715205,negative,0.011022085813081147
1445157730407358466,negative,0.0063612921246618374
1445157736849813508,negative,0.00406491497470753
1445157737638342661,negative,0.1563448599274859
1445157744013623298,positive,0.9402546013105136
1445157745301262340,neutral,0.40336110786592044
1445157746937057287,negative,9.592754639270624e-05
1445157746937143296,positive,0.7874473232565276
1445157747608195075,negative,9.784341066059117e-08
1445157755564838914,positive,0.9119786985396365
1445157755799625731,negative,0.03840730678480914
1445157756051329031,negative,0.0602341263111389
1445157760803368960,negative,0.04520824685954928
1445157762187546634,negative,0.023212461817641382
1445157765291421703,negative,2.6922504464007928e-06
1445157766650376195,negative,0.10074658283129374
1445157768047079431,negative,0.12007577440879492
1445157769569517574,negative,0.0014929943936966101
1445157781263192064,negative,0.0014752216042607474
1445157785969336323,negative,8.478464466541286e-11
1445157790822146056,neutral,0.47455118263525786
1445157795460960260,negative,0.13852010972862822
1445157799931965450,negative,0.26857988490724055
1445157807708381188,negative,1.088773500387407e-05
1445157813349650433,positive,0.979749413501861
1445157816742916099,negative,0.06179926396099351
1445157817770516490,negative,0.019053467401770375
1445157820375212034,negative,0.0009810099916142004
1445157823457939456,negative,0.0021342463255183608
1445157824326156291,negative,0.10074658283129374
1445157825479680000,neutral,0.36735591573300125
1445157828788776965,negative,0.004408102380613307
1445157833905999873,negative,0.001787814910470977
1445157835848011781,negative,0.0006127837302804411
1445157836389076992,negative,0.001787814910470977
1445157837827608578,negative,1.4042532988318502e-09
1445157838385471493,negative,0.12007577440879492
1445157858685898754,negative,0.04365153443720009
1445157862322458636,negative,1.1728048477714492e-06
1445157874657865733,negative,0.0006311565682313098
1445157876620840962,negative,0.18678101240405065
1445157876658442242,neutral,0.36735591573300125
1445157890071965697,negative,0.023212461817641382
1445157895071571974,negative,0.002371747725083839
1445157901367226372,negative,0.010829597194580943
1445157902616907785,negative,0.0030916412345476595
1445157909537738752,negative,0.18251681606843115
1445157915518722048,negative,0.019053467401770375
1445157917699846146,negative,0.002819211414046361
1445157917913714694,negative,7.911161888808737e-05
1445157918542901248,negative,0.21104837079882433
1445157921420099586,neutral,0.3373876872887905
1445157928663670787,negative,3.394422127436847e-06
1445157931003965440,negative,0.02461041939214916
1445157931452932096,negative,2.0482614969449495e-08
1445157931893334024,negative,0.0025055191298327677
1445157935324278786,negative,0.0007283779642585745
1445157936464945152,negative,0.038788738289017646
1445157937970913285,negative,0.03840730678480914
1445157950197219334,negative,0.007453161802587619
1445157950314713094,negative,0.10074658283129374
1445157952365735941,positive,0.9506078408178601
1445157952671911940,negative,7.251360333448496e-08
1445157954576166920,negative,0.00028285773470567956
1445157957042311173,negative,0.006458022009974705
1445157957105238021,negative,0.26894455168240367
1445157965871321088,negative,0.2438511410643266
1445157973874167811,negative,0.09015497836885748
1445157989611188225,negative,0.04579018527291525
1445157992870068228,negative,0.0012177809656421254
1445157993444696067,negative,0.011443114680706006
1445158001963380739,negative,0.0006914026876403607
1445158002609332226,negative,2.4909159650175546e-07
1445158006350618624,negative,0.10074658283129374
1445158006631636994,negative,0.0005289800913600664
1445158008753991681,negative,0.0030916412345476595
1445158012105207810,negative,5.222784328401645e-08
1445158014865002504,negative,0.0001756070098641661
1445158026068041731,negative,5.312981023089693e-07
1445158028442062857,negative,0.003455751045874969
1445158036184571906,negative,0.06224437940888343
1445158036218257408,negative,0.06224437940888343
1445158036272783362,negative,0.0001909720398139389
1445158036306231309,negative,1.3999913872599361e-05
1445158036528672768,negative,0.031484976715819235
1445158036562083845,negative,1.040993037012537e-07
1445158040748101645,negative,1.297255498374908e-11
1445158043612848134,negative,0.0008178003764973232
1445158045126905859,negative,0.017741451597827546
1445158057239928833,neutral,0.33113200015936756
1445158057743470592,negative,0.0046242768471518965
1445158061190959109,negative,0.1579536482334785
1445158064110329857,neutral,0.49789225920557484
1445158080321359877,neutral,0.46619307190305626
1445158082233835530,negative,6.587557330710254e-08
1445158083420905472,negative,4.243401696565238e-10
1445158086545756165,negative,0.0025055191298327677
1445158094053552137,neutral,0.36878522912133344
1445158100714102784,neutral,0.4598650020881221
1445158105218756611,negative,0.020933549653609437
1445158108326764545,negative,2.989341127641399e-05
1445158109484306434,negative,2.6255091398757305e-05
1445158114479775748,negative,0.0025055191298327677
1445158114957926400,negative,9.784341066059117e-08
1445158115184365572,negative,0.0032682803419672364
1445158122994257922,negative,1.8543342325112022e-05
1445158123275124746,negative,0.0005588184118173334
1445158134088093696,neutral,0.36735591573300125
1445158135111446529,positive,0.6630864075347349
1445158137514844172,negative,0.0038818824145699926
1445158139926654983,negative,0.00959353543409964
1445158140526350345,negative,0.0025055191298327677
1445158140622823424,negative,0.1865474827609922
1445158150039089152,negative,0.03915924426798572
1445158151049854976,negative,1.6364953582388912e-05
1445158154187198465,negative,0.05875243820011002
1445158155453968391,negative,3.497460727798151e-05
1445158157853003778,positive,0.9972149859056207
1445158167697104896,positive,0.9852659424869689
1445158170322690048,negative,0.2791421131103481
1445158186168750082,negative,0.0025055191298327677
1445158188655906825,neutral,0.33113200015936756
1445158199770984451,negative,0.0018903307666918651
1445158201565999105,negative,7.85356648069599e-06
1445158203998806021,negative,0.012180410113871045
1445158205600845824,neutral,0.4053639020002753
1445158206972612612,negative,6.587557330710254e-08
1445158209254215681,neutral,0.42287946105306334
1445158209447251969,negative,0.0522282026163673
1445158209816301568,positive,0.9402546013105136
1445158221795180554,negative,6.587557330710254e-08
1445158227075817478,negative,1.6943195146716167e-11
1445158229575622656,negative,0.014508138005008362
1445158235120488460,negative,0.05470356307280094
1445158235271569409,negative,2.4909159650175546e-07
1445158239230959620,negative,0.03086667098997213
1445158246721916932,negative,0.013222541433959146
1445158252619177985,negative,0.1197300257921101
1445158258822553605,negative,0.016872392992518734
1445158263323078663,negative,0.04739844979273408
1445158265499828229,negative,0.0001756070098641661
1445158265705443333,negative,0.0028001899203022184
1445158270994427912,negative,0.0001252021284302565
1445158272521187337,negative,0.0004928539480621307
1445158281249427456,negative,0.28035291868742046
1445158284533637129,negative,0.026977988671568434
1445158287238905856,negative,0.0018829710444004705
1445158291726815234,neutral,0.4836615648449466
1445158291831726080,negative,6.262030920516342e-06
1445158293698195456,negative,0.0016248555054850517
1445158294591475714,negative,0.0018903307666918651
1445158296957095939,negative,0.09579228410819751
1445158297246576646,negative,0.007344517706127897
1445158306356416517,negative,0.00018543291531310832
1445158314246037508,negative,0.00018654946752785738
1445158325054750721,negative,0.1626514581559505
1445158332013101065,negative,0.007624652804557468
1445158336614313986,negative,0.11511596006644809
1445158338853998592,negative,0.0001646532665387543
1445158342394105858,negative,0.00013008053153918365
1445158342700290052,negative,0.012180410113871045
1445158348907745285,negative,0.005906815783741453
1445158352414199809,negative,0.0012938642809783205
1445158353110331401,negative,1.358480157807351e-05
1445158353328611341,negative,3.5766631643918216e-05
1445158353756360708,negative,0.11685527853351693
1445158360337223683,negative,4.62994046556982e-05
1445158370269335557,positive,0.9230625476593993
1445158371359875073,negative,0.0007573580988309413
1445158379404632065,negative,0.07854354605092159
1445158379450781701,negative,0.07854354605092159
1445158381396840453,negative,0.1290306776845585
1445158381594058757,negative,6.587557330710254e-08
1445158383917703168,negative,3.087043622906444e-05
1445158388480897034,negative,5.5194222223066534e-06
1445158393942102017,negative,0.02390468610377698
1445158394051059715,negative,0.0993801989577623
1445158398941597696,positive,0.7048519517504693
1445158400963354630,neutral,0.46127768308170247
1445158403475755008,negative,0.001060374669248092
1445158419229519879,negative,0.24858656580449917
1445158420663967748,negative,1.704602409658563e-09
1445158424581378050,negative,6.587557330710254e-08
1445158427060314113,negative,0.0018829710444004705
1445158489517592582,negative,8.649495450936191e-06
1445158492327661577,negative,0.026977988671568434
1445158492743012355,negative,0.050053203503072304
1445158493997174791,negative,7.787907347541437e-05
1445158494009708553,negative,0.010829597194580943
1445158494567600129,negative,0.021818193680916757
1445158494576029700,negative,7.673217164378532e-06
1445158496383684611,negative,0.12094097642179027
1445158496480243717,negative,0.021818193680916757
1445158497126166534,negative,0.1446041164482266
1445158497205825537,neutral,0.46127768308170247
1445158497725865984,negative,0.021818193680916757
1445158497780473861,negative,0.00021615268575692501
1445158498745131012,negative,0.021818193680916757
1445158500292825088,neutral,0.3859669186281309
1445158503123984390,negative,6.587557330710254e-08
1445158505820954631,negative,0.027801987997507997
1445158508077453314,negative,0.07576984160486175
1445158512271806464,negative,0.050053203503072304
1445158512481423365,negative,0.0032878929728289152
1445158515111305219,negative,0.023212461817641382
1445158519641157634,negative,0.0006311565682313098
1445158522476433418,negative,8.826771390568837e-06
1445158524351225869,neutral,0.4382749293581709
1445158526490447875,negative,0.11206618695282512
1445158527262146575,negative,0.0522282026163673
1445158529170558978,negative,1.058152926893146e-05
1445158530823213061,negative,6.859458619991726e-05
1445158531997577220,negative,0.23475993127835598
1445158532047835138,neutral,0.5297272990862943
1445158539941588997,negative,0.07987773088076684
1445158542785318912,negative,0.002371747725083839
1445158543565406209,neutral,0.5656164403485135
1445158546752950289,negative,3.696812370183099e-08
1445158548091150339,negative,4.059128953058921e-10
1445158551706537987,negative,0.03706044992072328
1445158553199710211,negative,0.03839011523888091
1445158561319985157,negative,3.903465659212313e-07
1445158570471927810,negative,0.022016590923087845
1445158574385029125,negative,0.00026311261920631244
1445158576331309061,neutral,0.4560644611670807
1445158584854192132,negative,0.14778917865041769
1445158587332972547,negative,0.01575302840272897
1445158588335497217,negative,0.0689648838847383
1445158590159990788,negative,3.497460727798151e-05
1445158594643693569,positive,0.97466492380549
1445158604357656582,neutral,0.49789225920557484
1445158605783584770,negative,6.587557330710254e-08
1445158605926318082,positive,0.9506078408178601
1445158613564149764,negative,6.587557330710254e-08
1445158615116025860,negative,0.003455751045874969
1445158619838812160,negative,0.3275128813242085
1445158624213471236,negative,7.788093627167277e-07
1445158625169784838,negative,0.13003502655726007
1445158626767802370,negative,0.0005194552915597056
1445158628093202442,negative,0.0003123316028252144
1445158629447962626,negative,0.06179926396099351
1445158630639259649,negative,6.688998525214218e-06
1445158632530882561,negative,0.23475993127835598
1445158638734266380,negative,9.298632886278266e-08
1445158643343761410,negative,0.30468958915460226
1445158645159841795,negative,0.1732650277446817
1445158649907892224,negative,0.00013608055928695387
1445158650440527874,negative,7.80863674285578e-08
1445158655733735425,negative,0.01297501544957645
1445158656153169921,negative,0.00275480165884255
1445158656832585734,neutral,0.39789829223647905
1445158657101078545,negative,0.15060773730821392
1445158660271915011,negative,0.30468958915460226
1445158660750069761,negative,0.07576984160486175
1445158662725677059,negative,0.08539169906826481
1445158664428560384,negative,0.0006914026876403607
1445158666827612163,negative,0.06354138583465772
1445158666890620941,neutral,0.6055394369062714
1445158668106977281,negative,0.17721110966285158
1445158670162173959,negative,0.14056590422050447
1445158674733883406,negative,0.001060374669248092
1445158680438128645,negative,0.32641164380484766
1445158680949891074,negative,0.00010535844408418441
1445158680958283778,neutral,0.41255256115543976
1445158681490886664,negative,0.21650284755780727
1445158688344313858,negative,0.00010535844408418441
1445158694862393348,negative,0.014085198210186793
1445158695076343809,negative,0.00020581835564992127
1445158696066109440,negative,2.7470324822596577e-09
1445158697639030786,negative,0.0010485853710452881
1445158703594975235,negative,0.0005011370650854799
1445158710230274048,negative,0.30468958915460226
1445158711564066820,negative,0.03967047376927678
1445158735605911558,negative,0.1732650277446817
1445158739842060292,negative,4.4012635594363536e-05
1445158745256996866,negative,0.3275945097328971
1445158758607376388,negative,0.026977988671568434
1445158762814263297,negative,3.505901664439065e-05
1445158765095948288,negative,0.002371747725083839
1445158766639452167,negative,0.0015121627167733055
1445158766832406531,negative,0.06354138583465772
1445158767985836038,negative,0.3281724257621919
1445158775334264835,negative,0.011022085813081147
1445158781654953990,negative,0.0008178003764973232
1445158784830218240,negative,0.003045472488188991
1445158789947273219,negative,0.026977988671568434
1445158792648445955,negative,0.13003502655726007
1445158794581925888,negative,0.1732650277446817
1445158797622669317,negative,2.593088371698353e-05
1445158802731458560,negative,0.14897531762121988
1445158804635754497,neutral,0.4478889398505506
1445158805872988162,negative,1.5259970506394934e-08
1445158808104456192,negative,2.8825389166295925e-06
1445158810054692868,negative,0.050053203503072304
1445158812470685699,negative,5.5401055144554464e-05
1445158816551776259,negative,0.014110597837868093
1445158816983789573,positive,0.9230625476593993
1445158823191355393,neutral,0.3859669186281309
1445158826832023558,negative,9.950546899868344e-08
1445158835614896132,negative,0.05199424888868177
1445158842019483653,negative,0.20958030030791502
1445158845781839872,neutral,0.47455118263525786
1445158850471022594,negative,0.06354138583465772
1445158851611869190,negative,0.010829597194580943
1445158856313688065,negative,0.1414490044638304
1445158856829644805,negative,6.140881827038249e-06
1445158859937570818,negative,6.62131459498819e-05
1445158862173114371,negative,0.019053467401770375
1445158863523794950,positive,0.9506078408178601
1445158864517742596,neutral,0.5311289548974326
1445158868204535818,negative,0.00024422924892718425
1445158875984957442,negative,0.008094061789825928
1445158879692791815,negative,0.2952805719994075
1445158885556359172,negative,0.003045472488188991
1445158889100652546,negative,0.015253278890216326
1445158890077839364,neutral,0.3859669186281309
1445158890761564163,negative,0.29352040033368737
1445158899338907652,negative,0.0002452423736617065
1445158901045944323,negative,0.0005815277166174394
1445158901989707779,negative,4.86472810140299e-09
1445158902681817089,negative,0.02497786307835636
1445158903587692550,negative,0.007301236811699223
1445158903906504707,negative,0.05468002366676735
1445158910332227585,negative,7.55621162559659e-05
1445158911552667651,negative,0.012847052967053997
1445158913914150915,negative,0.10074658283129374
1445158915117883406,negative,0.002371747725083839
1445158915809976324,negative,0.007624652804557468
1445158917093343246,negative,0.11859520424321282
1445158919085641730,negative,0.20235095409321263
1445158919274471428,negative,3.4408704923721995e-06
1445158922223034374,neutral,0.5656164403485135
1445158926081830912,negative,0.2952805719994075
1445158940157911041,negative,0.0025196627747632273
1445158940925378563,negative,0.002689957866839629
1445158943941144578,negative,0.15107544429106456
1445158944658235394,negative,0.0032910677736717733
1445158946629619712,negative,0.008094061789825928
1445158951201427457,negative,0.03967047376927678
1445158953009168384,negative,0.01994166273833275
1445158956880572425,neutral,0.3863259417236927
1445158957367107584,neutral,0.4484341909501355
1445158960101826563,negative,0.010829597194580943
1445158962286968841,negative,0.002250811518909823
1445158964879142919,negative,6.859458619991726e-05
1445158974232354818,negative,0.25401421255941126
1445158977076174851,negative,0.03840730678480914
1445158980674805760,negative,0.0005513677969571824
1445158990107774981,negative,0.017791962969843002
1445158991039012867,negative,6.587557330710254e-08
1445158994226688011,negative,2.344027618327246e-06
1445158994507673605,negative,0.023212461817641382
1445159006075596801,negative,0.05727830388753196
1445159008382427141,negative,0.039082713812085834
1445159011406557191,negative,0.1732650277446817
1445159013381984256,negative,0.1732650277446817
1445159020432605189,negative,0.001203575633346767
1445159026703077385,negative,0.0003611051725372719
1445159028410171394,negative,0.08756371729800691
1445159028439539712,positive,0.9919492485937962
1445159030813601792,negative,0.000282747937652331
1445159037767725056,negative,0.25721856492606804
1445159041198608391,negative,0.012546933987037122
1445159046357651457,negative,0.01575302840272897
1445159047745912835,negative,0.002371747725083839
1445159048991629313,negative,0.032557791562238
1445159049683734528,negative,0.050053203503072304
1445159051017469953,negative,0.11859520424321282
1445159055220219907,negative,0.020452512377745837
1445159056231043078,negative,0.002819211414046361
1445159061159284737,neutral,0.6174934708843777
1445159063680081920,negative,4.059128953058921e-10
1445159065877991425,negative,0.15107544429106456
1445159070437101572,negative,8.427098438360625e-05
1445159072223932431,negative,0.3275945097328971
1445159074081886212,negative,0.026977988671568434
1445159075310940163,negative,0.07409123520664455
1445159078683099142,negative,0.0018533175249126025
1445159081598234625,negative,0.2420149876013017
1445159083691106305,negative,8.427098438360625e-05
1445159088296443909,neutral,0.5656164403485135
1445159091123412997,negative,0.010829597194580943
1445160619687256067,negative,0.05694114302368464
1445160625404002309,negative,0.014588959423417966
1445160633150935041,negative,0.06354138583465772
1445160639987585027,negative,0.09369415191831319
1445160646149083137,negative,0.06995570006050535
1445160647696818181,negative,9.689540215149163e-10
1445160648053334016,negative,0.16409698683993362
1445160653057150976,neutral,0.47455118263525786
1445160654013440004,negative,0.07176273536321012
1445160655032569861,negative,0.08661198989285472
1445160661009543174,negative,0.14414938035650093
1445160661525356546,negative,0.001060374669248092
1445160669737783302,negative,0.0005456205509669917
1445160672220704771,negative,0.013637497701245713
1445160675559583754,positive,0.97466492380549
1445160677241286659,positive,0.9852659424869689
1445160677723803652,negative,0.009467559899034394
1445160678344495107,negative,0.027314364662578316
1445160680496242694,negative,0.000967386723332504
1445160693355909124,negative,0.3217071519367765
1445160693729304579,negative,3.068806321253658e-07
1445160693909520389,negative,0.09971971040014418
1445160694987456512,negative,0.1844221551389556
1445160697554472970,positive,0.9852659424869689
1445160698833682438,negative,0.0007875489808895955
1445160705007624195,negative,0.0009810099916142004
1445160708317007876,negative,0.1263308451787766
1445160710145810436,negative,1.4584713577045297e-07
1445160711945170952,positive,0.9907801471116319
1445160712469426177,negative,2.825493275173666e-13
1445160718240784391,negative,0.08291163931774896
1445160722472787969,negative,0.012528370368135854
1445160724016373773,negative,0.12703271384507175
1445160725815742464,negative,0.2228055911257102
1445160725840859136,negative,0.03292024282708482
1445160727233368066,negative,0.05694114302368464
1445160730114854914,negative,0.0009810099916142004
1445160731477938176,neutral,0.3338273552919102
1445160733885534211,negative,0.30468958915460226
1445160736511115265,neutral,0.42204805230933656
1445160741221318660,negative,2.2089182242682098e-05
1445160748246839300,negative,0.11630316019335102
1445160748590813185,neutral,0.36735591573300125
1445160750461431814,negative,0.002522681256433969
1445160752306954243,negative,5.222784328401645e-08
1445160756727660547,negative,0.004760174561862367
1445160764621398018,negative,0.015094550639100994
1445160775627198464,negative,0.0011006239728087006
1445160775656615939,negative,0.09695321540311104
1445160780937170944,negative,0.03840730678480914
1445160786171662340,negative,0.02540540659825155
1445160797395689478,negative,0.07334354459446765
1445160805658411011,neutral,0.419056923693298
1445160809005400065,negative,0.04217965363913397
1445160809617833985,negative,0.011022085813081147
1445160810880376837,negative,0.10336858499776291
1445160814181240835,negative,0.019053467401770375
1445160814256742403,negative,0.000984921069732112
1445160817079554051,negative,0.23347710427530016
1445160821043220480,neutral,0.4053639020002753
1445160821873651712,negative,0.18979138737719795
1445160824125988869,negative,0.12703271384507175
1445160825606582275,negative,0.1470838136842282
1445160830811705345,negative,0.019512068393467093
1445160833902915584,neutral,0.5656164403485135
1445160834813079554,negative,5.922931182769459e-09
1445160837140844546,negative,5.269179376477586e-06
1445160841578434560,negative,0.011022085813081147
1445160843252051969,negative,0.06578333652938091
1445160849321177088,negative,0.15024945006062596
1445160851783266307,negative,5.211591668289645e-05
1445160856816336906,negative,2.1073365712790694e-07
1445160857709727746,positive,0.9690939483105677
1445160859827847170,negative,0.21409105840446113
1445160861065175044,negative,0.0004777945948456085
1445160862185033729,negative,0.11072380878384588
1445160863569256452,negative,0.2928351187105043
1445160881202008075,negative,1.5932504738583136e-05
1445160881730510853,negative,0.020914141199990726
1445160884687474688,negative,0.3275945097328971
1445160889712320514,negative,0.12207823851935316
1445160891209637896,negative,0.012180410113871045
1445160891889115144,neutral,0.3403391890910929
1445160893826977797,negative,0.0005635202388925261
1445160899522801670,negative,0.007122196631754985
1445160902202888195,negative,0.04614045180284918
1445160904639799297,negative,0.059443272361499565
1445160907223576582,negative,0.06416925106021491
1445160916488753156,negative,0.060097145993297726
1445160918032297986,negative,0.06578333652938091
1445160922809470978,negative,0.05684047292077727
1445160923887452160,positive,0.9402546013105136
1445160925074534403,negative,0.0018829710444004705
1445160929553960962,negative,0.15024945006062596
1445160930959101953,negative,0.08291163931774896
1445160935312740354,negative,0.023212461817641382
1445160944527683586,negative,0.13003502655726007
1445160945471393792,negative,0.014458248202053355
1445160945567862787,negative,0.03292024282708482
1445160949539868677,negative,0.0012443677140583113
1445160958293315585,negative,0.30468958915460226
1445160959442571268,positive,0.9009019379664884
1445160960122048519,neutral,0.42204805230933656
1445160963825618946,negative,5.211591668289645e-05
1445160963846676484,negative,0.03547593001835683
1445160966036107270,negative,2.4909159650175546e-07
1445160973032206341,negative,9.592754639270624e-05
1445160975246757892,negative,0.0038041407467673217
1445160978107219972,negative,0.2685172649687879
1445160978333716489,negative,1.3354011182552548e-07
1445160979172667400,negative,0.1361595145064093
1445160991331860482,negative,0.0028001899203022184
1445160992841818112,negative,0.023212461817641382
1445160992938287111,negative,0.14778917865041769
1445160992946720776,negative,0.00028285773470567956
1445161002509783040,negative,0.06125874769440883
1445161003893805058,negative,4.5388914631574146e-05
1445161006423023622,negative,0.2168534930979524
1445161007983341568,negative,1.423652548732877e-09
1445161011603034117,negative,0.15024945006062596
1445161014081765376,neutral,0.38019679021634445
1445161015386247173,neutral,0.3477870123467275
1445161018607476736,negative,0.010829597194580943
1445161019295232010,negative,8.772852261762085e-09
1445161020855623681,negative,0.14069071183924972
1445161026014662657,negative,0.09695321540311104
1445161026098446338,negative,0.042681023397602984
1445161028115968008,neutral,0.45038988228237464
1445161033916690432,negative,0.02803558995571772
1445161040963047424,negative,0.06578333652938091
1445161049838211073,negative,0.13852010972862822
1445161055970287617,neutral,0.36575911330233024
1445161059120128003,negative,0.023212461817641382
1445161060227600389,negative,0.06578333652938091
1445161066376441870,negative,1.3097078594071767e-06
1445161071317225480,negative,4.7769453215830645e-14
1445161072990818305,negative,0.0010594594709095535
1445161075570266113,negative,0.0010594594709095535
1445161079164702723,negative,0.019422125822515908
1445161087087874050,positive,0.9576352825641701
1445161088228724737,negative,0.001484979658104404
1445161088362983426,negative,0.0522282026163673
1445161088966971398,neutral,0.46653819753318326
1445161089264717829,negative,0.02129124451154466
1445161090028027904,negative,0.0020665966830421805
1445161096999051269,negative,9.784341066059117e-08
1445161098299285508,negative,0.026977988671568434
1445161102153633792,negative,0.007149106089596522
1445161102430638088,negative,5.211591668289645e-05
1445161105878364163,negative,0.07020748449467913
1445161106796949506,negative,1.4157360772371411e-05
1445161107572891648,negative,0.30468958915460226
1445161111440044033,negative,0.010829597194580943
1445161113440632832,negative,3.394422127436847e-06
1445161114317344768,negative,0.00016053981237836067
1445161115604983814,negative,0.06179926396099351
1445161120105443329,neutral,0.5174479880203623
1445161127650942983,negative,6.102399377104287e-10
1445161127944626187,positive,0.9576352825641701
1445161136349978630,negative,0.30468958915460226
1445161144478482435,negative,0.06354138583465772
1445161150656794628,negative,6.844225377789012e-12
1445161152460247043,negative,0.3111343947106555
1445161164703473671,negative,0.0001231670637167102
1445161166989406218,negative,0.028387754637568395
1445161168461500419,negative,0.004169702760001305
1445161175453425669,negative,0.007227610032763404
1445161176355254275,negative,0.09695321540311104
1445161178200690697,negative,0.2952805719994075
1445161180255997956,negative,0.059301926747369595
1445161180574662659,negative,0.06578333652938091
1445161186677309441,neutral,0.3373876872887905
1445161190922100738,negative,0.18089512684721112
1445161197897228295,negative,0.06578333652938091
1445161198308057096,negative,0.019422125822515908
1445161198333333508,negative,1.0482816721859792e-05
1445161201160310785,negative,0.035264757247249624
1445161202389188610,negative,0.019422125822515908
1445161202766651393,negative,0.019422125822515908
1445161203882504193,negative,0.019422125822515908
1445161205006491648,neutral,0.3373876872887905
1445161209389584385,negative,5.211591668289645e-05
1445161211339972609,negative,0.019422125822515908
1445161213218930690,positive,0.9230625476593993
1445161223188885509,positive,0.6895290181294421
1445161223549603842,negative,0.30468958915460226
1445161224627425286,negative,0.09695321540311104
1445161225353113603,negative,0.04942479062618286
1445161229148897281,negative,9.784341066059117e-08
1445161232856719363,negative,0.0005513677969571824
1445161234320478213,negative,2.1228896045444734e-11
1445161238124711938,negative,0.2680663261980153
1445161238724370433,negative,0.12703271384507175
1445161238875541510,negative,8.427098438360625e-05
1445161246005813251,neutral,0.3459097320192274
1445161250522951685,positive,0.9230625476593993
1445161252733472769,negative,0.267430080872399
1445161261604429834,negative,0.00012405941717104932
1445161263122636807,negative,0.0001667563143192747
1445161265865842695,negative,0.2952805719994075
1445161267488964609,negative,0.023212461817641382
1445161269661683722,negative,0.026977988671568434
1445161270743756802,neutral,0.47455118263525786
1445161272710860818,positive,0.9402546013105136
1445161277333155840,negative,0.004807792016635357
1445161284513812483,negative,0.0003644810694671305
1445161296442310662,negative,5.211591668289645e-05
1445161297872621570,negative,0.09692212034986687
1445161300603150342,negative,0.0434116446296727
1445161302633193478,neutral,0.535073343149872
1445161303413305347,neutral,0.5303683034082641
1445161307670396930,negative,2.3296562668288717e-05
1445161310908452869,negative,0.06550025097875126
1445161314557603841,positive,0.7384789426895162
1445161316038098944,negative,0.026977988671568434
1445161330827268104,negative,0.0003357058596228047
1445161331343101952,negative,0.0005899187484645894
1445161332412719111,negative,0.0006979692616764766
1445161334266638339,negative,0.01929242430133359
1445161335101267978,neutral,0.3996580091506196
1445161340616822785,negative,0.00014141487529365838
1445161343783481346,negative,8.381633838126021e-06
1445161344672600070,negative,0.00011112920614861043
1445161346866335752,negative,8.421024886502046e-05
1445161349303128069,negative,0.03838468655201617
1445161352859996160,negative,0.023212461817641382
1445161370664587267,negative,0.24663606116301975
1445161374414475265,negative,0.08510157538975456
1445161376280981504,negative,0.03564820763696508
1445161378684313601,negative,0.001200984758035509
1445161379158188032,negative,0.019053467401770375
1445161389220376577,negative,9.784341066059117e-08
1445161392127057922,negative,0.14778917865041769
1445161394559664128,neutral,0.5453561116417811
1445161397726367744,negative,0.06687872620542668
1445161412431601666,neutral,0.6086028747341339
1445161413895467010,negative,0.00015122307839755047
1445161414642094085,negative,0.0009810099916142004
1445161417888477186,negative,0.04744288290682936
1445161418622394370,negative,0.00013215511033985326
1445161424121208832,negative,8.247251947600567e-08
1445161424930619394,positive,0.9402546013105136
1445161425240985600,negative,0.00418657949658623
1445161425832398852,negative,0.23568651887278078
1445161433298264066,negative,4.5900246059886216e-05
1445161437916274688,negative,0.007624652804557468
1445161439010951172,negative,0.11801031865238988
1445161440780984323,negative,0.03982012979408541
1445161440873263105,negative,9.592754639270624e-05
1445161443729543168,negative,0.13694756503712088
1445161444190953475,negative,0.026977988671568434
1445161457067466754,negative,9.592754639270624e-05
1445161457629401091,negative,0.03840730678480914
1445161460842188810,negative,0.023212461817641382
1445161462339620864,negative,0.04152901437090604
1445161463757295618,neutral,0.3373876872887905
1445161475081965568,negative,0.0016248555054850517
1445161478034792449,negative,0.0026979020204476465
1445161479846694913,positive,0.9230625476593993
1445161480458997764,negative,0.00028285773470567956
1445161482950426626,negative,0.02312547520294615
1445161484842065920,negative,0.010545818950873647
1445161485374656517,negative,0.021244624364706217
1445161489590009857,negative,2.41447728133299e-05
1445161491066466307,negative,0.0003611051725372719
1445161491234177031,negative,0.029781506002929666
1445161493012619267,negative,0.027812004269127544
1445161495420182529,negative,0.002371747725083839
1445161496581971968,negative,0.019053467401770375
1445161500050661379,negative,0.08669009744442639
1445161502219067393,negative,0.036763927263729734
1445161505960431616,negative,5.211591668289645e-05
1445161507747102726,negative,0.007624652804557468
1445161508435079171,negative,8.247251947600567e-08
1445161521856880643,negative,0.09914654058282073
1445161536859906054,negative,0.013141230020178685
1445161545047105539,negative,0.019504763016805104
1445161546590662658,negative,3.399663604086101e-05
1445161551477067779,negative,8.247251947600567e-08
1445161552328413184,negative,0.025894714473719178
1445161555662880769,negative,9.858831106447605e-13
1445161561618665473,negative,0.12760897317966483
1445161563187466242,neutral,0.6086028747341339
1445161563720196101,negative,8.427098438360625e-05
1445161563900493824,negative,0.20635038736695718
1445161567138484226,negative,0.008048792016525674
1445161570103926786,negative,1.1848108190020644e-11
1445161572175958016,positive,0.9009019379664884
1445161575908847619,negative,1.6364953582388912e-05
1445161584871895040,positive,0.8128027260160943
1445161589573828610,negative,0.00027933069794279644
1445161590047879172,negative,9.784341066059117e-08
1445161590957936642,neutral,0.6086028747341339
1445161591717171202,neutral,0.6086028747341339
1445161591847243777,negative,0.0016248555054850517
1445161592627290112,negative,0.06179926396099351
1445161595634601987,negative,0.1129368992379898
1445161596993642501,negative,0.003650239974463118
1445161600609042437,negative,0.001034863482173731
1445161607886159877,negative,2.1073365712790694e-07
1445161608251154440,neutral,0.47455118263525786
1445161610159480832,negative,0.0002955808273113411
1445161612130885633,negative,0.02129124451154466
1445161612898443273,negative,0.0015195462146280407
1445161618275512323,negative,0.14764635992437716
1445161625946927104,negative,0.0027082196536269104
1445161630904561665,negative,0.003273568599874305
1445161631433039875,negative,0.07839569446439199
1445161632687136771,negative,0.0009810099916142004
1445161633299505157,negative,0.24081627254952076
1445161635132448781,negative,0.11492813770913442
1445161641801392128,neutral,0.38003012110378026
1445161644569546752,negative,0.13420538331436543
1445161646066917383,negative,1.8430147309485107e-05
1445161646327050244,neutral,0.6086028747341339
1445161656758247426,negative,0.00021615268575692501
1445161663733305346,negative,0.017335725744783672
1445161673430503427,negative,0.25721856492606804
1445161674063888393,negative,0.03738075595188685
1445161674378563589,negative,0.026081582262660535
1445161675078918144,negative,0.1626514581559505
1445161676668555267,negative,4.762055325911317e-05
1445161677473914882,negative,0.07364793486111516
1445161678509854727,negative,9.592754639270624e-05
1445161679961088004,negative,0.1826650518364943
1445161681064239116,negative,0.0005793368809371739
1445161688257421313,negative,0.03897475007784582
1445161698227335170,neutral,0.551077815994506
1445161698831355904,negative,0.08539169906826481
1445161701448380423,negative,0.0008156305384937362
1445161701507272707,negative,0.0004108322441720177
1445161702866268162,negative,0.0013914489639158846
1445161710118113288,negative,3.394422127436847e-06
1445161713867935748,negative,0.00010441032108601816
1445161714958286851,negative,0.0006311565682313098
1445161717646905347,negative,0.023212461817641382
1445161721639936002,neutral,0.6556569021503705
1445161721669341189,neutral,0.6086028747341339
1445161725024739331,negative,0.00021972022987824222
1445161727537164293,negative,0.054009820147209106
1445161732138274818,negative,0.03982012979408541
1445161738991816708,negative,0.002498238529065514
1445161742485450753,negative,0.000653023231563319
1445161743446065160,negative,0.11154443292387338
1445161744561852419,negative,0.1018281215459952
1445161749754232834,negative,0.12703271384507175
1445161750421245957,negative,0.0025196627747632273
1445161751956410369,negative,0.026977988671568434
1445161758973366272,negative,0.004971350500156558
1445161759283810308,negative,6.140881827038249e-06
1445161760609210373,negative,0.010788448646309482
1445161771724120070,negative,2.8444025671377053e-05
1445161776451096576,positive,0.9972149859056207
1445161778619486214,negative,0.01262120831630981
1445161780477636612,negative,0.0016248555054850517
1445161780695740416,neutral,0.6387022405111834
1445161785036791810,negative,0.0011465042162860618
1445161793513533440,negative,0.00015049956465979642
1445161794738266113,negative,1.2534018200420103e-11
1445161795757518851,negative,0.0018642677666312756
1445146711534362634,negative,0.012182431790183171
1445148511587258385,positive,0.7687046041385556
1445148850797297673,negative,0.0005445307431605046
1445149646159065092,negative,0.013933402646047918
1445149896680488964,negative,0.08211446839229117
1445150332460351490,negative,0.002286633498615102
1445150447614844930,negative,0.001465548593456035
1445150522474893315,negative,0.001465548593456035
1445150541840007181,negative,0.001465548593456035
1445150690515591172,positive,0.9068510364756471
1445153365193736209,negative,0.001465548593456035
1445153544277925901,negative,0.07062475400897861
1445153772267704330,negative,0.05856006950789183
1445154315602120709,negative,0.0010000256253592534
1445154502382866434,negative,0.000311656043265852
1445155596098023427,negative,0.0036677935629209745
1445155696731901959,negative,0.0016565748650120599
1445155845621301257,negative,0.3112770591054966
1445156148601053185,positive,0.8485153029965666
1445157578871345154,negative,0.001465548593456035
1445157629836369923,negative,0.0050632743423387975
1445157802234851334,neutral,0.5875674677770483
1445157817866850310,negative,0.11242275094531884
1445148536354529289,negative,0.31820487300311295
1445148821009276939,negative,0.19924545451767137
1445148921236529157,neutral,0.49789225920557484
1445151351844048901,negative,1.2409875423779484e-05
1445152494905135104,negative,7.161741038934038e-09
1445152665340633091,negative,0.329917140013268
1445152831560986625,negative,0.07287893293272028
1445152906995437571,negative,0.19538761194375864
1445154191232708609,positive,0.672548720378924
1445154349307596802,negative,0.027396250006991675
1445155690721460224,negative,7.595435284929151e-06
1445157347463151623,negative,3.5348093202315076e-09
1445158592135540737,negative,0.19924545451767137
1445161326888751111,neutral,0.49789225920557484
1445146874394988562,positive,0.6824837810859113
1445149444295512073,neutral,0.49789225920557484
1445149635736051713,neutral,0.49789225920557484
1445149685463846919,neutral,0.49789225920557484
1445149753692545028,neutral,0.49789225920557484
1445149888455401481,neutral,0.49789225920557484
1445149898144301057,neutral,0.49789225920557484
1445153628055089155,negative,0.005071116150434246
1445157478514188291,negative,0.0019316293327463576
1445157626749145088,neutral,0.49789225920557484
1445157661008269317,neutral,0.49789225920557484
1445157678905376768,neutral,0.49789225920557484
1445157711289757698,negative,0.024717711167493453
1445157947403902979,negative,0.011556907128095045
1445160547553529858,negative,0.011556907128095045
1445161265501024256,neutral,0.49789225920557484
1445161444983640067,positive,0.8619084794855766
1445161713083445248,neutral,0.49789225920557484
1445146711568039937,negative,1.5918933220379844e-05
1445146715951034376,negative,0.0015012574891209451
1445146717054177284,negative,0.00030261765712841384
1445146727347068929,negative,0.023696258128059148
1445146761283182593,negative,0.04692259943574271
1445146763963379716,negative,1.4124418759958562e-07
1445146788470706178,negative,8.642370874032394e-05
1445146793570930688,negative,0.0015012574891209451
1445146850529628162,negative,0.015442960826362174
1445146874562990085,negative,0.14400189997144436
1445146904770326529,negative,0.30970201678234555
1445146936240115726,negative,0.0014900040554306695
1445146955902963722,negative,8.531713158953279e-07
1445146958956535813,negative,0.2553963051767359
1445146963461251082,negative,0.0014900040554306695
1445146970025336837,negative,1.3699159923136243e-07
1445146971845562368,negative,1.74898353230115e-05
1445146989243555850,negative,0.0414343524097533
1445146993840566273,negative,5.2399551663774404e-06
1445146996457811974,negative,0.3208004588373612
1445147008658989063,neutral,0.5774051497264099
1445147025939574785,negative,0.008400600698407977
1445147032692404227,negative,4.5923814914915354e-07
1445147064195764227,negative,1.4618745769028393e-05
1445147066955665408,negative,0.015442960826362174
1445147079286923265,neutral,0.3691414473961675
1445147096022126597,neutral,0.49789225920557484
1445147102607183876,negative,0.08308261417242133
1445147117870268422,negative,0.0014900040554306695
1445147160924798986,negative,1.4618745769028393e-05
1445147170986995715,positive,0.6604780515723366
1445147171221823488,negative,1.1598409188251134e-08
1445147178448605191,negative,0.015442960826362174
1445147185595695105,negative,0.20139080867703885
1445147186149400580,negative,8.642370874032394e-05
1445147191971127296,negative,1.7514484876584456e-06
1445147203841011722,negative,0.11242443813694758
1445147213164912650,negative,0.20878810543846513
1445147214326738944,negative,1.4618745769028393e-05
1445147218600681475,negative,0.0014900040554306695
1445147220655886341,negative,0.015442960826362174
1445147222308364301,neutral,0.37167842235502685
1445147233192714244,negative,2.1388464366371106e-05
1445147247860195337,negative,0.0014900040554306695
1445147252473872387,negative,0.0008075822692669891
1445147256861167623,negative,8.795493500677902e-06
1445147262527672325,negative,0.0414343524097533
1445147291359367177,neutral,0.5153438190238978
1445147293548699654,negative,0.0001041727306641886
1445147300108570626,negative,0.0006642902781647261
1445147300532269062,negative,8.642370874032394e-05
1445147318454525957,negative,0.015442960826362174
1445147329871241236,negative,1.5056216808891453e-10
1445147347919544323,negative,0.0014900040554306695
1445147361932718085,negative,0.015148438173011779
1445147388025442304,negative,6.415548259444814e-06
1445147392010080266,negative,3.6498538835141986e-06
1445147400390197248,negative,0.026178828586758417
1445147401141071874,negative,0.0981501145398997
1445147411198926851,negative,0.0002930971388346726
1445147414306992128,negative,7.235783406634198e-05
1445147432300556296,positive,0.7590529854332134
1445147438155714570,negative,0.00033027512095625325
1445147447643230213,negative,0.0789638048860814
1445147458191953930,negative,0.12314441130942286
1445147491628900355,negative,0.0015562114000934049
1445147508288757761,negative,0.0697158289393567
1445147513623916546,negative,0.0014900040554306695
1445147527033102340,negative,5.224128810680496e-05
1445147534758907917,negative,7.702622106104321e-05
1445147547035705347,negative,8.531713158953279e-07
1445147557026582533,negative,0.015148438173011779
1445147570356068366,negative,0.07500535065434652
1445147579709280265,negative,0.0014900040554306695
1445147597614764032,negative,0.015442960826362174
1445147622734499844,negative,0.0004967083887918346
1445147631060193281,negative,8.642370874032394e-05
1445147648948850691,negative,5.974983439902459e-10
1445147663184375809,negative,0.0018903307666918651
1445147665734438912,negative,8.531713158953279e-07
1445147675133890566,negative,0.0004967083887918346
1445147705945346053,negative,0.01200946986660929
1445147716921794564,neutral,0.4374014045502167
1445147739566878720,negative,0.00028285773470567956
1445148136092090369,negative,0.023656452749460717
1445148213426728960,negative,0.011905421863080853
1445148223853715462,negative,6.571623184855197e-09
1445148239012016128,negative,0.0015012574891209451
1445148240610009090,negative,0.01200946986660929
1445148271815573512,negative,0.0013364188662821073
1445148297002430467,negative,0.09156823207830732
1445148329063723011,negative,8.642370874032394e-05
1445148346042175492,negative,0.0009767982052913387
1445148389033889793,negative,0.22509076689020832
1445148395165859848,negative,0.0004967083887918346
1445148399792267268,negative,0.01200946986660929
1445148418536624128,negative,0.01200946986660929
1445148443735838737,negative,0.00028285773470567956
1445148443840765955,neutral,0.49789225920557484
1445148447754047490,negative,0.0017029947932653989
1445148452795654151,negative,0.0038820472739899666
1445148470222934017,negative,8.642370874032394e-05
1445148476090765321,neutral,0.48755499717519574
1445148479731470341,negative,1.7599925769600264e-05
1445148487373393927,negative,0.01200946986660929
1445148516184113152,neutral,0.4132598352710542
1445148556906614792,negative,0.11629639888176058
1445148570504531970,negative,0.02969858146802378
1445148575499964421,negative,8.642370874032394e-05
1445148581783117834,negative,1.3699159923136243e-07
1445148582416461825,negative,2.5550991931318663e-06
1445148600351301638,negative,0.0012862584881048998
1445148600464519178,negative,1.9257419206866935e-06
1445148612976066562,neutral,0.5317482911452008
1445148616608387078,negative,0.00028285773470567956
1445148622903988226,positive,0.7021211435580327
1445148667493687296,neutral,0.47046381446100893
1445148729401610243,negative,0.046414986127201845
1445148744018800644,negative,1.836435296714608e-08
1445148761420873731,negative,1.4315372899797501e-06
1445148768324759560,negative,6.720597182259106e-05
1445148782371475465,negative,0.01200946986660929
1445148794295885827,negative,0.0015012574891209451
1445148808489340935,neutral,0.42789880345777515
1445148894828978185,negative,0.015353260232969162
1445148911379927044,negative,0.0018903307666918651
1445148921471381506,negative,0.0003641610915680465
1445148932645036034,negative,1.0825777730965297e-06
1445148948197527557,neutral,0.4374014045502167
1445148951586517007,negative,1.4618745769028393e-05
1445148956737118212,negative,0.0004239804489952272
1445148963124879361,negative,0.00028285773470567956
1445148970657931271,negative,0.00012225862944187634
1445148986625732611,negative,0.0054225945334836125
1445149024097497107,negative,0.0015012574891209451
1445149040195346434,negative,0.0073690855809407365
1445149057538736131,negative,0.09371353080438938
1445149072617312267,negative,0.017592167543535316
1445149074659938308,negative,0.002950498516791839
1445149082935255042,negative,0.01200946986660929
1445149089990074370,negative,0.01082591925368416
1445149102707195906,negative,0.018960807750733184
1445149132595896321,negative,0.0004967083887918346
1445149135808704512,negative,2.5286674375728517e-06
1445149140355276806,negative,0.0414343524097533
1445149143526256643,negative,7.353333519669702e-08
1445149257242136576,negative,0.01200946986660929
1445149276087087116,negative,0.0024861423449788044
1445149284815474691,negative,3.234226368194481e-05
1445149371843108869,negative,0.01200946986660929
1445149379116113922,negative,0.000660679169417613
1445149382299488266,negative,0.007138580266112501
1445149469683634180,negative,0.0004699145220910331
1445149483357118465,negative,0.01200946986660929
1445149498125299715,negative,0.0414343524097533
1445149506115342344,negative,8.071771679157944e-06
1445149525342134277,negative,0.00036358257680725484
1445149544476512266,negative,0.0014900040554306695
1445149549409062916,negative,0.00036358257680725484
1445149573694038022,negative,0.2693402375907612
1445149591469502473,negative,0.167700503602503
1445149603901415428,negative,1.3680944587430901e-07
1445149621731405830,negative,0.03224299978546641
1445149641566146568,neutral,0.41257806265386887
1445149656858648579,negative,0.0015012574891209451
1445149676831973378,negative,0.0017066474380039306
1445149705609035777,negative,0.028738063571475778
1445149725347418113,negative,0.00025514037636285435
1445149731412484102,negative,0.0015012574891209451
1445149731773206528,negative,6.24641697164104e-05
1445149733950042117,negative,0.01200946986660929
1445149761711996928,negative,0.015442960826362174
1445149771241508869,negative,1.0261016110429919e-11
1445149792166981633,negative,0.0004967083887918346
1445149798806470659,negative,0.1602582546115917
1445149801000099846,negative,1.73513536215725e-16
1445149808952553474,negative,1.7921856684569048e-05
1445149811255255041,negative,8.531713158953279e-07
1445149816783310848,negative,0.031173166159458712
1445149839608750081,negative,8.642370874032394e-05
1445149851885375491,negative,0.14266599451345965
1445149861851062275,negative,0.005910979203353871
1445149865198202887,negative,8.642370874032394e-05
1445149919019421696,negative,0.04893604050088305
1445149937650606087,negative,0.0014900040554306695
1445149958143889408,negative,0.14041881304672219
1445149962392719367,negative,0.2654977763672745
1445149972681330691,negative,0.0006266012258966954
1445150030906765321,negative,1.8156635168503677e-05
1445150056915652610,neutral,0.4037652434263239
1445150063114735617,negative,0.01200946986660929
1445150087630372873,negative,4.192101391222881e-07
1445150096048410631,negative,1.1363944614329536e-05
1445150138633236485,negative,1.441867851315843e-08
1445150168085577730,negative,0.00015672111131009622
1445150173659811845,negative,1.4618745769028393e-05
1445150218278813697,negative,0.01200946986660929
1445150234963812352,negative,0.0015012574891209451
1445150251229253634,negative,0.01200946986660929
1445150254467272706,negative,2.3177525681990763e-09
1445150255440404482,neutral,0.4285251245424389
1445150259059908608,negative,8.642370874032394e-05
1445150315490299910,negative,0.0015012574891209451
1445150344137166854,negative,1.30456329157209e-06
1445150351116673025,negative,0.0002930971388346726
1445150407022596096,negative,0.0028204670947538993
1445150419236401153,negative,0.00015672111131009622
1445150450945167370,negative,0.11921596198221812
1445150452543283205,negative,3.735289827341311e-05
1445150491550310407,negative,0.0011631445041619382
1445150524827963396,negative,0.01200946986660929
1445150560949317638,negative,0.003568682356922812
1445150586219991042,negative,0.08959293065299744
1445150589231538182,negative,0.000731736801013015
1445150611037696003,negative,1.874128890564576e-08
1445150652401868802,negative,0.0014900040554306695
1445150659976867846,negative,0.01200946986660929
1445150699243905032,negative,0.003752132018630211
1445150716000153608,negative,0.028738063571475778
1445150736879341568,negative,0.0004699145220910331
1445150782618324996,negative,0.16571233113467349
1445150782739914759,negative,0.01200946986660929
1445150787945078789,negative,8.531713158953279e-07
1445150790189031425,neutral,0.552588863123868
1445150820958449669,negative,0.01200946986660929
1445150827082047489,negative,1.3699159923136243e-07
1445150827103064065,negative,0.01965592405928516
1445150830563311616,negative,0.11789349155219607
1445150868547031041,negative,0.000539094458438965
1445150878521085957,negative,0.023044839341849706
1445150886997725188,negative,0.26802900256571566
1445150899014455297,negative,1.0161363402480258e-09
1445150899144384513,negative,0.00105319509779162
1445150943104880643,positive,0.7492858114378775
1445150944136769542,negative,8.642370874032394e-05
1445150957147394051,negative,0.0006562688432977892
1445150967356432387,negative,5.967413532551935e-06
1445150986859855875,negative,2.2975085379876287e-07
1445150998318682120,negative,0.0014900040554306695
1445151006334013444,negative,0.13962024292303007
1445151058519633928,neutral,0.49789225920557484
1445151072775913475,negative,0.0053265620895689226
1445151112034721797,negative,1.3699159923136243e-07
1445151141243801600,negative,0.01965592405928516
1445151141688487939,negative,1.8623371313291052e-09
1445151147271020550,negative,1.4618745769028393e-05
1445151183677624330,negative,0.049395808120833086
1445151215147528196,negative,0.1257886889004451
1445151219031453702,positive,0.7581038492845518
1445151286878523397,negative,7.098542697590041e-08
1445151288853942273,negative,2.381185068551078e-05
1445151292851200002,negative,8.475159222465178e-08
1445151317719240706,negative,7.887222994119429e-05
1445151351529480197,negative,0.14266599451345965
1445151989822738445,negative,5.097828856569871e-08
1445151995036323848,negative,0.0014900040554306695
1445151995103531013,negative,0.0018761378658809483
1445152005622833152,negative,0.015442960826362174
1445152010756673536,negative,8.642370874032394e-05
1445152052737363971,negative,0.0018903307666918651
1445152053567926281,negative,0.17860513396275887
1445152085234880515,negative,3.695571703935369e-08
1445152117740740610,neutral,0.5136446707795853
1445152128465612800,negative,0.03760960793279008
1445152151458697216,neutral,0.5505550505941735
1445152159931240449,negative,0.002297467991413717
1445152182307799041,neutral,0.49789225920557484
1445152215325360131,negative,0.008632344511768216
1445152233474174985,negative,0.022067946479270236
1445152245004128269,negative,3.9163381470676686e-05
1445152278525120512,negative,5.385988689503266e-09
1445152298104233988,negative,4.919579355243869e-06
1445152309588242443,negative,2.6467727662721876e-05
1445152311467184136,negative,0.04166147792479393
1445152315959230467,negative,0.002297467991413717
1445152331285340161,positive,0.9452869384460014
1445152331973238789,negative,0.002297467991413717
1445152337186725903,negative,0.30617393881438953
1445152365548609548,negative,1.319794445685502e-06
1445152436306341896,negative,0.17530158288279485
1445152437816504325,negative,1.883805908889256e-06
1445152462252380166,negative,0.01200946986660929
1445152478442438659,negative,0.04166147792479393
1445152490501062660,negative,1.0825777730965297e-06
1445152526815440897,negative,0.01200946986660929
1445152533488488462,negative,8.642370874032394e-05
1445152533744394244,negative,0.00015672111131009622
1445152534876803074,neutral,0.5175194455954759
1445152542934151172,negative,7.466114914831308e-05
1445152602145046532,negative,0.0596529330064941
1445152606565830658,negative,1.636185718555129e-08
1445152611930451969,negative,0.1766484439900628
1445152630167191556,negative,7.165449377812934e-13
1445152661288865802,negative,0.001614086543973262
1445152674190614530,negative,0.061164887484757784
1445152688400912390,negative,0.019813579172668756
1445152707313025026,negative,0.02679775655786921
1445152715764551687,negative,0.02679775655786921
1445152717287133184,negative,1.096575529534699e-11
1445152720189595656,negative,0.02122553138063419
1445152720562921479,neutral,0.4384524879192319
1445152730260156416,negative,0.00012660736072191224
1445152731497443331,negative,0.0016377327217042153
1445152737897897989,negative,0.026178828586758417
1445152768541564933,negative,8.164825481829927e-06
1445152772484177927,negative,0.02679775655786921
1445152773230710799,negative,3.3726558624106197e-05
1445152786551824390,negative,0.02679775655786921
1445152869787840515,negative,0.002085995023494134
1445152906575953921,negative,0.028738063571475778
1445152910627778571,neutral,0.4374014045502167
1445152971013120005,negative,0.07499365646171452
1445152973299068934,negative,4.919579355243869e-06
1445152990214737921,negative,0.00028285773470567956
1445152998682935299,negative,5.0779231701185496e-12
1445153002256584706,negative,0.011013302077326944
1445153010527707136,negative,0.00014998497598157887
1445153040856666115,negative,3.0768275772159997e-06
1445153050751029249,negative,0.01200946986660929
1445153067478011906,negative,8.874684839195638e-09
1445153073320562690,negative,5.447683144817664e-07
1445153074532716545,negative,0.000861114122904797
1445153117687975945,negative,0.011731885416302382
1445153177679114245,negative,0.01200946986660929
1445153184016650241,negative,4.3802780496543675e-05
1445153254917214216,negative,8.362392302250875e-05
1445153286777184261,negative,0.0019687778697481226
1445153290476527619,negative,0.02265516582539017
1445153292774948868,negative,1.1175642155601628e-05
1445153294675030017,negative,0.0014900040554306695
1445153322441248768,negative,2.8624269059840708e-05
1445153335728762886,negative,0.00019559135610253218
1445153344977244161,negative,3.735289827341311e-05
1445153358478778369,negative,0.00044956322465946344
1445153363860000776,negative,0.0014900040554306695
1445153428099977216,negative,0.0832313134147485
1445153445346938884,neutral,0.5670676777812788
1445153453513314313,negative,0.002297467991413717
1445153464301019137,negative,2.6467727662721876e-05
1445153531414122497,negative,0.010449841751758098
1445153534962540548,negative,0.015442960826362174
1445153618982735877,negative,0.00011860377566490712
1445153690504077320,neutral,0.49789225920557484
1445153708929597444,negative,0.00016560794741939046
1445153752164577284,neutral,0.4285251245424389
1445153797592989701,negative,0.015442960826362174
1445153818392530948,neutral,0.4374014045502167
1445153862965469185,negative,8.642370874032394e-05
1445153866094370817,negative,3.6804689634371236e-06
1445153866480226304,negative,0.27842183043605795
1445153877104467971,neutral,0.458688883585107
1445153883320463362,negative,1.6011032607317304e-05
1445153886294183943,neutral,0.4285251245424389
1445153894603051008,negative,9.173496447094205e-06
1445153906045108232,negative,0.00011860377566490712
1445153906800177158,negative,8.414095063060681e-11
1445153952392175616,negative,0.01965592405928516
1445153958008328196,negative,3.1943857206242936e-08
1445153999418712070,neutral,0.4285251245424389
1445154027663204356,negative,0.06263686830365318
1445154047414185984,negative,0.0002930971388346726
1445154199520616453,negative,8.603520509190029e-05
1445154211851870210,negative,1.9766466049879217e-05
1445154236979896328,negative,3.1969770322821806e-08
1445154241501409283,negative,0.1953555833975248
1445154251047583746,negative,0.015442960826362174
1445154282911711232,negative,0.20560455535876038
1445154354990882818,negative,0.002085995023494134
1445154366034436097,negative,6.60627095439767e-10
1445154366646886406,negative,9.510005612231039e-05
1445154421462208513,negative,0.015442960826362174
1445154425534877704,negative,0.010449841751758098
1445154504534634506,negative,0.002297467991413717
1445154553612079104,negative,3.4294654711617335e-06
1445154628715401216,negative,1.1627748667763359e-05
1445154674491940877,negative,0.00010039272042078842
1445154695937413122,negative,0.0013678344688148765
1445154722642632704,negative,0.002297467991413717
1445154724467052550,negative,0.12009884257184744
1445154745933516805,negative,0.000145967842605099
1445154762631024646,negative,5.072546607652853e-09
1445154764992532494,negative,0.00526991298662969
1445154777965465604,negative,1.6011032607317304e-05
1445154786916057093,negative,0.1978031264856046
1445154789545943042,negative,1.5080443832423539e-06
1445154813382103044,negative,0.008400600698407977
1445154815152111619,negative,6.083393553740169e-07
1445154922329112577,negative,5.247546788103484e-09
1445154924124418051,negative,0.009761340334082089
1445154931439194119,negative,0.0014900040554306695
1445154967472517123,negative,2.728343801142542e-07
1445154968013524993,negative,0.015353260232969162
1445155001857421316,negative,0.1978031264856046
1445155038561722371,negative,0.0003678750559466859
1445155058954428419,negative,0.2693402375907612
1445155079577907200,negative,2.8477520847871015e-06
1445155081565974534,negative,3.452495909084072e-05
1445155083444948992,negative,0.047672298586674405
1445155116265447425,negative,0.010449841751758098
1445155149668880390,negative,0.0008647926156632114
1445155152978190347,negative,1.2941774621985652e-05
1445155176717996033,negative,4.919579355243869e-06
1445155179255500800,negative,0.00015672111131009622
1445155189779058689,negative,1.5641906627296113e-18
1445155190097731590,positive,0.8693680454276536
1445155206342250497,negative,0.009761340334082089
1445155216261779460,positive,0.9449857162400614
1445155226479218695,negative,0.25418704655641733
1445155238047068166,negative,0.00016157869655687523
1445155478359662599,negative,0.09927566956923292
1445155485250953217,negative,3.5261906324492534e-05
1445155495619223555,negative,0.0015012574891209451
1445155506209894405,negative,3.985259895380927e-08
1445155518402777091,negative,0.0002703930136066389
1445155522752270340,negative,0.009761340334082089
1445155524551532548,negative,0.20381879933191524
1445155536153026562,negative,1.1016683289050393e-06
1445155541433692165,negative,1.9987863595455595e-06
1445155559037194242,negative,5.444857130642876e-05
1445155578708434952,negative,0.0018903307666918651
1445155579324821514,positive,0.6932296610200334
1445155583305338885,negative,0.1129368992379898
1445155621477789698,negative,3.6804689634371236e-06
1445155623927173121,negative,0.28563338015140677
1445155648027701250,negative,0.01200946986660929
1445155681598910466,negative,0.02679775655786921
1445155712930361345,negative,0.02679775655786921
1445155718198349825,negative,0.00526991298662969
1445155723453911048,negative,0.25418704655641733
1445155734820474883,negative,0.19773357032043823
1445155739547361286,negative,0.09460289241536404
1445155777585590273,negative,2.461165795207316e-10
1445155828198252548,neutral,0.47046381446100893
1445155857319219208,negative,0.00015672111131009622
1445155863333847041,negative,0.015442960826362174
1445155876621463559,negative,2.8477520847871015e-06
1445155899480363011,negative,1.3742850750521052e-07
1445155914626084865,neutral,0.49789225920557484
1445155968644485132,negative,0.011342901058192578
1445155971685289985,negative,2.8477520847871015e-06
1445156000294658057,negative,0.0018903307666918651
1445156007945154569,negative,5.6640779094066327e-05
1445156030640439299,negative,3.272690727528938e-11
1445156039217885187,negative,1.3699159923136243e-07
1445156045983260673,neutral,0.4037652434263239
1445156061464367106,negative,1.8174705764696584e-07
1445156067135172609,negative,0.016873828851837983
1445156072730284033,negative,1.2304176264667231e-07
1445156079231377419,negative,8.427638080013235e-11
1445156099422887938,negative,0.0004428999848027231
1445156117093490694,negative,4.919579355243869e-06
1445156133161906178,negative,0.00015672111131009622
1445156195669577728,negative,0.008400600698407977
1445156195866664961,negative,0.0010507266143377763
1445156202401386499,negative,0.015442960826362174
1445156229035270149,negative,4.919579355243869e-06
1445156232134791173,negative,1.03008073808302e-11
1445156286660849668,negative,0.00014647845149236703
1445156301915443201,negative,0.0027060259421950224
1445156305480654849,negative,0.01146073107170472
1445156325458157572,negative,6.141821297475278e-12
1445156341509668872,negative,0.008164411318111154
1445156359843074056,negative,0.05659146183206569
1445156372866289679,negative,0.00015672111131009622
1445156379803611138,negative,0.0004428999848027231
1445156386808242178,negative,1.3287540325146325e-05
1445156390683791360,negative,0.0004428999848027231
1445156391723937792,negative,0.00015672111131009622
1445156418038939651,negative,3.289365906478746e-05
1445156463006076936,negative,0.015442960826362174
1445156493804834816,neutral,0.4317165443073694
1445156497395232769,negative,5.2399551663774404e-06
1445156497890193410,negative,1.3699159923136243e-07
1445156538952396804,negative,5.326585950185697e-05
1445156574440329220,neutral,0.4936586959798675
1445156595609083908,negative,0.0013678344688148765
1445156607764180994,negative,0.002297467991413717
1445156683806908422,negative,0.0013678344688148765
1445156763083419651,negative,0.00016157869655687523
1445156763544834049,negative,0.0414343524097533
1445156768896757760,negative,0.00028285773470567956
1445156803889745923,negative,0.00020102582627120623
1445156807396270083,negative,8.603520509190029e-05
1445156809417895938,negative,2.1451033605285796e-05
1445156819157061632,negative,2.8477520847871015e-06
1445156820436328452,negative,0.14298395277287423
1445156821715533829,negative,2.0782621080668262e-07
1445156852585713666,negative,1.4618745769028393e-05
1445156867790016516,neutral,0.4898631585877994
1445156870105276418,negative,0.015442960826362174
1445156879987007501,negative,0.009761340334082089
1445156895908638721,negative,0.0021196430430754213
1445156909854740491,negative,5.2399551663774404e-06
1445156941114843137,negative,8.642370874032394e-05
1445156950447214592,negative,0.002297467991413717
1445156957346750470,negative,1.4618745769028393e-05
1445156970688823299,negative,0.0008535394958120923
1445156977965993988,negative,0.0014900040554306695
1445156981791240195,negative,0.0014900040554306695
1445157003819724801,negative,1.055584175425184e-10
1445157033691525124,negative,0.0414343524097533
1445157078771937282,negative,0.000277075749067558
1445157088892698626,neutral,0.4374014045502167
1445157118626123777,negative,2.0761629569832294e-14
1445157119423139843,negative,0.0005011194663043171
1445157202097016832,negative,0.0414343524097533
1445157228072390662,negative,2.7568233490192516e-08
1445157248880291840,neutral,0.4285251245424389
1445157287493087239,negative,1.2809814713381075e-06
1445157307143401475,negative,1.9063674811280589e-13
1445157309219549184,negative,0.011342901058192578
1445157325430525952,neutral,0.3698001277572071
1445157337384247304,negative,0.0011971990395667127
1445157350407647235,negative,8.531713158953279e-07
1445157391826366468,negative,0.16245735089968194
1445157407026470913,negative,0.009761340334082089
1445157420574072836,negative,1.3699159923136243e-07
1445157445094027265,negative,0.0021196430430754213
1445157445744185344,negative,0.0014900040554306695
1445157469118996482,negative,0.018650526748993153
1445157483962568708,negative,0.008464605272159798
1445157484017164291,negative,0.002297467991413717
1445157498571399170,negative,4.404087327596743e-05
1445157554045214722,negative,0.0062458862199562945
1445157615072387074,negative,1.6005499851599955e-06
1445157662820294656,negative,1.8901060739354107e-06
1445157690074873859,negative,2.8477520847871015e-06
1445157740008050688,negative,0.0060962428343571745
1445157741455200256,negative,2.276577722344437e-05
1445157744487636996,negative,0.009379084163568226
1445157747444625413,negative,7.236892459357461e-06
1445157804512264198,negative,0.009761340334082089
1445157834631569409,negative,0.08233623918093622
1445157886200623105,negative,1.2941774621985652e-05
1445157907545341956,negative,0.03224299978546641
1445157946686676994,negative,1.3329092844635245e-05
1445157975530819587,negative,0.002297467991413717
1445158023123640327,negative,0.002297467991413717
1445158036662898693,negative,0.046667120223882634
1445158053716930560,negative,1.0295506460107385e-07
1445158061056958468,negative,0.008400600698407977
1445158127486263297,negative,1.649129539198458e-13
1445158180586131460,negative,6.13264553699007e-07
1445158224639021057,negative,0.010449841751758098
1445158252103208960,negative,1.3329092844635245e-05
1445158261607522309,negative,0.0021196430430754213
1445158266653249536,negative,3.1406068702957505e-07
1445158270256230402,negative,0.05950238977339006
1445158272617619457,neutral,0.4638827151189752
1445158280955785223,negative,0.005335615648059186
1445158290166632449,negative,1.3329092844635245e-05
1445158299297533960,negative,1.3329092844635245e-05
1445158339546173444,negative,7.800321921985986e-06
1445158342977105927,negative,0.1795077863349568
1445158356969213955,negative,1.2678172756121152e-05
1445158400455847941,negative,0.046667120223882634
1445158424673599490,negative,0.00012095245228255438
1445158433448202244,negative,3.7538623018744316e-07
1445158440213622791,positive,0.7827000340103822
1445158443636174851,negative,0.01638908168022102
1445158458920218631,negative,8.118328917813186e-05
1445158462871248904,negative,1.3329092844635245e-05
1445158475772973067,negative,0.050053203503072304
1445158480877391878,negative,1.3329092844635245e-05
1445158481317744640,negative,0.01538256695134696
1445158499613388802,negative,0.0043677619206403655
1445158501718839298,negative,8.642370874032394e-05
1445158511760007169,negative,2.1905116187889232e-13
1445158520589070336,neutral,0.41023780561083684
1445158525395742726,negative,0.00034576412710521826
1445158529145450500,negative,1.9264343390602995e-10
1445158536921731073,negative,8.642370874032394e-05
1445158648699817985,negative,9.827621028687032e-14
1445158668463493123,negative,2.346569952403732e-07
1445158710549127169,negative,4.176476389741128e-06
1445158747056353284,negative,0.015442960826362174
1445158784393940996,negative,0.02834721820901975
1445158843936382981,negative,6.074648582081226e-05
1445158871409045508,negative,1.3329092844635245e-05
1445158921942061059,negative,3.735289827341311e-05
1445158946331926534,negative,6.199545031557902e-07
1445158978741276676,negative,8.577556236886802e-09
1445159006608166915,negative,6.814611690210965e-12
1445159569580347393,negative,0.0414343524097533
1445159613930917904,negative,0.027101182992522472
1445159677415854082,positive,0.7590529854332134
1445159683204042754,negative,0.00028285773470567956
1445159707853955072,negative,0.25418704655641733
1445159715688878083,negative,0.0014900040554306695
1445159723075084289,negative,0.2693402375907612
1445159730096263168,negative,1.685476665370546e-06
1445159738606592007,negative,9.374755156719074e-07
1445159748991651840,negative,0.01200946986660929
1445159754008047617,negative,0.0414343524097533
1445159790695550977,negative,2.3243112455531154e-08
1445159802116714496,negative,0.0018903307666918651
1445159823763558400,negative,0.050053203503072304
1445159867291930624,negative,0.048067057110845114
1445159870785806341,positive,0.9971312671557346
1445159883641430023,negative,0.25418704655641733
1445159888414560263,negative,0.002297467991413717
1445159899487473664,negative,0.008250669407420074
1445159910438748162,negative,0.006949960507716781
1445159936401592331,negative,0.00036915704349295295
1445159943896772621,negative,0.13455907576300183
1445159951408771072,negative,8.924209709630868e-05
1445159952021078020,negative,3.735289827341311e-05
1445159956681007110,negative,0.002177254561243691
1445159966042558465,negative,0.056758076931436974
1445159973281992708,negative,0.01002706224925565
1445160022732853249,neutral,0.4374014045502167
1445160042156732430,negative,7.555713083686728e-10
1445160046510362629,negative,0.0981501145398997
1445160060812939270,negative,1.3656032861560132e-05
1445160090433110016,negative,0.0414343524097533
1445160091787931652,neutral,0.49648048984025195
1445160142379565059,negative,0.050053203503072304
1445160148507504641,negative,4.916595625415745e-05
1445160189955563521,negative,0.0414343524097533
1445160191574609926,negative,3.331799920999072e-05
1445160203947753478,negative,5.276603393242397e-05
1445160204329529346,negative,1.4618745769028393e-05
1445160278476218370,positive,0.920757586089289
1445160280980443137,negative,0.003976198118708847
1445160321287655427,negative,0.001394413255579177
1445160330611634180,negative,1.4618745769028393e-05
1445160332545171457,negative,0.002085995023494134
1445160353000828928,negative,0.027101182992522472
1445160379471048707,negative,0.00044956322465946344
1445160380842627073,negative,0.009761340334082089
1445160381492703238,negative,0.0018903307666918651
1445160447393607683,negative,0.0267344640361558
1445160448433737730,negative,8.642370874032394e-05
1445160451822739457,negative,0.01200946986660929
1445160453949345792,negative,0.008250669407420074
1445160459884236800,negative,0.00029348403368200483
1445160484362149888,positive,0.9920093103743237
1445160489097605121,negative,0.0025658871335095873
1445160554746847239,negative,0.0012552688878846978
1445160565773672454,negative,0.000766819312200196
1445160570924240896,negative,0.00011552786369117725
1445160575663755264,negative,8.481969813051528e-06
1445160597528645635,negative,0.0015562114000934049
1445160605636235268,neutral,0.4582795473298822
1445160613148254217,negative,0.0267344640361558
1445160643229782016,negative,0.003264542445379346
1445160701161615367,negative,0.005797240812764056
1445160714612658182,negative,1.0116199487363602e-06
1445160752311066626,negative,1.3329092844635245e-05
1445160818111389696,negative,0.04850734059486252
1445160822444072968,negative,8.644671906862251e-05
1445160851128913921,negative,3.234226368194481e-05
1445160892975525903,negative,0.0021196430430754213
1445160897501073410,negative,0.002829094575106016
1445161003776462851,negative,0.087716017392869
1445161019261820931,negative,2.122796554985207e-07
1445161041642541057,negative,0.04645365482376763
1445161058776256514,negative,2.8500975200046758e-05
1445161067005546498,negative,1.040150178725227e-06
1445161073049485318,negative,0.0004690607109869078
1445161088220340228,negative,6.949669156384874e-05
1445161108231409671,neutral,0.41023780561083684
1445161125847486474,negative,2.416648140406985e-06
1445161204238983175,negative,0.0004428999848027231
1445161259503079424,neutral,0.4037652434263239
1445161291132321799,negative,0.02903565269951032
1445161296027127812,negative,0.0014643234585354813
1445161374410285057,negative,0.00015672111131009622
1445161378663342081,negative,0.0021196430430754213
1445161389929213956,negative,4.377427121178783e-05
1445161397994803200,negative,0.0038102402737401537
1445161462821965825,negative,0.023158595175810554
1445161467326701570,negative,0.002085995023494134
1445161501107625984,negative,8.40589734143277e-06
1445161522657906696,neutral,0.41023780561083684
1445161544174772229,negative,4.309269835420826e-05
1445161566035394561,negative,0.0035700818617599205
1445161578555449349,negative,0.021140531568522893
1445161589653524483,negative,1.2497882209168979e-14
1445161604211953666,neutral,0.5950765367193348
1445161664551206917,negative,0.00015672111131009622
1445161686042910725,negative,1.3329092844635245e-05
1445161722864676868,negative,0.0414343524097533
1445161731777601538,negative,0.0008648658450725496
1445161732733693952,negative,5.69504956879518e-10
1445161736085151748,negative,5.6875096913363885e-09
1445161751419527174,negative,2.8477520847871015e-06
1445161762790289415,negative,0.12160201593336777
1445161767357800451,negative,1.2777786190956863e-05
1445161791022149637,negative,6.228799947880907e-07
1445161808864628738,negative,0.0003678750559466859
