Tweet_ID,Sentiment_Label,Probability_pos
1469653243013783555,negative,5.1570904083637994e-05
1469656987826900994,negative,5.1570904083637994e-05
1469658979731189768,negative,5.1570904083637994e-05
1469659169343127556,neutral,0.5734576952979002
1469659583681548289,negative,5.1570904083637994e-05
1469663130603163653,neutral,0.49789225920557484
1469664627235696647,negative,5.1570904083637994e-05
1469653193101611019,negative,0.13187007145231844
1469653193403469824,negative,1.135593105554357e-07
1469653193948811270,negative,0.09676077149343885
1469653194959585282,negative,0.018850207959467367
1469653197337804802,negative,0.3029968537174699
1469653197677481984,negative,9.110525193917066e-05
1469653197950050314,negative,0.0006026552280569172
1469653199011336196,negative,0.18012981635303943
1469653205625810945,negative,0.19882368870123687
1469653206271725576,neutral,0.37716597900541066
1469653211191652352,neutral,0.37716597900541066
1469653213167112200,neutral,0.35785643069366135
1469653213448126467,negative,0.1476776185045522
1469653215595667458,negative,0.001386110493468265
1469653223296442369,negative,1.1068570041372685e-05
1469653224361705476,negative,0.19026615959708978
1469653224831524864,negative,0.009249074277092961
1469653225485877248,negative,0.00438168797655152
1469653225594888194,negative,0.0027774093096840768
1469653226387652608,negative,0.016309716463855786
1469653227411017730,negative,0.002025392808677337
1469653228233109506,negative,0.22938463057409303
1469653229814308866,neutral,0.48053460187524555
1469653232175796229,negative,0.00031384165314877755
1469653236038742018,negative,0.0006481093078526398
1469653238735646722,neutral,0.4922415229393677
1469653245689745411,negative,0.014590353922935066
1469653247342305287,negative,2.6806698786132186e-05
1469653253327577091,negative,0.00012307736065659335
1469653256859181069,negative,0.03577592465088976
1469653257383550977,negative,0.0014419121488897168
1469653261200285697,negative,0.014776000314096838
1469653270205452289,negative,0.00011282809416689288
1469653281299439634,neutral,0.5090721890042491
1469653295199358979,positive,0.6866582123666666
1469653295933407233,neutral,0.4744541669089408
1469653298928050178,negative,0.0032723571849195806
1469653306075226115,negative,0.02187448997280475
1469653306654044168,negative,2.3362664612085148e-09
1469653307710971908,neutral,0.4922415229393677
1469653308658831373,negative,0.03748822646713704
1469653313478144011,negative,0.03748822646713704
1469653325901709314,negative,0.0011557626061102623
1469653340824948737,negative,0.005060910192950862
1469653340829233153,neutral,0.49789225920557484
1469653342116888584,negative,1.2352904629231822e-07
1469653342183903249,negative,5.615025887779498e-05
1469653349016424450,negative,2.3362664612085148e-09
1469653360215273480,negative,0.003966428442272445
1469653362501107712,neutral,0.5159436667231726
1469653365969805314,negative,0.019142044583938308
1469653373989408769,negative,0.16310265746128633
1469653374727598088,negative,0.15906990320017803
1469653375495065604,negative,0.00011282809416689288
1469653378888257539,negative,0.0014084622676654517
1469653389449601034,negative,0.007819946912832661
1469653390124744717,negative,0.20908334747013088
1469653390150021122,negative,0.00012544737751366632
1469653393899728898,negative,0.024400090835887938
1469653398224056325,negative,0.0006640596999088134
1469653404024770561,positive,0.9747050249618014
1469653404360359939,neutral,0.39439463283712184
1469653406281252868,negative,0.006014373981318591
1469653406319005696,negative,0.02187448997280475
1469653409326370826,negative,0.001029053378529251
1469653418688094216,negative,0.00011076223566951322
1469653419396841478,negative,0.00010206327133108365
1469653420801994760,negative,6.401233774760608e-06
1469653421481336838,negative,0.21689824392118723
1469653422622355459,negative,0.00013642514878683474
1469653422689460233,negative,0.00010206327133108365
1469653422697852931,negative,0.003966428442272445
1469653423708680197,negative,0.02075810705689078
1469653427328327680,negative,0.00034423173161867235
1469653429924548611,negative,0.0026380648524405577
1469653430381813761,negative,0.07152316245754596
1469653430671187969,negative,0.00489633258569477
1469653430784376843,negative,1.1482998318412674e-08
1469653432206340096,negative,0.00016786681160442388
1469653432269164545,negative,0.14133255951854565
1469653432722145281,negative,0.001029053378529251
1469653433464545285,negative,6.922855254669535e-07
1469653437721858054,negative,0.15480874163662972
1469653440330612739,negative,0.32195147969670806
1469653442708791298,neutral,0.3332856921008272
1469653444076130309,negative,0.0002592682687298767
1469653444109778947,negative,2.3362664612085148e-09
1469653446114656258,negative,0.014590353922935066
1469653454717177863,negative,0.06146897003445341
1469653468390514692,negative,0.20370799162200215
1469653479933329419,negative,0.040176244332879335
1469653487558483970,negative,5.370559038648441e-06
1469653488678359042,negative,0.0027716704005454848
1469653488758145031,negative,2.3362664612085148e-09
1469653498140807176,negative,0.0001333595517114686
1469653499617153033,negative,2.3362664612085148e-09
1469653508035125248,positive,0.6606817883721031
1469653509117259781,negative,0.16667480379578
1469653509805154311,negative,0.00012544737751366632
1469653518835458057,negative,0.006474948473623518
1469653529933537285,negative,0.014590353922935066
1469653538968068096,negative,0.26730995692559706
1469653543418462208,negative,0.00274148608226158
1469653546433929220,negative,1.0149208483399189e-05
1469653546605887490,negative,0.012033672262040952
1469653550343065606,negative,0.0762645827157711
1469653550561116164,negative,0.2263981885247781
1469653555070001154,negative,7.649222348823338e-06
1469653563043368965,negative,0.012033672262040952
1469653565564231680,negative,0.010445485790962607
1469653567053217792,negative,8.069601598002118e-07
1469653571176218624,neutral,0.4922415229393677
1469653583855603714,negative,0.012033672262040952
1469653610908860423,negative,0.0002592682687298767
1469653623160377346,negative,0.006474948473623518
1469653623357517828,negative,0.00015965500386598926
1469653623735001088,negative,0.003966428442272445
1469653630278160388,negative,0.1767154186593358
1469653630886232067,negative,0.011481562247154846
1469653635592343553,negative,1.0149208483399189e-05
1469653646279380995,negative,0.19882368870123687
1469653646501724165,negative,0.03577592465088976
1469653647139164164,negative,0.07097663436949073
1469653648720412677,neutral,0.6289289257603159
1469653648904916994,neutral,0.5370919130366172
1469653677673791488,negative,8.752356861104075e-07
1469653678307086336,negative,0.02545445313493427
1469653678583914497,negative,0.0395807328061575
1469653687303917582,negative,5.659007722382013e-11
1469653688398528515,negative,0.0712635233854379
1469653691737288706,neutral,0.48728019602140255
1469653719155458050,negative,2.3362664612085148e-09
1469653723278360576,negative,0.0009666030934335954
1469653729167167488,negative,1.4164363770458032e-09
1469653736247250950,negative,2.3362664612085148e-09
1469653737547264000,neutral,0.49789225920557484
1469653741238472708,negative,0.03798070619739034
1469653749383798789,neutral,0.46364466503952073
1469653755801088000,negative,0.13009998624662855
1469653763279372298,positive,0.6866582123666666
1469653772867678209,negative,0.00032321166987545465
1469653779553398794,positive,0.6836061904367084
1469653783730864131,neutral,0.4922415229393677
1469653790001352708,negative,0.000272308870244014
1469653792794759177,neutral,0.4922415229393677
1469653792853573635,negative,5.9170772393667014e-08
1469653793088446468,negative,0.028654036560585325
1469653813057540101,neutral,0.49789225920557484
1469653821873926147,negative,0.001542297047305014
1469653825799733251,negative,0.051019381716653094
1469653837610987527,neutral,0.6387765042918215
1469653844099584010,negative,0.00020263701445079267
1469653846435807235,negative,1.2263249917351884e-15
1469653846897139718,negative,0.000593850744523868
1469653851502374914,neutral,0.3341697100883887
1469653852018327556,negative,0.13516334570333927
1469653854744502273,negative,0.008172561614639662
1469653855084425216,negative,3.591365971405251e-05
1469653858980880388,negative,0.0012459467709921483
1469653859538714625,negative,0.2263981885247781
1469653862214684672,negative,0.11068872709575771
1469653867214393345,negative,0.2148559004768075
1469653868158103555,negative,0.11299694346672959
1469653868321591299,neutral,0.35037246870997213
1469653870351630340,negative,0.08386491677039272
1469653871949717509,negative,0.027092373303094115
1469653873518329860,neutral,0.49789225920557484
1469653876978688008,negative,0.00011076223566951322
1469653881487568903,negative,0.0003842891836055901
1469653888253165575,negative,0.29761571709333384
1469653895064563720,negative,0.0762645827157711
1469653896016633861,negative,0.0008877769102236784
1469653906607202307,negative,0.0001333595517114686
1469653907630698505,negative,0.0012315562743128873
1469653916119973895,negative,1.39011404780121e-06
1469653947359109122,negative,0.0327513758115386
1469653960567013387,negative,7.513104861093461e-05
1469653963393966087,negative,3.855152805444658e-06
1469653972059369472,negative,0.0006806410507007423
1469653982855503876,negative,0.001261404575298317
1469653986533855236,negative,0.26730995692559706
1469653992154320896,neutral,0.5386212136045709
1469653992296828931,negative,0.0001333595517114686
1469653992355647498,negative,6.300242444494455e-08
1469653999242682375,neutral,0.4922415229393677
1469654004804247560,neutral,0.36728291019967485
1469654005429280770,negative,0.0015078084200486925
1469654014405095433,neutral,0.3341697100883887
1469654017445961743,negative,0.001779190638266165
1469654018116964352,neutral,0.4922415229393677
1469654020553908224,negative,0.0007891377969424759
1469654023267622917,negative,0.015154909132241698
1469654024630714377,negative,6.192105983164428e-09
1469654028552445956,negative,0.19882368870123687
1469654056180277253,negative,0.31797403159726917
1469654060085227523,negative,0.00034758860882930383
1469654065529376774,positive,0.795365638364235
1469654066993242116,negative,0.00999017165086343
1469654070839414790,negative,5.993599632584001e-06
1469654079655878658,negative,0.004922824266878351
1469654083833319424,negative,0.08386491677039272
1469654091320205312,negative,0.001812913335529877
1469654091928326149,neutral,0.48447356385429163
1469654093429886977,negative,0.00018073119179594756
1469654113197699073,negative,0.021485612853422084
1469654116347654144,neutral,0.4109977959855359
1469654118352539660,neutral,0.4737554465528978
1469654120818692101,negative,0.011266974040549724
1469654121435353088,negative,0.0762645827157711
1469654122525827076,negative,0.0001378718406081912
1469654131484905476,negative,0.2148559004768075
1469654151026126848,negative,0.022792179459334184
1469654151256846346,negative,0.025990419579909604
1469654152070541314,neutral,0.3607800955212087
1469654152091697154,negative,9.104386108420542e-05
1469654155392393222,negative,0.00574624616352538
1469654156319330304,negative,0.21023076991695588
1469654157741019136,negative,0.00027586365910084833
1469654158106107914,neutral,0.3441877553689745
1469654158374588419,negative,0.0338436115434486
1469654158592692224,neutral,0.4922415229393677
1469654159070838791,negative,0.001029053378529251
1469654159389380608,negative,8.88690742047845e-06
1469654159561531393,negative,0.0022965169298918677
1469654163407704065,negative,0.003644485259334119
1469654168826748929,negative,5.988279631544401e-07
1469654170110210052,positive,0.9846678932698129
1469654176993005570,negative,0.05692591697563873
1469654178435895303,negative,0.001029053378529251
1469654179153166340,negative,0.0011557626061102623
1469654184236572677,negative,0.061920550866894526
1469654186392444935,negative,0.022792179459334184
1469654186438524931,negative,0.29763873538566715
1469654188359659523,negative,8.714931142459259e-09
1469654188623863811,negative,0.006924404199517435
1469654192419602432,negative,3.672272730676141e-05
1469654192960724993,negative,3.672272730676141e-05
1469654201328451592,negative,0.010632976924340079
1469654201626152962,negative,0.2030117566988481
1469654201899057153,negative,0.0027716704005454848
1469654203903750144,neutral,0.4436127277538859
1469654205967347712,negative,0.005032451755224405
1469654208672583688,negative,0.2186019946113962
1469654209888989195,negative,0.002597566603413887
1469654210346168322,negative,0.001029053378529251
1469654210585186306,positive,0.898670708634997
1469654217505886211,negative,0.0049952313262256205
1469654219770642433,negative,0.2921345961065012
1469654221905555456,neutral,0.4547397256508491
1469654222799097861,negative,6.358622192267704e-05
1469654223293800448,negative,0.08214244423561386
1469654223784759297,negative,0.010573992973899143
1469654226708094987,negative,5.018067409172066e-09
1469654227853230083,neutral,0.49789225920557484
1469654237965873153,negative,0.15029513708155978
1469654238565474308,negative,0.25050913950563336
1469654241891475464,negative,0.25050913950563336
1469654245930536961,negative,8.88690742047845e-06
1469654247335677953,negative,0.001029053378529251
1469654248480780291,neutral,0.4922415229393677
1469654249382445060,positive,0.8567543013843764
1469654249432829958,positive,0.9997534332827445
1469654250447728642,negative,0.0010718992916594105
1469654250888343559,negative,0.1204380609398771
1469654250930286592,negative,0.0007613914607670803
1469654251748085766,negative,0.0511216571476175
1469654255023931393,negative,0.014590353922935066
1469654259981553670,negative,0.04003007136604338
1469654261134987275,negative,0.0023457131081255802
1469654261848027138,negative,0.006524842872066041
1469654265576796163,positive,0.6953673906001356
1469654266763689993,negative,0.00034545142264296277
1469654271260045316,negative,0.008801908681792694
1469654273243942913,negative,0.14763092784187873
1469654273952821255,neutral,0.35785643069366135
1469654276649766913,negative,0.1746279026408053
1469654278188974084,negative,0.03266582943892013
1469654279304753165,negative,0.3131610485484611
1469654279514427396,negative,8.206529766357109e-07
1469654280164544514,negative,0.011663600409077836
1469654280290320385,negative,0.02587655857233016
1469654282681073670,neutral,0.5089850057697459
1469654284530765825,negative,0.008627095369376697
1469654285478600709,negative,0.0762645827157711
1469654290369323011,neutral,0.3332856921008272
1469654291619229696,neutral,0.4922415229393677
1469654294039302149,negative,0.0018670020834476383
1469654294618116102,negative,0.14133255951854565
1469654302096601089,negative,0.011007587824484938
1469654302713122822,negative,3.7416950528668666e-08
1469654303086370818,neutral,0.5644496346671806
1469654307389816832,negative,0.031217719283768524
1469654311177183236,negative,0.0027774093096840768
1469654315933618177,neutral,0.37580712704481395
1469654317930008581,negative,0.0010042121477146578
1469654320761217024,negative,0.011663600409077836
1469654324640980999,negative,0.22587287542481294
1469654327212052481,negative,0.0056183789433709224
1469654327694401536,neutral,0.47220184952169675
1469654329493794820,negative,0.022323294896699174
1469654331947470858,negative,0.17992997070502223
1469654332454932490,negative,0.17992997070502223
1469654333071503368,negative,0.005060697104905136
1469654335202148354,negative,0.009863114830090417
1469654335277740039,negative,0.0013430394511942416
1469654337026674693,neutral,0.49789225920557484
1469654340730294277,negative,0.04459911359017712
1469654345385922563,negative,3.1816386750240835e-11
1469654345419407363,negative,0.011980967136856239
1469654349936742400,positive,0.9997534332827445
1469654352092704775,negative,1.2744641209232806e-06
1469654353833304076,negative,0.001812913335529877
1469654357838901252,negative,0.2649341421315229
1469654361257168903,negative,0.12362068443959406
1469654361265643521,neutral,0.3786078864919541
1469654361450201089,negative,1.6576101664127026e-08
1469654363404603393,negative,0.0374664003198353
1469654370761515015,neutral,0.4662169283079212
1469654371231219714,negative,1.5948577489260852e-05
1469654372477022211,negative,0.001029053378529251
1469654373450108934,negative,0.19558011933134006
1469654374272188428,neutral,0.42693774172327703
1469654377291988992,neutral,0.47190160869753534
1469654381993897990,negative,0.003976271026708745
1469654387928748036,negative,0.23169466847129055
1469654391095545856,negative,1.474212495910412e-09
1469654395826679810,negative,0.001029053378529251
1469654397714145280,negative,0.026828216772994636
1469654397894664192,negative,0.00041972732764831565
1469654398292967426,neutral,0.6366213049613736
1469654400968925193,negative,0.0009328470962622419
1469654401736646657,negative,1.8893046448792776e-11
1469654402340462600,neutral,0.47371072416927557
1469654404311699458,negative,0.06458318019418001
1469654405695819778,negative,2.3362664612085148e-09
1469654409030385666,negative,0.0004357016697578898
1469654410871648260,negative,0.00010206327133108365
1469654411966398464,negative,0.0077674352902176984
1469654412679340036,negative,0.2766676894196998
1469654414176755721,neutral,0.36001742862195224
1469654415967756293,negative,0.11436529646275598
1469654418702409731,positive,0.6866582123666666
1469654418891104256,negative,0.0016341002458922498
1469654419746828288,negative,0.03266582943892013
1469654420593987584,negative,0.06305968229505708
1469654422783471618,negative,3.134292162520063e-14
1469654424633200640,negative,0.11764247341347826
1469654424863842305,negative,1.7045820591754696e-06
1469654427229376519,positive,0.91390305739615
1469654427724398595,negative,0.001812913335529877
1469654428261269508,positive,0.91390305739615
1469654430349996038,negative,1.2154011113033059e-08
1469654431906082816,negative,0.20219134175482742
1469654433566969861,neutral,0.49789225920557484
1469654434800144394,negative,0.20219134175482742
1469654435911671809,neutral,0.47190160869753534
1469654440143634432,negative,0.02545445313493427
1469654445772451845,neutral,0.4922415229393677
1469654448423129088,negative,7.137877550155004e-05
1469654448863690759,negative,8.88690742047845e-06
1469654449526390789,negative,0.29673046003242326
1469654449534607360,negative,5.280497981700002e-06
1469654449790455812,negative,0.00011738151866165798
1469654450075746314,negative,0.07390533404790818
1469654451078242312,negative,0.03187920522019715
1469654453628379140,negative,0.17448246323826827
1469654454135885831,positive,0.8035957027416104
1469654454341414916,positive,0.8049275607425699
1469654456304390149,negative,0.18292428581975265
1469654462121889792,negative,0.1865580237557271
1469654462989889536,negative,0.0007956359356190496
1469654466567753732,negative,0.09134166861473657
1469654469335998468,negative,0.10308148545588822
1469654470229331974,negative,0.0590273603329134
1469654472502693892,negative,0.006924404199517435
1469654472645390339,negative,0.003366180994340153
1469654476160180225,negative,0.0035266291852858104
1469654476420173829,negative,1.2154011113033059e-08
1469654478932660226,negative,0.10672139632081862
1469654480085999629,negative,0.25050913950563336
1469654481222651908,negative,0.00020303576369820673
1469654483147927561,negative,0.13730821813607058
1469654483194064905,negative,0.25050913950563336
1469654484733280258,neutral,0.4922415229393677
1469654485286932480,negative,0.002407074797553834
1469654485706461184,negative,0.0017752422325382424
1469654486335459329,negative,0.053969755766621046
1469654492891291649,negative,0.25050913950563336
1469654493927247875,negative,0.014720344376385542
1469654495055470592,neutral,0.4922415229393677
1469654499618918404,negative,7.513104861093461e-05
1469654499891597321,negative,0.003235394095496245
1469654501070184453,positive,0.9803770710108319
1469654503066640390,negative,0.0012992107947894618
1469654506136748033,negative,0.3141549051757067
1469654508611452931,negative,2.3362664612085148e-09
1469654509936861187,negative,0.04734362445670082
1469654510209482753,negative,0.010554549129913497
1469654512034066439,negative,0.002499375162267509
1469654513397215236,neutral,0.4922415229393677
1469654521332785165,negative,0.023467532919664236
1469654521962024965,negative,0.01647909900595279
1469654522431746051,negative,0.011663600409077836
1469654522809176064,negative,0.0014084622676654517
1469654523597799425,negative,2.600150146805283e-07
1469654526785372165,negative,0.0395807328061575
1469654534783963139,negative,2.5604110172099546e-06
1469654535773769730,negative,0.001029053378529251
1469654536742649862,negative,0.006524842872066041
1469654537266937856,neutral,0.4744541669089408
1469654537447219202,negative,0.0019809728174940036
1469654537665495046,negative,0.19882368870123687
1469654538051366918,negative,0.03179962100370678
1469654539628425228,negative,0.0011705350659215602
1469654540131655697,negative,0.001029053378529251
1469654540232404998,negative,0.011632147041300962
1469654540412669957,negative,0.0762645827157711
1469654547736178689,negative,0.006309676881377601
1469654550042841097,negative,0.05970821081991704
1469654553121468422,negative,0.0022086724472113106
1469654555789041669,negative,3.672272730676141e-05
1469654557307424772,negative,0.001029053378529251
1469654560629272578,negative,0.0005245057421773355
1469654562453786628,negative,0.22410582232856038
1469654570422910976,negative,0.04003007136604338
1469654578010497029,negative,0.12810998683903208
1469654586336202759,negative,0.2030117566988481
1469654589045673992,negative,0.001029053378529251
1469654591130292226,negative,0.0027716704005454848
1469654591205781507,negative,0.1802847429454058
1469654592124338189,negative,6.383727882603601e-14
1469654592350789632,negative,0.0001378718406081912
1469654594972225538,negative,0.00012544737751366632
1469654596607959040,negative,0.00032060774004094236
1469654599653068801,negative,8.88690742047845e-06
1469654603641851909,neutral,0.5010073413529073
1469654608888934407,negative,0.006524842872066041
1469654610776260613,negative,0.0040781736432032095
1469654612030332929,negative,0.014590353922935066
1469654614953840646,negative,0.02957918011553686
1469654615058784256,negative,0.0009237662999350526
1469654619181699079,negative,0.005137332824297965
1469654619349344258,negative,0.08198887780862589
1469654622042263553,neutral,0.3494518967987998
1469654623493537798,negative,2.3362664612085148e-09
1469654626349699072,neutral,0.45516320844390745
1469654626765250560,negative,0.3209038520205383
1469654629722079238,negative,0.08645239102687068
1469654631626297353,negative,0.17992997070502223
1469654631722717190,negative,0.007341499702908857
1469654632117022721,negative,3.62661884695835e-05
1469654632720969728,negative,0.0007330958468641895
1469654634801373184,negative,7.513104861093461e-05
1469654635170480130,negative,0.0015848776274112427
1469654640660779008,negative,0.00010206327133108365
1469654647912779783,negative,6.036809247969759e-07
1469654651020746754,negative,0.25050913950563336
1469654651083579400,negative,0.25844381437904396
1469654655714177024,neutral,0.49789225920557484
1469654656129372162,negative,7.513104861093461e-05
1469654658612355074,positive,0.8035957027416104
1469654658885033986,negative,0.03731443980288976
1469654661632335880,negative,0.0005089503300887683
1469654667307229187,negative,0.03380323036146404
1469654670301876233,neutral,0.4922415229393677
1469654671795052549,negative,0.0774830602685354
1469654674529792002,negative,0.09652973031574004
1469654675356110854,negative,7.870406551540502e-07
1469654678774366213,negative,0.16657491708767683
1469654683077779457,negative,1.6140252704050043e-05
1469654683757199363,negative,0.016141209549366407
1469654684902297601,negative,8.385910655309277e-11
1469654684998717443,negative,9.348247044108065e-10
1469654685732818944,negative,0.13265349060359746
1469654686600945665,negative,0.16657491708767683
1469654686806392832,negative,0.06578333652938091
1469654688148635652,negative,0.003966428442272445
1469654690103189508,negative,0.00943694266137828
1469654691999068164,negative,0.00010206327133108365
1469654693068611586,negative,0.004922824266878351
1469654695992086531,negative,5.756132159567666e-11
1469654696742715392,negative,3.427281689210599e-08
1469654697728524292,negative,0.25050913950563336
1469654698059730946,negative,0.0027716704005454848
1469654698802221058,neutral,0.36001742862195224
1469654701033627656,negative,0.14681698942130836
1469654703151722498,negative,1.2744641209232806e-06
1469654703378255881,negative,0.07350140977068434
1469654706431606786,negative,0.0009223570509532853
1469654707996143620,negative,0.25050913950563336
1469654709782945799,negative,0.10450126967772483
1469654714568482816,negative,0.2921345961065012
1469654720612548611,negative,0.0027716704005454848
1469654725201211394,negative,0.00018758971229964147
1469654725691953154,negative,0.19882368870123687
1469654725767446535,positive,0.9994203779760621
1469654730636943366,neutral,0.440314100973196
1469654733031755784,negative,0.0030399914658015767
1469654735322062850,negative,0.08645239102687068
1469654740908843013,negative,0.0007200086879686252
1469654742020337671,neutral,0.36398605123730765
1469654742930440196,negative,0.0056183789433709224
1469654744134266880,negative,0.23240785521433513
1469654745581334532,neutral,0.49789225920557484
1469654745954635779,negative,0.00010206327133108365
1469654748903219200,negative,0.026828216772994636
1469654749104463876,neutral,0.36001742862195224
1469654753546223620,negative,0.05767688564755435
1469654753739259906,negative,0.03187920522019715
1469654755240824836,neutral,0.48053460187524555
1469654755454636037,negative,4.188758008903644e-06
1469654755832070146,negative,0.10028519284419155
1469654756419375108,negative,0.00010206327133108365
1469654759342755842,negative,0.040882026899534796
1469654761922310153,negative,0.20219134175482742
1469654764099149826,negative,2.3362664612085148e-09
1469654765479022598,negative,0.09134166861473657
1469654766347243521,negative,0.03632846717989002
1469654768746442753,negative,0.00010204296897881573
1469654771791446019,negative,0.08645239102687068
1469654772932390916,negative,0.0021168983875378767
1469654774043889666,negative,0.008293936988917177
1469654775121817611,negative,0.0016288245371020697
1469654776224833536,negative,7.61843732045827e-05
1469654778053595137,positive,0.9323242187731662
1469654779429281792,negative,0.0002592682687298767
1469654780876369923,negative,1.3029306451757002e-05
1469654784428978178,negative,0.04952910950049663
1469654787004280841,negative,9.37167862291777e-05
1469654787390124032,negative,0.0027716704005454848
1469654790888173573,positive,0.8196703950601889
1469654791097921540,negative,0.001029053378529251
1469654791345381377,negative,0.0005572176043670611
1469654792842752002,negative,0.29849775425667674
1469654796185579521,neutral,0.512787547435145
1469654796638511110,neutral,0.512787547435145
1469654798605692929,negative,0.15654039390744948
1469654803966046215,neutral,0.4922415229393677
1469654804364509190,neutral,0.47371072416927557
1469654804888752131,neutral,0.4922415229393677
1469654806897778693,negative,7.43850965265819e-05
1469654808407814150,negative,0.06861439906844344
1469654811146604546,negative,0.014071724552495269
1469654814871199751,negative,0.1767154186593358
1469654816091607040,negative,0.19521333346239872
1469654818398552068,negative,0.017020634027181295
1469654821078773761,negative,0.07806819743029335
1469654822680940544,negative,3.603031685822866e-05
1469654822907351045,negative,0.0049952313262256205
1469654823226253312,negative,1.350456603107736e-05
1469654825218543620,negative,0.001029053378529251
1469654826111885314,negative,0.06861439906844344
1469654828032966660,negative,0.08645239102687068
1469654829907816449,negative,0.0036646097364858043
1469654832604659718,negative,0.02863214024517308
1469654835523985413,negative,0.00032685190080199253
1469654838329888777,negative,0.001433123873343038
1469654838560632834,negative,0.000627603500263163
1469654838585745411,neutral,0.4922415229393677
1469654840146112516,negative,0.0034762536088103423
1469654843665096704,negative,0.009249074277092961
1469654844210397189,negative,0.0018670020834476383
1469654848350179329,negative,0.08645239102687068
1469654849008586753,negative,0.00010206327133108365
1469654850967420928,neutral,0.42507619662732005
1469654851575500805,negative,0.0040781736432032095
1469654853240639494,negative,0.001812913335529877
1469654853341224962,neutral,0.4766795874967358
1469654854255759365,negative,0.14677383007771552
1469654857024000012,negative,0.0017959686121326692
1469654859578232834,negative,0.005700583199436618
1469654860505223174,neutral,0.3341697100883887
1469654862258397193,negative,0.0053475216874473335
1469654864414322690,negative,0.00682626175518094
1469654864703758344,negative,0.0006798476424290401
1469654864724639751,negative,0.0006481093078526398
1469654866524057600,negative,0.0012386957695892451
1469654866717024256,negative,1.0149208483399189e-05
1469654867912413185,neutral,0.4922415229393677
1469654871045513220,neutral,0.4922415229393677
1469654872266092547,negative,6.128545033545555e-07
1469654872287064071,neutral,0.519589769220795
1469654874971275265,neutral,0.5030332264438171
1469654876099694593,negative,0.2012818581753236
1469654876707770375,negative,0.15029513708155978
1469654877366325248,negative,0.25050913950563336
1469654879656415237,negative,0.018717624303463062
1469654882592473091,negative,0.06735589583656386
1469654885822078982,negative,0.006866989889466692
1469654890016382979,negative,0.25050913950563336
1469654890477666308,negative,0.0002949285263838268
1469654890880421900,negative,0.2541726641076113
1469654892323262465,neutral,0.3341697100883887
1469654895246598144,neutral,0.4922415229393677
1469654901835931651,negative,0.11589346483028763
1469654905468166151,negative,0.00010206327133108365
1469654911570919425,negative,0.001029053378529251
1469654911646326791,neutral,0.4922415229393677
1469654912451682310,negative,0.19882368870123687
1469654913806385166,negative,0.04363523599855834
1469654914410311680,negative,0.3226114395835132
1469654917824626694,neutral,0.34176971192630134
1469654920920027139,neutral,0.4922415229393677
1469654923608563712,negative,0.017117873723249074
1469654926573903877,negative,0.2816068557886371
1469654928671059968,negative,6.476331457845285e-08
1469654931967823872,negative,0.07257525875658849
1469654938821312520,negative,0.017815414683045164
1469654946064830470,negative,2.3362664612085148e-09
1469654946064838660,negative,0.00043988969499496826
1469654947377647616,negative,0.001029053378529251
1469654947897741315,negative,0.11045209888688834
1469654950217138178,negative,4.929831169886037e-13
1469654951207088136,negative,2.158673422161973e-13
1469654951299371014,negative,1.4780912254711768e-06
1469654951479623683,negative,0.014590353922935066
1469654952469536771,negative,0.00020649951832175673
1469654957259472899,negative,0.00010516585130774938
1469654958299656193,negative,0.19097236700943493
1469654961575374848,negative,1.2744641209232806e-06
1469654961814441986,negative,0.25050913950563336
1469654968063991810,negative,0.04358880525460551
1469654969255174151,neutral,0.3441877553689745
1469654970706374663,negative,0.021064648568930925
1469654976163110912,negative,0.003018609965157969
1469654977064931329,negative,0.00010206327133108365
1469654982152622083,negative,0.0660161634869282
1469654986544013318,negative,3.7416950528668666e-08
1469654986967724037,neutral,0.34533447752142954
1469654989232652294,negative,0.062403371835180944
1469654993636667400,negative,0.02187448997280475
1469654994983198725,negative,1.9327689831628164e-05
1469654995079413761,negative,0.001029053378529251
1469654997805764609,negative,0.0004357016697578898
1469655002662588416,negative,0.00023659480621864408
1469655007599411201,neutral,0.3438159948065724
1469655010388717570,negative,0.22039027350915785
1469655013731491846,negative,2.685459365949146e-10
1469655014746599424,negative,0.001029053378529251
1469655016839462915,negative,1.5814366025439857e-12
1469655024791961612,negative,0.30525277697416625
1469655029158232071,negative,0.143357076735068
1469655029590200322,neutral,0.5099977156547769
1469655030806548483,negative,0.22614349857892527
1469655031334977546,negative,0.0002903497485915816
1469655033063030787,negative,0.0013081036714742678
1469655033788735489,neutral,0.49789225920557484
1469655034937937927,positive,0.7612083316389426
1469655038272360450,negative,0.017751927260378234
1469655040352825345,negative,0.0001518154589018033
1469655040407318529,negative,0.0003829631587563787
1469655040692568072,negative,0.02706049027466669
1469655041074208785,neutral,0.4922415229393677
1469655041606889476,negative,4.471639565154585e-07
1469655043376914439,negative,0.006792374061926646
1469655046686220288,negative,0.00015456123714264919
1469655047726407685,neutral,0.4922415229393677
1469655048804311046,negative,0.21257030680255992
1469655052633714690,negative,0.275006479867569
1469655052822458375,negative,4.975062374548009e-13
1469655053774557189,negative,2.3362664612085148e-09
1469655056995831809,neutral,0.4744541669089408
1469655057004052480,negative,0.21445160162894483
1469655057025179648,negative,0.001029053378529251
1469655057973059588,negative,0.00010206327133108365
1469655058056888328,negative,0.0023457131081255802
1469655059352981507,negative,0.25050913950563336
1469655061047431170,negative,0.001029053378529251
1469655064918872067,negative,0.0374974948539233
1469655068110733320,negative,0.0018364825993477803
1469655069788418053,neutral,0.4922415229393677
1469655070560063489,negative,0.006524842872066041
1469655072573382666,negative,0.0056183789433709224
1469655072959348739,negative,0.0030399914658015767
1469655075920482309,negative,0.001029053378529251
1469655076880977924,negative,0.0030399914658015767
1469655077690433537,negative,0.007341499702908857
1469655081905700865,negative,6.184012466592815e-07
1469655081968668680,negative,0.013300335710292018
1469655082832650247,negative,0.13784836882602458
1469655084036468750,negative,0.0019454366125203368
1469655084686581763,negative,0.011370950514205965
1469655085957402630,negative,0.0027716704005454848
1469655086595026951,neutral,0.5652144012458306
1469655087219937282,negative,0.0004692993977281612
1469655087576502276,positive,0.9224552171670162
1469655089241628676,neutral,0.48053460187524555
1469655092261531650,negative,0.0017959686121326692
1469655094278987782,negative,0.00010206327133108365
1469655098083135488,negative,6.3400040504484e-08
1469655098087424006,negative,0.09676185635209357
1469655098888536073,neutral,0.36001742862195224
1469655099995738114,negative,0.13790610695580122
1469655100197163013,neutral,0.5273166212311818
1469655108799578121,negative,0.0009234384382147756
1469655109235838976,negative,0.1380048902934571
1469655109839859719,negative,0.21139109066500397
1469655121302900742,negative,0.12645830254053617
1469655123781734403,negative,6.200224221998621e-05
1469655134493937669,negative,0.12601041680439568
1469655134493945859,neutral,0.5731809567998709
1469655134800121863,negative,3.1909171040638155e-06
1469655135102062596,negative,0.00010206327133108365
1469655138898001929,negative,0.0049952313262256205
1469655139069964289,negative,0.24175697677489016
1469655141813002242,negative,0.18842315298541884
1469655143817920515,negative,0.04978692601377512
1469655144027594752,negative,0.000272308870244014
1469655144493195267,negative,2.538964762559413e-05
1469655145290022916,negative,0.0009124219198845328
1469655147932495876,neutral,0.4922415229393677
1469655150444912645,neutral,0.6086658957630591
1469655150927167495,negative,0.02741315838269539
1469655150981570561,negative,0.02023042807926291
1469655151191461894,negative,1.8053714358406631e-07
1469655153066270722,negative,0.12299890500205937
1469655153078898693,negative,0.015770144970442043
1469655153280266246,neutral,0.4744541669089408
1469655157348745217,negative,0.0027774093096840768
1469655157759688712,negative,0.001029053378529251
1469655161345921025,negative,7.892017693034999e-08
1469655163929612289,negative,0.06114081753695466
1469655165963845634,negative,0.25050913950563336
1469655166194442251,negative,0.00010206327133108365
1469655168849522698,negative,2.3362664612085148e-09
1469655169504006147,negative,0.04300971808026838
1469655169667321856,negative,0.0001630048519472093
1469655171026325508,negative,1.0159733553420927e-05
1469655171911364614,negative,0.0012854492896116675
1469655173702299651,negative,4.184909388688681e-05
1469655173983309836,negative,0.00295126887151611
1469655177011552259,negative,0.05970821081991704
1469655179599306753,negative,2.279002772779075e-07
1469655181285490689,neutral,0.5030332264438171
1469655181948297231,negative,0.25050913950563336
1469655182178979845,neutral,0.4922415229393677
1469655182225125380,negative,3.7416950528668666e-08
1469655184691322894,neutral,0.36001742862195224
1469655190353629188,negative,4.736866921611801e-10
1469655193654546438,negative,0.00040247230923397346
1469655196703854592,positive,0.91390305739615
1469655197114945540,neutral,0.4744541669089408
1469655197903462410,positive,0.8963356686511478
1469655203062464515,negative,0.001029053378529251
1469655203834208269,neutral,0.47753244171968356
1469655204429590533,negative,0.029697841367653775
1469655207323832323,negative,0.006524842872066041
1469655210167607299,negative,0.0011705350659215602
1469655210788220928,negative,0.0027716704005454848
1469655213233561604,neutral,0.36001742862195224
1469655215334998026,negative,0.02741315838269539
1469655219374112772,negative,0.00011599024972689237
1469655219495587840,neutral,0.4766795874967358
1469655223962583046,positive,0.74576314217571
1469655224050765834,negative,0.01794923017221198
1469655224365244423,neutral,0.4922415229393677
1469655226923855875,negative,0.13127507307051997
1469655232309301258,negative,0.00024624622606874867
1469655233416597510,negative,0.043419699127225896
1469655233630453761,negative,0.014590353922935066
1469655235945709573,negative,0.05111169617626662
1469655243692687364,positive,0.9997534332827445
1469655244242100233,neutral,0.49789225920557484
1469655251204648970,neutral,0.5029516770769956
1469655252395823107,negative,0.007927013547115737
1469655253503070217,negative,5.879086942968645e-06
1469655256590163975,negative,0.07273326686149985
1469655256669818884,negative,0.002391879961753746
1469655257672204296,negative,0.22039027350915785
1469655258053947394,negative,0.015154909132241698
1469655259605839874,positive,0.9997534332827445
1469655262046957574,neutral,0.47371072416927557
1469655263019876352,neutral,0.45516320844390745
1469655264831754245,negative,0.11004481936092278
1469655267830902788,positive,0.9323242187731662
1469655270913712130,neutral,0.4922415229393677
1469655271282724868,neutral,0.36001742862195224
1469655273518161922,negative,0.003020166833699011
1469655275317649408,neutral,0.5799898539692963
1469655277150646275,negative,0.2875460286090516
1469655278337540098,negative,0.0027716704005454848
1469655281915338753,negative,0.0027716704005454848
1469655282158608411,negative,0.05322956304136284
1469655282213134340,negative,0.2766676894196998
1469655282754195456,negative,0.05970821081991704
1469655287892119553,negative,0.01842616587512007
1469655288005509127,negative,0.00303078159218024
1469655288282288129,negative,2.8528904091842683e-05
1469655290199310338,negative,1.3188553578204916e-05
1469655290245226501,negative,0.00012778010755870784
1469655291843457026,negative,0.02545445313493427
1469655292866617344,negative,0.00010206327133108365
1469655294405922816,negative,0.0011499163695952905
1469655297270636547,negative,0.03292670978784424
1469655300160507908,negative,0.22039027350915785
1469655300504498177,negative,0.0008129247640432772
1469655301498580998,negative,0.00010206327133108365
1469655302274531340,neutral,0.34006476824146464
1469655304874958848,negative,0.1201204958408628
1469655304942108675,negative,0.006524842872066041
1469655305332088837,negative,0.0074582385362484864
1469655305453813765,negative,2.0864275043015434e-05
1469655306292633602,negative,6.128545033545555e-07
1469655307206942722,neutral,0.3441877553689745
1469655311757815812,negative,1.3823044280491879e-05
1469655312382799874,negative,0.0026380648524405577
1469655312437166085,negative,0.09291933278784459
1469655313418698759,negative,0.0012521448192111
1469655314148569088,negative,8.88690742047845e-06
1469655316765757444,negative,0.3040931683569463
1469655320792289283,negative,0.0004692993977281612
1469655321044033540,negative,0.0029393255521181264
1469655322155442183,negative,2.8585857974862184e-09
1469655326504931337,negative,0.003908944706213048
1469655328451141645,negative,7.019160392289698e-11
1469655330317606922,negative,0.05298981317316947
1469655334973108228,negative,0.2617031760828936
1469655335346622467,negative,1.7775211470039072e-07
1469655336709758977,negative,0.06911232119268233
1469655337070379016,negative,0.15029513708155978
1469655345035456513,neutral,0.5089850057697459
1469655345912066052,negative,0.001029053378529251
1469655346423685137,neutral,0.5729889921689976
1469655350949339139,negative,0.007632313995226272
1469655351607926788,negative,0.004513670205865405
1469655357551259652,negative,0.00010206327133108365
1469655367290392587,negative,0.22648888647153445
1469655368041127940,negative,5.859184296819071e-09
1469655371300184065,negative,0.1232223992632301
1469655372453535744,neutral,0.4922415229393677
1469655373976113156,negative,0.0007084309276060232
1469655374127144963,negative,0.08645239102687068
1469655374345248773,negative,0.00035540109384045053
1469655374454312961,negative,0.20219134175482742
1469655376639533056,neutral,0.4922415229393677
1469655377369255950,negative,0.00011282809416689288
1469655378082385924,negative,0.2645161131142331
1469655378237534215,negative,2.0545664650833845e-09
1469655378375884801,negative,0.011435740407692423
1469655379516657665,neutral,0.46363883105777215
1469655381601406979,negative,2.2119793497858422e-15
1469655382096293893,negative,0.030602573929088713
1469655382196948997,negative,1.293341247186162e-10
1469655383853740040,negative,0.08445649147655683
1469655384956841985,neutral,0.49789225920557484
1469655385829253125,negative,2.3362664612085148e-09
1469655386273857538,negative,0.25050913950563336
1469655388849115140,negative,0.006272658871536804
1469655389809655820,negative,1.0738672752307228e-15
1469655390228987905,neutral,0.39300210703966376
1469655390690455555,negative,0.05970821081991704
1469655392334581766,neutral,0.4086473593863719
1469655392753963011,negative,0.0086057562519712
1469655396109324288,negative,8.322746168498325e-09
1469655398525415430,negative,2.6950020024796984e-06
1469655399078969349,negative,0.001029053378529251
1469655403311120388,neutral,0.3341697100883887
1469655407434117132,neutral,0.4445315180915544
1469655411594866690,negative,0.07287382415950572
1469655411670216705,neutral,0.41152249528120277
1469655412081414147,negative,0.00029560035214204217
1469655416044990470,negative,0.000593850744523868
1469655417701683202,negative,0.041647757891438035
1469655419186470924,negative,0.001029053378529251
1469655420818137095,negative,0.25050913950563336
1469655422344712198,neutral,0.49462834073767215
1469655427134672897,negative,0.0009539669288781063
1469655427847622658,negative,0.020351456821727197
1469655428611317762,negative,0.0006825676783295887
1469655431329062914,negative,6.965328251724769e-07
1469655433304580106,negative,0.00021808623920197307
1469655433958895620,negative,2.759296797972707e-05
1469655434525122562,neutral,0.4922415229393677
1469655435120726021,negative,0.000956284923030062
1469655438639517698,negative,2.84175814941403e-06
1469655440904671238,negative,0.03369420899035316
1469655442141986819,negative,0.22039027350915785
1469655445807767552,negative,4.1786263369241304e-09
1469655447758159873,negative,0.001357048760107015
1469655448915746817,negative,0.03266582943892013
1469655449431642112,negative,0.17992997070502223
1469655451075813385,negative,0.0209432038638994
1469655451805564934,neutral,0.48053460187524555
1469655456213880832,negative,0.003700326422478044
1469655458373943296,negative,2.4795374442191895e-05
1469655460273954819,negative,0.006524842872066041
1469655461079269379,negative,0.0009469393812172121
1469655462673285120,neutral,0.49789225920557484
1469655464782749696,negative,1.9871123896522118e-09
1469655469530746881,negative,0.0030399914658015767
1469655472873607177,negative,0.08617286636547172
1469655474966515719,negative,3.1828062553337585e-05
1469655475415392260,negative,0.00010206327133108365
1469655475583082501,neutral,0.49789225920557484
1469655485586489348,negative,0.25050913950563336
1469655486450614276,negative,2.3362664612085148e-09
1469655487243329541,positive,0.9325008241894954
1469655487474020354,negative,0.01488859150888059
1469655489873068033,negative,2.7170499324902256e-05
1469655492020473859,positive,0.7596663566456061
1469655494209986562,negative,0.00010939384726736381
1469655494461517831,negative,0.0762645827157711
1469655497691308032,negative,0.11405115261821841
1469655499469725702,negative,0.007327896770011628
1469655499960471555,neutral,0.3441877553689745
1469655500316938242,neutral,0.4922415229393677
1469655502061805574,negative,0.006309676881377601
1469655502560841728,negative,0.03266582943892013
1469655509225594884,neutral,0.36001742862195224
1469655512790798339,negative,0.004513670205865405
1469655515009622016,negative,0.14197962380985676
1469655519954706434,negative,0.00010206327133108365
1469655520856481793,negative,0.004427479637468607
1469655522257293315,positive,0.9997534332827445
1469655522332839949,negative,0.0056183789433709224
1469655525033918466,negative,0.0027977342612222093
1469655525486841856,neutral,0.394870303505442
1469655527944826883,negative,0.0011347304569916778
1469655528024551425,negative,0.18941762091754435
1469655528515289099,negative,5.4791938097760736e-08
1469655528603275268,negative,3.1900060713332804e-06
1469655529362538500,negative,0.08645239102687068
1469655535037427712,positive,0.6652378902589224
1469655537470128130,negative,0.25050913950563336
1469655540053598214,negative,0.00012307736065659335
1469655540297089025,negative,3.4726384259678507e-07
1469655541811232777,positive,0.91390305739615
1469655542905950211,neutral,0.33389199746562315
1469655545170825220,negative,0.046965795641437234
1469655545237880839,negative,0.006524842872066041
1469655547091824640,negative,0.001029053378529251
1469655548555669506,negative,0.08931483582368684
1469655551793680394,neutral,0.3460115390229113
1469655561679605760,negative,0.00010206327133108365
1469655561738326019,negative,1.2744641209232806e-06
1469655562237452289,negative,0.000273046410154122
1469655565857173513,negative,0.023668167759651738
1469655571272028165,negative,0.062403371835180944
1469655573566312448,negative,0.21657950789980712
1469655577064267779,negative,0.25050913950563336
1469655579400585225,negative,0.006524842872066041
1469655580449067012,negative,2.49487072242121e-08
1469655581640339462,negative,0.04901262221798201
1469655581858451464,negative,8.88690742047845e-06
1469655582827233284,negative,0.009497552500856819
1469655585448771589,neutral,0.49789225920557484
1469655586325286917,negative,0.00011117491787392853
1469655588325920774,negative,0.0025463914357724206
1469655590821675011,neutral,0.3441877553689745
1469655593644294144,negative,0.0002889141229381524
1469655593837342722,negative,0.0001499845872448113
1469655597226373126,negative,0.00010206327133108365
1469655602645417996,negative,0.09198097821380037
1469655603232620554,negative,0.32585417134255334
1469655605547782149,negative,5.488847053348436e-07
1469655606646743046,negative,0.001029053378529251
1469655608123080708,negative,0.08789098956218423
1469655610685890561,negative,0.11364206859122522
1469655615274463232,negative,0.26949247747927446
1469655618805981191,negative,0.005143171914773596
1469655621792325639,negative,0.001029053378529251
1469655628884811780,negative,0.022570970844164755
1469655629136543750,negative,2.6905730697609238e-05
1469655629543395328,negative,0.016141209549366407
1469655629874831362,negative,0.004922824266878351
1469655630570872836,negative,0.02336247155471572
1469655632663957509,negative,0.07982347799332076
1469655635423731720,negative,0.2617031760828936
1469655635939762176,neutral,0.49789225920557484
1469655636300517381,negative,9.792545613216917e-08
1469655645217513474,negative,0.06281014858656046
1469655646689804290,negative,2.3245707450139718e-05
1469655647847432198,neutral,0.4922415229393677
1469655648002523147,negative,0.2875460286090516
1469655650947014658,neutral,0.49789225920557484
1469655652930920455,negative,6.512525786597388e-05
1469655654918983680,neutral,0.36001742862195224
1469655656185708546,neutral,0.4922415229393677
1469655657385242625,negative,0.03798070619739034
1469655658140213249,negative,0.13127507307051997
1469655658710642688,negative,0.007341499702908857
1469655660786819073,negative,1.1848959404424343e-09
1469655662791643145,negative,0.02187448997280475
1469655663160737795,negative,0.01702526136321427
1469655664456871941,negative,0.0023995230399449143
1469655667023749126,positive,0.8362707570118398
1469655667065917441,neutral,0.49789225920557484
1469655667174789122,positive,0.9999891382244359
1469655672975417347,negative,0.001029053378529251
1469655673650745358,negative,1.4164363770458032e-09
1469655674892210179,neutral,0.4344100011858912
1469655676351823872,positive,0.7195487567089036
1469655677375295492,neutral,0.4922415229393677
1469655678583468037,negative,0.000593850744523868
1469655680227463168,negative,0.014475232314952919
1469655680743264256,negative,0.0018670020834476383
1469655682555297796,negative,3.7416950528668666e-08
1469655686338461703,negative,3.843774889441196e-06
1469655699282137094,negative,7.513104861093461e-05
1469655699605147652,negative,0.0007785220625117583
1469655700469161988,negative,0.003706115139483301
1469655700678881287,negative,0.00010206327133108365
1469655700699852807,negative,1.4977135462197236e-11
1469655702637621249,negative,1.1222596142549291e-05
1469655704025849857,negative,0.03187920522019715
1469655706324418579,negative,0.00010206327133108365
1469655706597048331,negative,0.14133255951854565
1469655707784036359,negative,0.07065249999250142
1469655708127961094,negative,0.001029053378529251
1469655712070574083,negative,0.008739013251870651
1469655712712347663,negative,0.01821428238543699
1469655714809397248,negative,0.25050913950563336
1469655714931126275,neutral,0.49789225920557484
1469655715572760583,negative,0.0027774093096840768
1469655717888016391,negative,0.15029513708155978
1469655718190059525,negative,0.0004810387769982169
1469655722816376834,positive,0.6975042756229142
1469655723202125825,negative,0.06735589583656386
1469655724628353030,negative,7.513104861093461e-05
1469655724758347781,negative,0.00645183542899365
1469655725433659397,negative,0.001029053378529251
1469655725936885770,negative,0.00860009731805984
1469655728088567808,negative,0.0018670020834476383
1469655735407726595,negative,0.02830132297100181
1469655735755751436,negative,7.513104861093461e-05
1469655736603054088,negative,1.2744641209232806e-06
1469655736703758337,negative,3.608411611305257e-05
1469655737341255683,negative,0.00682626175518094
1469655740503805967,negative,0.001029053378529251
1469655741137137668,negative,0.001029053378529251
1469655741493616640,negative,0.00034758860882930383
1469655742235824128,neutral,0.5435141239733403
1469655742646992897,positive,0.9417117471320817
1469655746333794304,negative,0.014590353922935066
1469655746350518272,negative,0.034928033446095796
1469655748699430912,negative,3.672272730676141e-05
1469655751547400201,negative,0.014720344376385542
1469655754835693568,negative,0.22222383613603594
1469655758551797762,negative,0.001029053378529251
1469655767133343744,negative,6.645809434407563e-06
1469655767359885316,negative,0.0872684810627769
1469655767888322574,negative,0.0002949285263838268
1469655768139972613,negative,0.09737186528361076
1469655770841112581,negative,8.112966092151081e-06
1469655773290668038,neutral,0.4922415229393677
1469655774322466823,neutral,0.550175896937654
1469655774993526785,negative,0.014590353922935066
1469655775010295809,negative,0.007341499702908857
1469655776935530503,neutral,0.40502315905540925
1469655784376184838,negative,0.046374795671814455
1469655792462802945,negative,0.0018364825993477803
1469655792550830080,negative,0.07012360702831716
1469655792626323460,neutral,0.45718483340691285
1469655792823390214,negative,0.011663600409077836
1469655794140467206,neutral,0.5099977156547769
1469655795797213191,negative,3.3319047024781785e-07
1469655798166999044,neutral,0.5466762574891272
1469655799396016132,negative,0.05122285118301148
1469655800041852930,negative,0.005161551209045684
1469655801631436803,neutral,0.4083500468567559
1469655801673494529,negative,2.204026553466698e-19
1469655802172612614,negative,2.907988237977211e-06
1469655803204444172,negative,0.00032685190080199253
1469655803812528138,negative,0.11259772007729427
1469655804039110662,negative,0.016141209549366407
1469655804206854148,negative,0.001029053378529251
1469655805267955716,positive,0.9997534332827445
1469655805943234566,negative,0.001029053378529251
1469655807331553287,negative,0.011663600409077836
1469655807558094857,negative,0.0027915052105641374
1469655809558827014,negative,0.19558011933134006
1469655811794378758,negative,1.2744641209232806e-06
1469655812180172802,negative,0.0026380648524405577
1469655812914221056,negative,0.1282792325240972
1469655815426654211,negative,0.0074223107037062995
1469655815795757056,negative,0.09737186528361076
1469655818379350017,positive,0.7753493415205339
1469655819285405699,negative,3.4165032991009964e-05
1469655821705527304,neutral,0.41025452133494816
1469655823056003074,negative,6.238704343997412e-07
1469655829041356801,negative,0.0001378718406081912
1469655830643552260,negative,0.2766676894196998
1469655832749092864,positive,0.9997534332827445
1469655832904282115,neutral,0.4960266327245565
1469655835316047878,negative,0.001029053378529251
1469655838365306891,negative,0.017728607922455807
1469655838419738633,negative,0.0001333595517114686
1469655842056286211,negative,0.0027774093096840768
1469655842865745925,negative,0.00010206327133108365
1469655845239767051,negative,0.09268159405131293
1469655846485434368,negative,0.001010745884953175
1469655854572052487,negative,0.00020721911508947153
1469655854634971140,negative,0.01232699556919943
1469655854781804546,negative,2.1772035818000604e-07
1469655855402471431,negative,0.0027716704005454848
1469655859722600452,negative,0.011435740407692423
1469655862021177347,negative,0.31969020716792884
1469655862872612866,negative,0.19740194901736108
1469655862948024326,negative,0.00667020652998201
1469655863094755332,negative,0.0029393255521181264
1469655864164462596,neutral,0.3341697100883887
1469655867373019147,negative,0.001029053378529251
1469655867830292480,negative,0.021180321532775093
1469655869134671873,negative,0.00010206327133108365
1469655869289897984,negative,0.06735589583656386
1469655872691396612,positive,0.9997534332827445
1469655879536553992,negative,0.19485807115817955
1469655879930810369,negative,0.00551865229170101
1469655881876967424,negative,0.20771934817642312
1469655881944125441,negative,0.014720344376385542
1469655882292150276,negative,0.00010206327133108365
1469655888336015361,negative,0.14183618724721955
1469655889971978240,negative,0.00034545142264296277
1469655890408128525,negative,0.24203787543157868
1469655890697625600,negative,0.0017752422325382424
1469655892354342913,negative,4.184909388688681e-05
1469655893734264837,negative,2.4433965295745017e-12
1469655904723378176,negative,1.8362203200586891e-06
1469655905155395593,negative,3.914280698711738e-06
1469655907730612225,neutral,0.4922415229393677
1469655908116570118,neutral,0.4922415229393677
1469655909685252096,negative,5.8016914169464664e-05
1469655913430761472,negative,2.4565115781691393e-05
1469655914357694467,neutral,0.49789225920557484
1469655919927734279,negative,0.01044704266990719
1469655921047617545,positive,0.7894759554943934
1469655921592782849,positive,0.7160780628445104
1469655922289041410,neutral,0.4922415229393677
1469655926508503040,negative,0.00038086184659856
1469655927372533760,negative,0.021404837757017195
1469655929817866250,neutral,0.4922415229393677
1469655930904133636,negative,0.21972501749602005
1469655931063578628,negative,0.18663728944567426
1469655931462074368,negative,0.14016022385306948
1469655936260263938,negative,0.2223494575201973
1469655937250213888,negative,0.0018105813233158404
1469655937648496644,negative,0.00010516585130774938
1469655937719971840,negative,0.014720344376385542
1469655942283284485,negative,0.001029053378529251
1469655942790852614,negative,0.00645183542899365
1469655944795729923,positive,0.7568796095996031
1469655945819140097,negative,0.20267163435046312
1469655946729295873,negative,0.018119245534147437
1469655947005939715,negative,0.001117827891804213
1469655947098435588,negative,0.01396555224626458
1469655949480808449,negative,0.001029053378529251
1469655957315665920,negative,0.0026380648524405577
1469655957768916992,neutral,0.47262041118231546
1469655959203164160,negative,3.08853413783212e-08
1469655960742514690,negative,0.006118061403405386
1469655962600546305,neutral,0.4922415229393677
1469655965871927298,negative,0.19882368870123687
1469655965934960640,neutral,0.45339759126175455
1469655969126883331,negative,0.004369553669887365
1469655970372591620,negative,0.0010596103433318043
1469655970980769795,negative,0.00010206327133108365
1469655971098210305,negative,1.2744641209232806e-06
1469655973199597570,negative,0.0001630048519472093
1469655974600450049,negative,0.3077845861309015
1469655974730510343,negative,0.2172942575339395
1469655981676273664,negative,0.00011282809416689288
1469655990228426755,negative,0.00010926525069070072
1469655995525877769,negative,2.7650299517717858e-11
1469655995773296646,negative,7.878451345740243e-13
1469655999195791365,negative,0.10375080917143227
1469656000357703688,negative,0.006524842872066041
1469656000588181506,negative,0.00020649951832175673
1469656001557237771,positive,0.9323242187731662
1469656002068979713,negative,0.06692072825453863
1469656002819723266,negative,0.05298981317316947
1469656003054608387,negative,0.0037998945211348677
1469656004023435264,negative,0.0032500725246947418
1469656004098932738,negative,0.08789098956218423
1469656007014068235,negative,0.17107306426502258
1469656008733696001,negative,0.10212686548903396
1469656009190817797,negative,0.05535079875272736
1469656009211887629,negative,0.020870481194367064
1469656010658922500,negative,0.04901262221798201
1469656010713452546,negative,2.3362664612085148e-09
1469656011518750728,negative,0.06451753826346171
1469656011690631168,negative,7.758817641587518e-05
1469656017201811456,negative,1.0023602482841191e-10
1469656017348796419,negative,0.0032782805777718076
1469656018225438725,negative,0.17987970107886184
1469656020666494984,negative,1.241201755910771e-07
1469656021228564483,negative,0.000273046410154122
1469656022067335172,negative,0.03338970633438866
1469656023434772483,negative,0.27209452450894533
1469656026211401731,negative,0.01665050992209969
1469656026316435459,negative,0.006118061403405386
1469656028358877188,negative,0.003966428442272445
1469656029503889413,negative,2.6905730697609238e-05
1469656035908628480,negative,0.08532024667458886
1469656038576164866,negative,0.0024625234606142827
1469656039918297091,negative,0.005221660455396511
1469656041155616776,negative,0.01998970750623326
1469656041747103752,positive,0.9994203779760621
1469656047250022412,negative,0.09291933278784459
1469656047459573760,negative,0.07794714400610833
1469656047816253442,negative,0.001029053378529251
1469656048407560192,negative,0.0762645827157711
1469656049284227074,negative,0.008172561614639662
1469656051066839041,negative,0.00010206327133108365
1469656051092008980,negative,0.22039027350915785
1469656058281009154,negative,1.78058617227534e-09
1469656059476430852,negative,0.0011705350659215602
1469656062349430787,negative,0.1679900752435623
1469656066178920462,negative,0.2937955226720581
1469656069022617608,negative,0.19773657398866407
1469656070796849153,negative,2.4758901001960007e-09
1469656076954091524,neutral,0.43734945947829396
1469656077721645063,negative,0.05970821081991704
1469656078359183361,negative,0.0001122087889376989
1469656078665269251,negative,0.04952910950049663
1469656080347238410,negative,0.1131042853169036
1469656083744571393,negative,0.003374184983965385
1469656084323442691,negative,0.04697097926219072
1469656085141372941,negative,0.0027774093096840768
1469656087821443072,negative,0.13481601775104513
1469656088224014339,negative,0.0023457131081255802
1469656089813733379,neutral,0.35030193033772783
1469656091143331847,negative,0.14133255951854565
1469656094687571968,negative,0.03798070619739034
1469656101452926976,neutral,0.3403391890910929
1469656102468005894,negative,2.3856229905252326e-08
1469656105093578753,negative,0.00010206327133108365
1469656105680781313,negative,0.2875460286090516
1469656105777348609,negative,0.00010206327133108365
1469656106460860416,neutral,0.36735591573300125
1469656111645081605,negative,0.0395807328061575
1469656114635681801,negative,5.226360824987787e-05
1469656114694393861,negative,0.007341499702908857
1469656114899951619,negative,0.003966428442272445
1469656121153572864,negative,0.014590353922935066
1469656121958936578,negative,0.003352438731571749
1469656122852352011,positive,0.9997534332827445
1469656123640893440,negative,0.0002772940106149392
1469656128321634304,negative,0.030671475248617745
1469656129256898561,negative,0.29761571709333384
1469656130578231296,negative,0.00021973733334589737
1469656131870117893,negative,0.0013430394511942416
1469656133921124354,negative,0.0016341002458922498
1469656134344712195,negative,0.1074045172077856
1469656134361522179,negative,3.7416950528668666e-08
1469656138224439297,negative,0.10322949015887671
1469656138841047040,negative,0.010387320919297564
1469656144423522308,negative,0.06578333652938091
1469656144562073604,negative,0.09248833688898632
1469656144771792903,negative,0.0027716704005454848
1469656146373918720,neutral,0.4507454498615163
1469656149872070660,negative,7.857829517408103e-11
1469656149888843779,negative,3.591365971405251e-05
1469656150207610886,negative,1.0149208483399189e-05
1469656150832566273,negative,0.05970821081991704
1469656151834955779,negative,0.045847443355812034
1469656152090677248,negative,3.7416950528668666e-08
1469656154548711432,neutral,0.5030937311501755
1469656156805255175,negative,1.4164363770458032e-09
1469656158902358017,negative,8.88690742047845e-06
1469656159695122437,negative,0.012910917863269082
1469656160575926277,negative,0.275006479867569
1469656161548963847,positive,0.8743898854129666
1469656162329104386,negative,0.0008176538246412739
1469656163780370434,neutral,0.4922415229393677
1469656164929622016,negative,7.755994048263166e-07
1469656165009211393,negative,0.012090576280189164
1469656165932056581,negative,3.621917011531678e-11
1469656168809308165,negative,0.003966428442272445
1469656172747804673,negative,0.0022965169298918677
1469656175675428864,negative,0.19962291957049855
1469656176795267074,positive,0.9803770710108319
1469656176950497293,neutral,0.46046553050091715
1469656177269256192,negative,0.03333022862008404
1469656178905038850,neutral,0.3441877553689745
1469656179605446657,negative,0.26243606678970377
1469656181945913358,negative,0.1495644745449577
1469656186999951369,neutral,0.4922415229393677
1469656188015058950,negative,0.0001333595517114686
1469656188598030341,negative,0.19279312021770628
1469656189004926976,negative,0.010573992973899143
1469656189562667010,negative,0.006524842872066041
1469656190040915968,negative,0.001029053378529251
1469656191869591555,neutral,0.4922415229393677
1469656194855972864,negative,0.025693322926915115
1469656195443138568,negative,0.013434540269633328
1469656196470624259,negative,5.405484549587069e-06
1469656199624896514,negative,0.00010206327133108365
1469656199771656193,negative,0.005143171914773596
1469656200404897802,negative,0.008172561614639662
1469656203483619329,negative,0.0018670020834476383
1469656204133773318,negative,0.013562543788196045
1469656204905529348,negative,0.02956721948971993
1469656207287885825,negative,0.021645254015535083
1469656209183723521,neutral,0.3441877553689745
1469656209246539787,negative,2.6746630932117926e-05
1469656210051842049,neutral,0.4922415229393677
1469656214623723525,negative,2.3362664612085148e-09
1469656218113396739,negative,0.002567348121546548
1469656218130022405,neutral,0.5273166212311818
1469656224081846272,negative,0.010317105881375386
1469656228263600131,negative,0.10286715689265788
1469656228951470085,neutral,0.3695485444773274
1469656229832282120,negative,0.0709853889464455
1469656235427381252,negative,0.02035049447541923
1469656235960160257,neutral,0.4922415229393677
1469656241425289223,negative,3.099277571638426e-16
1469656241962110976,negative,0.006474948473623518
1469656243371491328,negative,0.022792179459334184
1469656246802436102,negative,8.88690742047845e-06
1469656247196659719,negative,0.001029053378529251
1469656247976747015,negative,0.062403371835180944
1469656251021905920,negative,0.04156027876840083
1469656254234648577,negative,0.011432224206113584
1469656255635599364,negative,0.014475232314952919
1469656256067559425,negative,1.1059730374583338e-05
1469656256679927808,negative,0.3040931683569463
1469656257506287618,neutral,0.49789225920557484
1469656261281124354,neutral,0.4922415229393677
1469656263000825858,negative,0.2730813563317784
1469656266301751306,positive,0.9323242187731662
1469656268101111820,negative,0.014720344376385542
1469656268440838150,negative,0.03364706293571553
1469656270466691078,negative,0.00010206327133108365
1469656273029373955,negative,0.10329046548679353
1469656276753866752,negative,0.00038086184659856
1469656278280675337,negative,0.023938985461718416
1469656279425687555,negative,0.006924404199517435
1469656280784687105,negative,0.0001378718406081912
1469656281610797056,negative,3.646525488648993e-10
1469656284425240578,negative,0.00027586365910084833
1469656286245621765,negative,0.0027875733384367645
1469656286539264001,negative,0.02187448997280475
1469656286669193229,negative,0.15029513708155978
1469656286866329604,negative,0.004582926495838547
1469656287357120514,neutral,0.4442783329966993
1469656288242057221,negative,0.005321220536635103
1469656290217676806,negative,0.06458318019418001
1469656291803123717,negative,0.15647333584364925
1469656292214153216,negative,7.208139552972624e-08
1469656293531176967,negative,0.022181840526841246
1469656300845944839,neutral,0.5115124619994961
1469656301005377537,negative,2.3362664612085148e-09
1469656302083264519,negative,0.00010206327133108365
1469656302494404621,negative,0.0065455665872457235
1469656303232425990,negative,0.0030399914658015767
1469656304327221255,negative,0.011944818175001247
1469656305677881351,negative,0.014112813047033929
1469656306852245504,negative,0.08645239102687068
1469656311847702531,negative,0.00016254543093569844
1469656314297131011,neutral,0.6034130691460076
1469656314330509313,negative,6.983624137976604e-07
1469656314796199942,negative,0.05970821081991704
1469656319397400583,negative,0.0027774093096840768
1469656324422123524,negative,0.0056183789433709224
1469656333955776512,negative,0.006524842872066041
1469656339236413440,negative,0.0006309282021984955
1469656343074197504,negative,0.0002686345500458817
1469656343959199744,positive,0.8196703950601889
1469656345292984327,negative,2.495803188825006e-07
1469656348233285632,negative,0.001029053378529251
1469656350233968640,negative,0.0010384440564727066
1469656350271623170,negative,0.034928033446095796
1469656352226217985,negative,0.018310381473578437
1469656353069273090,neutral,0.36001742862195224
1469656353845170178,negative,0.00010206327133108365
1469656354457591815,negative,0.00018592792241320052
1469656359323205637,neutral,0.4143856101811453
1469656361269141506,negative,3.672272730676141e-05
1469656367178960899,negative,0.005700583199436618
1469656367355080718,negative,0.0003586554258601962
1469656373436854277,neutral,0.5161431266571089
1469656374753824773,negative,0.02545445313493427
1469656379753443329,negative,0.00041332173351886015
1469656381200424970,negative,2.279002772779075e-07
1469656388095856643,negative,0.03732319143413162
1469656391715545090,negative,0.00024167737451402722
1469656392789278721,negative,0.09216358567467486
1469656395784011785,negative,8.00232951192377e-05
1469656397507870723,negative,0.0018976878486880995
1469656397650575363,negative,2.3362664612085148e-09
1469656399751880704,negative,0.0979776066625388
1469656401685495814,negative,0.00013642514878683474
1469656401786068992,negative,0.02863214024517308
1469656402612346888,neutral,0.46376495724857586
1469656407637172228,negative,0.05047165494011114
1469656409210073088,negative,0.21000343813913533
1469656411034595332,negative,0.25050913950563336
1469656412607467525,negative,0.00037865979425955894
1469656414217977858,negative,0.3116361163679863
1469656416650674182,negative,0.208383320394789
1469656417191796740,negative,0.010267723816830741
1469656419234418689,negative,0.0003188959655103126
1469656420085862401,negative,0.00010206327133108365
1469656420949835780,negative,0.00010206327133108365
1469656422447263747,negative,2.0459956413085912e-07
1469656422845665281,neutral,0.3441877553689745
1469656425261580293,negative,0.012910917863269082
1469656427996319744,negative,0.0056183789433709224
1469656437538316296,negative,2.133756407564847e-06
1469656437798445059,neutral,0.4922415229393677
1469656438184325128,negative,3.1207764942269945e-08
1469656439257980933,negative,0.029638050151877992
1469656441195831301,negative,0.024801673461847248
1469656442512805895,negative,0.0030399914658015767
1469656443389460483,negative,0.09134166861473657
1469656445906038789,neutral,0.4898631585877994
1469656446723928066,neutral,0.4922415229393677
1469656447126544386,negative,0.00010206327133108365
1469656448976265220,negative,5.370047029791112e-09
1469656449479430147,negative,0.22039027350915785
1469656449815138305,negative,0.0012854492896116675
1469656452814020610,negative,0.0026734523838568775
1469656453174775810,negative,0.001029053378529251
1469656454462386178,negative,0.01241013327495932
1469656455984861189,negative,0.0033304256637609964
1469656458409168904,negative,0.004922824266878351
1469656461651419137,negative,0.0014962209399227919
1469656464654581761,negative,0.00010206327133108365
1469656465443065864,negative,0.25050913950563336
1469656465560510464,positive,0.9997534332827445
1469656465749196803,negative,0.02545445313493427
1469656469872197640,negative,0.07261945153192984
1469656469985697796,neutral,0.49789225920557484
1469656470115528705,negative,1.2744641209232806e-06
1469656472711798788,positive,0.7073029401745645
1469656473030606850,positive,0.9416015429053487
1469656474687315969,negative,0.0590273603329134
1469656479565291525,positive,0.9249627791806834
1469656480236257282,negative,0.006165859557145584
1469656480882307072,negative,9.098697738197727e-05
1469656480932581377,negative,0.0015117707207727268
1469656481117048832,negative,0.0988846566915552
1469656482845274115,negative,0.00010206327133108365
1469656485110108163,neutral,0.4922415229393677
1469656485177303040,negative,0.00016466074913137912
1469656486464868352,negative,0.2492915028447242
1469656488125902852,negative,0.00010206327133108365
1469656488272883714,negative,0.11984783886269976
1469656491531685894,negative,5.8280508605695826e-05
1469656494815825922,negative,0.00014309655900869987
1469656494979354624,negative,0.024491622974303018
1469656501962821634,negative,0.0027774093096840768
1469656504563290128,negative,0.05679286960252741
1469656505884549124,negative,0.00010206327133108365
1469656506320699393,neutral,0.4922415229393677
1469656507100934151,negative,0.19097236700943493
1469656507839127555,negative,2.3362664612085148e-09
1469656508946333698,negative,0.0009020090624445193
1469656509697171464,negative,0.003385940854521378
1469656510141710338,neutral,0.5569623031814571
1469656510619963393,negative,1.660803233331569e-05
1469656511723061260,negative,0.001029053378529251
1469656512389857280,negative,0.00018408258305850517
1469656514319237132,negative,0.013882605190798482
1469656514830946306,neutral,0.49789225920557484
1469656515703414789,negative,0.0001333595517114686
1469656517716627457,negative,0.001029053378529251
1469656520224825348,negative,0.2549476171817166
1469656522401669124,neutral,0.5026136864836971
1469656525807538178,negative,1.2592198720044779e-06
1469656530538672130,negative,0.005137332824297965
1469656533248229381,negative,0.00011110514400561494
1469656534779052034,negative,0.0018670020834476383
1469656534846160899,negative,0.1802847429454058
1469656536700096512,positive,0.9997534332827445
1469656548632940545,negative,1.1758760255262587e-07
1469656561815539718,negative,0.005143171914773596
1469656570820800513,negative,0.0009053719703446738
1469656584355819528,negative,0.2669663485752665
1469656593990041605,negative,0.09605478766951261
1469656599572713480,negative,0.000593850744523868
1469656604299644930,negative,0.2766676894196998
1469656604333199365,negative,0.057078491338045635
1469656615917920257,negative,0.0023011918931903604
1469656632246292482,positive,0.9869482781008249
1469656635891228679,negative,3.833493201102733e-06
1469656641012441092,positive,0.9803770710108319
1469656669198196740,neutral,0.564936372050657
1469656670460649475,negative,0.003208043932217724
1469656673623187458,neutral,0.4922415229393677
1469656675586129924,negative,0.06347149854409985
1469656683941085195,negative,0.08631124924399226
1469656686688407561,negative,0.13681271722457544
1469656690253615117,negative,0.007341499702908857
1469656692984098818,negative,0.050185133007386556
1469656694850531335,negative,0.062226038773302246
1469656696129671179,negative,0.13738334551587256
1469656696662286336,negative,0.0022965169298918677
1469656701427138562,negative,2.4448741766620107e-09
1469656703562141696,neutral,0.47371072416927557
1469656704140914690,negative,0.24631048298736682
1469656713934647304,negative,0.0762645827157711
1469656718451912713,negative,0.028471368995045734
1469656718779072519,negative,0.2148559004768075
1469656725984849920,neutral,0.47753244171968356
1469656729621524481,negative,0.0005035806072561927
1469656731835850758,negative,0.30948774542578333
1469656734885199884,neutral,0.46127768308170247
1469656735069749248,negative,0.0012545592279363227
1469656738592923653,negative,0.0027716704005454848
1469656745442222081,negative,2.3362664612085148e-09
1469656749510701061,negative,1.0850276996684473e-05
1469656756129251330,negative,0.2766676894196998
1469656758822092808,negative,0.0010098673696479475
1469656761208561669,positive,0.7188134568286274
1469656765520388097,negative,0.0074582385362484864
1469656770863943682,negative,2.3362664612085148e-09
1469656792477093888,neutral,0.6201340811778204
1469656792988856323,negative,0.001887498555577232
1469656793861210114,negative,0.00010558133634899112
1469656797279567882,negative,0.21257030680255992
1469656801796833286,neutral,0.5199964428602109
1469656806536450054,negative,3.4299971690140284e-09
1469656807396327434,negative,0.14016022385306948
1469656809266950147,neutral,0.40502315905540925
1469656812987334660,negative,6.205766125053063e-06
1469656823238213634,negative,0.00013737523023782955
1469656842615902213,negative,0.22039027350915785
1469656843400237056,negative,0.001812913335529877
1469656847355424773,neutral,0.48061219287488127
1469656856163409922,negative,0.20019317360281197
1469656856465453066,negative,0.2913841583527543
1469656859774754820,negative,0.003966428442272445
1469656864023584780,neutral,0.49789225920557484
1469656866812743686,negative,1.5895871510444494e-06
1469656868511436802,negative,0.019034253452047917
1469656885116686336,neutral,0.567029157726189
1469656889004896263,negative,0.013338211015823725
1469656893631127558,negative,0.0762645827157711
1469656894277050370,negative,0.014590353922935066
1469656928414580736,negative,0.1587745765405946
1469656931048566787,negative,0.014850775268965832
1469656943933497348,negative,0.0422024394101995
1469656944080130049,neutral,0.3916192645537074
1469656946240368648,negative,0.04771621875386925
1469656946902982660,negative,3.936092156575955e-05
1469656949503442953,negative,0.08331281893341447
1469656965857136645,negative,0.0036113100255597
1469656966221996033,negative,0.25050913950563336
1469656971695599618,negative,0.29376395079087697
1469656979274620930,negative,0.0004197529346306514
1469656991261990914,negative,0.0001378718406081912
1469656997880545289,positive,0.9927187932816984
1469656998119673859,negative,0.0001378718406081912
1469657000430739466,negative,0.275006479867569
1469657000447553539,negative,0.22926451946998233
1469657002779586562,negative,0.062095148594361764
1469657004276916234,negative,0.22039027350915785
1469657007544143873,negative,0.00035927074801660153
1469657016935268355,negative,0.051814067766717015
1469657029870563328,negative,5.2892095965721614e-08
1469657032508780546,negative,0.06735589583656386
1469657033465020417,negative,0.18652869196170796
1469657038384943109,negative,0.008172561614639662
1469657055313158149,negative,0.29664586792394965
1469657063588515840,negative,0.00860009731805984
1469657069871681537,negative,0.016186401219445343
1469657074758000640,negative,7.75485046752428e-22
1469657075076808710,neutral,0.4744541669089408
1469657079174635523,negative,5.462831080971856e-06
1469657084417482754,negative,0.00021808623920197307
1469657084451082249,negative,3.841395144052097e-05
1469657084815974403,negative,0.22938463057409303
1469657089450594307,negative,0.32113214438057547
1469657095247220737,negative,0.014590353922935066
1469657098019643397,negative,0.25050913950563336
1469657105330282502,positive,0.7346848832928751
1469657107683229696,negative,1.2744641209232806e-06
1469657110740881409,negative,0.0762645827157711
1469657110740971525,negative,0.005143171914773596
1469657113144217607,negative,0.3116361163679863
1469657113421045765,positive,0.8035957027416104
1469657114356424710,negative,0.22176520795368623
1469657117753757697,negative,2.935971994139038e-07
1469657118395580420,positive,0.9997534332827445
1469657129397149701,negative,0.028471368995045734
1469657136552624141,negative,2.3362664612085148e-09
1469657143221624836,negative,0.13848977096857196
1469657144597307395,negative,4.545803836764526e-05
1469657144983265286,negative,6.87522351178058e-05
1469657146619043844,neutral,0.49789225920557484
1469657150800674830,negative,0.08645239102687068
1469657151559946240,negative,0.29150453131543796
1469657171038253056,negative,8.33108572405358e-06
1469657171189239808,negative,0.0025369895474733365
1469657173135437825,neutral,0.33389199746562315
1469657173689053192,negative,0.25050913950563336
1469657181322723339,negative,0.14779964637277307
1469657188104876037,negative,0.00022741388582636808
1469657192995467271,negative,0.275006479867569
1469657193628774400,negative,0.16332720300200496
1469657206119448577,negative,5.473074019195525e-05
1469657215468556295,negative,0.0010876606497394145
1469657216533811204,negative,0.0762645827157711
1469657227069902850,negative,0.07013571488648576
1469657230026891265,negative,0.00021367819140244074
1469657239292051458,negative,0.1432218495343265
1469657243507384324,negative,7.962789080046879e-05
1469657245910810631,positive,0.9325008241894954
1469657246854356995,negative,0.10602811495425844
1469657249060638728,negative,0.02187448997280475
1469657268337754116,positive,0.8455441804013862
1469657276151705602,negative,0.1122302885972182
1469657287128227840,negative,0.005161551209045684
1469657293872680963,neutral,0.4567206937441708
1469657295139311621,negative,0.0008471224652315557
1469657306623361033,negative,0.0327513758115386
1469657313724272647,negative,0.02545445313493427
1469657314366050320,negative,0.007847606792566447
1469657314554781698,negative,0.01224567771749932
1469657315951452161,negative,0.22493346794813412
1469657317327224834,negative,0.2627793028741637
1469657320451887115,negative,0.011980967136856239
1469657336344190982,negative,2.487483285317173e-06
1469657336658681858,negative,2.3362664612085148e-09
1469657337342402560,negative,0.02341292172742968
1469657353775505408,negative,0.2766676894196998
1469657360113221632,neutral,0.5533970533999424
1469657371291099136,neutral,0.41970562752004764
1469657383592943623,neutral,0.44846293211155425
1469657388340985856,negative,0.00012544737751366632
1469657388995260427,negative,0.042355500569345776
1469657389729255427,negative,0.0002592682687298767
1469657396104646660,neutral,0.49789225920557484
1469657405420183565,negative,0.02187448997280475
1469657406531592200,negative,9.22495048313485e-09
1469657416618975240,neutral,0.4922415229393677
1469657417034121222,neutral,0.6250438549103161
1469657419928244230,negative,2.3362664612085148e-09
1469657428883087365,positive,0.8346384979216709
1469657429487071232,negative,0.25050913950563336
1469657438169092101,negative,1.7899723777651947e-05
1469657441918935045,neutral,0.49789225920557484
1469657443265355784,negative,7.513104861093461e-05
1469657445316370432,negative,1.413925379408457e-05
1469657447652593669,neutral,0.4744541669089408
1469657448986255366,negative,1.1680129211871785e-08
1469657451746275331,negative,0.015154909132241698
1469657463683272711,negative,0.0001378718406081912
1469657471044173831,negative,0.014590353922935066
1469657474563252224,negative,0.21670845693637467
1469657474655571969,negative,0.0027716704005454848
1469657478308761607,negative,0.0058422216175149245
1469657480783347718,negative,0.0014084622676654517
1469657484331823107,neutral,0.4922415229393677
1469657491940257792,negative,0.0005721004499911786
1469657495685718016,negative,0.21972501749602005
1469657496423968774,negative,0.014590353922935066
1469657503550033921,negative,0.02113298303913769
1469657511628349447,negative,0.275006479867569
1469657518725029891,neutral,0.3856130594019676
1469657539906355209,negative,2.826803403420459e-06
1469657542884216834,negative,0.0635628734413934
1469657550023016452,negative,0.0056738439395232765
1469657550861660162,negative,0.0035060486966659423
1469657562131800067,negative,0.1122302885972182
1469657566309400579,neutral,0.4744541669089408
1469657570235326464,negative,0.014590353922935066
1469657577214693380,positive,0.8346384979216709
1469657589323599882,negative,0.000591618579099943
1469657600954445826,negative,0.23547448214396235
1469657606356619274,negative,0.18663728944567426
1469657608701284355,negative,0.0002592682687298767
1469657616922075141,negative,0.012640910968837304
1469657626006851584,negative,0.008172561614639662
1469657627466481669,neutral,0.49789225920557484
1469657632994738184,negative,0.014776000314096838
1469657638229225473,positive,0.8346384979216709
1469657649985765381,positive,0.8346384979216709
1469657655862038534,negative,0.09134166861473657
1469657657489469442,negative,3.2757703807521915e-07
1469657658902908928,negative,0.0001518154589018033
1469657670948999176,neutral,0.4926359844964033
1469657671896899590,positive,0.8346384979216709
1469657678158913538,neutral,0.4922415229393677
1469657679782203399,neutral,0.5407282233179245
1469657682554634248,negative,0.00017734344150141887
1469657684282691586,negative,0.11298703754215861
1469657689747767305,negative,0.04978692601377512
1469657694294491139,neutral,0.37716597900541066
1469657701261221889,negative,0.1687607818689967
1469657701995192321,negative,0.0199008215456444
1469657707414278149,negative,0.000792883305643213
1469657710283083780,negative,0.0001378718406081912
1469657713001086983,neutral,0.3341697100883887
1469657714536194051,negative,0.00029395173190068793
1469657727114702848,negative,3.1660407319882777e-07
1469657728457089025,negative,0.0762645827157711
1469657745347469315,positive,0.9927187932816984
1469657756009385989,negative,0.19201403201502368
1469657756621754368,neutral,0.4744541669089408
1469657757938855938,negative,0.038201452717506
1469657762732949507,positive,0.6625927952659754
1469657770010025984,neutral,0.49789225920557484
1469657780046995458,neutral,0.49789225920557484
1469657785566695426,negative,0.03514284767738188
1469657789224177664,neutral,0.4922415229393677
1469657790172086274,neutral,0.3341697100883887
1469657792646725645,negative,0.028972236730443378
1469657796840984576,neutral,0.4922415229393677
1469657800418672643,negative,0.20219134175482742
1469657804000612352,negative,0.010267723816830741
1469657813144190982,negative,0.0005009136275005192
1469657816399028230,negative,0.00024237024668035843
1469657835449597953,negative,0.2766676894196998
1469657841162194952,negative,0.005161551209045684
1469657841397125122,neutral,0.4922415229393677
1469657853938089986,negative,0.24975861857323964
1469657860313333762,negative,0.0001378718406081912
1469657875366694917,negative,0.007341499702908857
1469657888503353348,negative,0.000792883305643213
1469657890478706689,negative,0.008627095369376697
1469657905632886786,negative,0.0012915055635312714
1469657915770511360,negative,2.3362664612085148e-09
1469657922741276674,negative,0.13170086014568513
1469657926193369089,negative,0.0762645827157711
1469657927200165889,negative,0.009014228485788551
1469657933290090504,negative,0.001542297047305014
1469657952973848579,negative,0.29405141761690395
1469657953619824640,negative,0.004585758311637897
1469657971412160513,negative,0.0327513758115386
1469657973484146695,negative,0.05127899819507623
1469657988252188676,negative,0.000593850744523868
1469657995139297282,positive,0.9325008241894954
1469657998700302347,negative,0.000593850744523868
1469658024188985344,negative,0.0007276113866725298
1469658032363737088,negative,0.18663728944567426
1469658034926403591,negative,3.478676592436306e-06
1469658039334711301,negative,0.004287021580248323
1469658043508006924,negative,0.005161551209045684
1469658046456483842,neutral,0.4393511919962615
1469658048037900300,negative,0.29948748403540976
1469658048746692612,negative,0.007967188062094082
1469658049635827714,negative,3.914280698711738e-06
1469658050596425735,negative,0.011248689747768435
1469658050755760128,negative,3.1109190828402813e-10
1469658052588617731,negative,0.003368294257341874
1469658052622266370,neutral,0.4922415229393677
1469658055814098950,negative,0.0032723571849195806
1469658059022774275,negative,0.001029053378529251
1469658060834721792,negative,0.0759435603950778
1469658062982107147,negative,0.0031355670908587477
1469658064299122690,negative,0.0017752422325382424
1469658064982888451,negative,0.0055193167374797845
1469658066056536065,negative,0.0007160902128831516
1469658066253750277,negative,0.003966428442272445
1469658070032781318,neutral,0.4094629317807474
1469658073149095939,negative,0.11405115261821841
1469658073501421575,negative,0.30615056606326163
1469658076236197891,negative,0.1280266405966346
1469658076777271300,negative,0.08123188302504127
1469658080799563781,negative,0.051814067766717015
1469658084029214725,neutral,0.4663917579447527
1469658084691824640,negative,6.4720236862836465e-09
1469658084909977607,negative,6.898840577540282e-10
1469658085287419913,neutral,0.36440385825114957
1469658087342624772,negative,0.04558793276882719
1469658088131244033,negative,0.001433123873343038
1469658088533864450,negative,0.09719487113665419
1469658090421342209,negative,0.09268159405131293
1469658090777759753,negative,0.10297541052482632
1469658093604806664,negative,0.0017752422325382424
1469658095685193733,negative,0.12975012673031322
1469658098390474753,negative,0.0005755030392677281
1469658105315221507,negative,0.09134166861473657
1469658107248840709,negative,0.13516334570333927
1469658107911577602,negative,7.326903473344331e-05
1469658108842622983,negative,0.001029053378529251
1469658109786439684,negative,0.059523626483292326
1469658111195725833,negative,0.17992997070502223
1469658111879225344,negative,0.05973564087786571
1469658113557024768,negative,0.25050913950563336
1469658114853007362,negative,0.0005755030392677281
1469658116128223233,negative,0.00880656990915478
1469658117076045826,negative,3.024771093481708e-06
1469658117088718859,negative,0.22039027350915785
1469658117181001737,positive,0.6824837810859113
1469658126387499010,negative,0.2393063369060407
1469658126890717190,negative,0.001953124833286054
1469658132196597766,negative,4.024496676264517e-09
1469658132259422213,negative,0.11405115261821841
1469658133333164036,neutral,0.36001742862195224
1469658134377422852,negative,1.7293498498853428e-06
1469658137439444993,neutral,0.5136446707795853
1469658140694229002,neutral,0.5089850057697459
1469658141860245510,negative,0.00010206327133108365
1469658142938218497,negative,0.001029053378529251
1469658143516942341,neutral,0.5089850057697459
1469658144909537288,neutral,0.49789225920557484
1469658146364923904,negative,0.023947711255686392
1469658147405111310,negative,0.14763092784187873
1469658148323659788,negative,0.0003086434464042797
1469658148785037322,negative,0.20568989136550409
1469658149288398854,negative,0.025990419579909604
1469658149896470533,negative,0.05567284204291151
1469658152241094657,negative,0.011370950514205965
1469658154824839171,negative,0.038851585104282195
1469658155143548940,negative,0.00010206327133108365
1469658155156230146,negative,6.065605455953828e-07
1469658156145856515,neutral,0.46764355068197516
1469658160076107783,neutral,0.5026136864836971
1469658160814247941,negative,0.0056183789433709224
1469658166543753218,negative,0.024491622974303018
1469658166694539271,negative,1.3104126220638631e-07
1469658173023866887,negative,1.0149208483399189e-05
1469658173070098435,negative,0.001029053378529251
1469658174164803587,negative,0.006524842872066041
1469658174399877125,neutral,0.4922415229393677
1469658175326629893,negative,0.14016022385306948
1469658176043765765,negative,0.279917726753203
1469658178723930113,negative,0.0027774093096840768
1469658182561763334,negative,0.19558011933134006
1469658182654087171,neutral,0.47371072416927557
1469658184755589129,negative,0.03530418458722392
1469658185170620418,negative,0.001115454151239237
1469658185933983752,negative,0.06645392753269055
1469658188832198658,negative,0.012910917863269082
1469658190619029506,negative,8.890059224974459e-05
1469658190656778250,negative,0.014590353922935066
1469658203512262659,negative,1.0456818556150615e-09
1469658206154674179,negative,1.2452517585728412e-07
1469658207975002118,negative,0.0045628229998173385
1469658208792948737,negative,5.239130085504811e-06
1469658208864243718,negative,0.0710811539262456
1469658209979969537,negative,1.2744641209232806e-06
1469658213486370818,neutral,0.5650350162579143
1469658215851991041,negative,5.130713899542372e-07
1469658216233590786,negative,0.001029053378529251
1469658216703348740,negative,6.647264123575213e-05
1469658219958181892,neutral,0.3441877553689745
1469658224366276608,negative,0.003586717782173367
1469658224542380032,neutral,0.4662169283079212
1469658226929012738,neutral,0.5273166212311818
1469658227499540481,negative,6.87522351178058e-05
1469658229739241478,negative,0.016141209549366407
1469658230951485443,negative,1.989787473387239e-05
1469658232385851393,negative,0.0790507909194203
1469658232906043395,negative,0.31863856991286216
1469658232977342468,negative,0.016141209549366407
1469658233514213381,positive,0.7195487567089036
1469658236601225222,negative,0.01757334793206433
1469658236810842114,negative,0.00505296375688481
1469658240594198529,negative,0.00893753962521008
1469658241944727559,negative,0.0009881538504621977
1469658243047821318,negative,0.11015621018932091
1469658243672821767,negative,0.10379923843171514
1469658245291728898,negative,8.266040059247048e-08
1469658245547626497,negative,0.03523248607256011
1469658246789177358,negative,0.0056183789433709224
1469658247636439044,negative,0.0015156360084611245
1469658248395599877,positive,0.8346384979216709
1469658249028898826,negative,6.586925296115229e-08
1469658250060738561,negative,4.938627777189254e-07
1469658251121864709,negative,0.15352201398067672
1469658251981729794,negative,0.055997542648361695
1469658256176041989,negative,0.0157305132063506
1469658259447586819,negative,0.008627095369376697
1469658263885074440,negative,0.0030399914658015767
1469658267177549828,negative,0.0056183789433709224
1469658267383214080,negative,0.24672323886690875
1469658267592896519,negative,0.011663600409077836
1469658268343615497,negative,0.00032658858242261166
1469658268691836933,negative,0.00784417699553259
1469658270252023817,negative,0.0204841022293819
1469658271682285568,negative,0.05727696746174092
1469658273863319556,neutral,0.4922415229393677
1469658278468763652,negative,0.1128447179847468
1469658278502227972,neutral,0.49789225920557484
1469658279072653317,neutral,0.48728019602140255
1469658279865421830,negative,0.001029053378529251
1469658285313867783,negative,0.003260124086737014
1469658286819586050,negative,1.7179213136162202e-05
1469658290300735488,negative,0.17362245464774875
1469658291353505795,positive,0.7131507051466411
1469658293345959940,negative,5.407267414070521e-05
1469658294717452288,negative,0.0018670020834476383
1469658296751730695,neutral,0.40502315905540925
1469658304771244035,negative,0.0018670020834476383
1469658305777782785,neutral,0.4922415229393677
1469658310370598912,negative,0.03235716167311344
1469658310773284868,negative,0.07350140977068434
1469658312190877700,negative,0.0006349708178346471
1469658313243693060,negative,0.0026380648524405577
1469658313549828097,negative,0.006006438069663445
1469658314342641667,neutral,0.49789225920557484
1469658315923808258,negative,0.00010609681339496198
1469658316213305349,negative,0.25050913950563336
1469658317731639304,negative,0.00360543808917613
1469658319237300227,neutral,0.4922415229393677
1469658320558505989,negative,0.00010206327133108365
1469658320944390149,negative,0.00233643969416803
1469658322596941825,negative,0.001029053378529251
1469658323372978179,negative,0.018119245534147437
1469658327525347331,positive,0.8346384979216709
1469658327852498944,negative,0.0027774093096840768
1469658329932783620,negative,0.25050913950563336
1469658334529830916,neutral,0.3441877553689745
1469658335674834945,neutral,0.49789225920557484
1469658343233196032,negative,0.008172561614639662
1469658343979597834,negative,0.037528320427130134
1469658347662106624,neutral,0.4922415229393677
1469658348324806662,negative,0.24672323886690875
1469658348400398340,negative,0.012090576280189164
1469658350740774916,negative,0.006118061403405386
1469658351076352006,negative,0.1282792325240972
1469658353097854976,negative,0.2408838792275945
1469658355304222722,neutral,0.3441877553689745
1469658355832700931,negative,4.462398282445417e-05
1469658356520558597,negative,0.00013518458182385144
1469658358596710403,neutral,0.4274047939449264
1469658358860898310,neutral,0.42693774172327703
1469658359859224582,negative,0.14197331626373966
1469658363940253702,negative,4.33439180630026e-05
1469658365219389442,negative,0.115484851579701
1469658367098556417,negative,0.0007891377969424759
1469658367232823302,negative,0.08189385952258954
1469658367903866884,neutral,0.5439939148028484
1469658370202292236,negative,0.0021384793801384368
1469658371313725440,negative,0.04156027876840083
1469658373058891777,negative,0.0026380648524405577
1469658374023397378,negative,3.672272730676141e-05
1469658376527179777,negative,0.03251051410996155
1469658380168007686,positive,0.8346384979216709
1469658382114033668,neutral,0.3341697100883887
1469658382567100417,negative,0.0762645827157711
1469658382571298822,negative,0.0018408907837426597
1469658384978923525,negative,0.008178362527209763
1469658385507307522,negative,0.014720344376385542
1469658386623090690,neutral,0.49789225920557484
1469658386908254208,positive,0.9927187932816984
1469658387143086080,neutral,0.43126628204993817
1469658388518916096,negative,0.00010206327133108365
1469658388632162309,negative,0.24672323886690875
1469658390322372610,negative,0.0010377022004231832
1469658391601721348,negative,0.00894755664677433
1469658392742576130,negative,0.05973564087786571
1469658393623375877,negative,0.07142836487293885
1469658394608951296,negative,0.044241929564039766
1469658394793586688,negative,8.112966092151081e-06
1469658396232192002,negative,0.2578967161896404
1469658398996135937,negative,0.07666662685034135
1469658400678154249,negative,0.005161551209045684
1469658402750181379,negative,1.9449532102346444e-05
1469658405312860169,negative,0.0027774093096840768
1469658411067650053,negative,0.001029053378529251
1469658417543495683,negative,0.0327513758115386
1469658417748856836,neutral,0.6505642048457257
1469658417761558537,negative,0.04599435480861964
1469658417824423950,negative,0.24672323886690875
1469658419179229186,negative,0.00019434595378458387
1469658422018822145,negative,0.0003389206501777522
1469658425986539522,negative,0.008050009193651135
1469658426154356744,negative,0.10311567228486837
1469658427899228163,negative,0.007650585696669899
1469658429946007554,neutral,0.3441877553689745
1469658430621339655,neutral,0.4507454498615163
1469658431229509635,positive,0.74576314217571
1469658431590178825,positive,0.9706473534474019
1469658432286380034,negative,0.0049952313262256205
1469658434207465479,negative,2.3362664612085148e-09
1469658434433916938,negative,0.00682626175518094
1469658435872595974,neutral,0.49789225920557484
1469658438397530116,negative,2.3362664612085148e-09
1469658440960200710,negative,0.10297541052482632
1469658442394701827,neutral,0.4922415229393677
1469658442625433605,negative,2.755942220373067e-05
1469658443120320513,negative,2.3362664612085148e-09
1469658443594219526,negative,2.265491114560955e-05
1469658444038877188,negative,0.19882368870123687
1469658444424970244,neutral,0.49789225920557484
1469658445712433158,negative,0.00010206327133108365
1469658446027010048,positive,0.9884360453561483
1469658447721517071,negative,0.001029053378529251
1469658448182849538,positive,0.8409048425146625
1469658449990537225,negative,0.032352701380892225
1469658452117139462,negative,0.002288034557958833
1469658453945851904,neutral,0.49789225920557484
1469658454642114565,negative,0.006725874381993433
1469658461667479555,negative,0.00010605228949723611
1469658462980395015,negative,0.001029053378529251
1469658463248830466,negative,0.24672323886690875
1469658463584366605,negative,0.001029053378529251
1469658464888754183,negative,0.07350140977068434
1469658465962446851,neutral,0.5273166212311818
1469658468336472071,negative,0.009333228210564658
1469658468692987905,negative,0.17362245464774875
1469658469741600770,negative,2.459739855801838e-07
1469658471163437060,negative,0.0010042121477146578
1469658471167672322,neutral,0.36001742862195224
1469658471922552835,negative,0.00022106349205520463
1469658472904105984,negative,0.026268588052146043
1469658475575889921,negative,0.005287951690914858
1469658479023558662,negative,0.3029968537174699
1469658479992393732,negative,0.001029053378529251
1469658481951182851,negative,0.001029053378529251
1469658482349682689,negative,0.22039027350915785
1469658484056764416,negative,1.5492929664272932e-10
1469658486216790019,negative,0.0027774093096840768
1469658486451707904,neutral,0.4922415229393677
1469658488053846020,negative,0.00303078159218024
1469658488708243457,negative,0.2035391565692336
1469658490247565312,negative,0.24672323886690875
1469658490562039811,negative,0.0013430394511942416
1469658491971248128,negative,0.10316611789604543
1469658493846265860,negative,0.19558011933134006
1469658496060825604,negative,0.008903129619349328
1469658496488640522,negative,9.228241018764949e-09
1469658496643780613,negative,0.04042281678421456
1469658498678112256,negative,0.023225833510088015
1469658498929672192,negative,0.021721251427772783
1469658500523597831,negative,0.00038086184659856
1469658500712259589,negative,8.040126328559423e-09
1469658505804234761,positive,0.74576314217571
1469658510745030656,negative,0.004368026480586844
1469658516667478019,negative,0.001029053378529251
1469658518546485253,negative,0.00010206327133108365
1469658519439917056,negative,0.011823813843412518
1469658520178020356,positive,0.9997534332827445
1469658522451382277,neutral,0.4922415229393677
1469658525139881986,negative,0.10900826544945923
1469658526058524673,negative,0.0007891377969424759
1469658527165816837,negative,0.0017752422325382424
1469658527882956805,negative,1.7138467743606282e-05
1469658530634514436,negative,0.033648678754248144
1469658531137609739,negative,0.1768160242927801
1469658531397873665,negative,0.09470656799793327
1469658531959873539,negative,0.00043988969499496826
1469658532219965440,negative,0.00861314889743496
1469658533151002629,negative,0.001029053378529251
1469658533880811525,negative,0.20949142277342045
1469658535869001730,negative,0.03187920522019715
1469658542030434304,negative,0.0001617694031698746
1469658543506829316,negative,0.0005755030392677281
1469658548158308354,negative,0.001029053378529251
1469658549190025223,negative,0.02131283264139314
1469658550599401475,negative,2.5774922464470173e-06
1469658554730790917,negative,3.6871809440175137e-11
1469658557335359490,negative,0.003899145571445921
1469658561458413573,negative,1.2744641209232806e-06
1469658564784541698,negative,7.528448441892183e-07
1469658570316820484,negative,0.0017183474353465343
1469658572669784070,negative,0.2875460286090516
1469658573558976517,negative,9.10775063339762e-06
1469658576184659973,negative,0.014405177403024234
1469658577401004034,neutral,0.36001742862195224
1469658580588666883,negative,1.9032040011639907e-11
1469658582073462793,positive,0.8409048425146625
1469658583608573957,neutral,0.4922415229393677
1469658585361645574,negative,0.038046484406245695
1469658586741678087,negative,0.026638889172083437
1469658589119795202,negative,0.0466675616168856
1469658589451149315,negative,0.24672323886690875
1469658589488840704,negative,0.00010516585130774938
1469658590638182400,negative,0.00010206327133108365
1469658591447683072,neutral,0.4922415229393677
1469658593599307784,negative,0.007341499702908857
1469658595222601729,negative,0.1978421472885623
1469658603904712708,negative,0.2148559004768075
1469658605297274880,negative,0.25050913950563336
1469658606773493762,negative,3.672272730676141e-05
1469658607432183812,negative,0.17992997070502223
1469658609810386951,neutral,0.33389199746562315
1469658612092092417,negative,0.0001630048519472093
1469658613899747332,negative,0.0030399914658015767
1469658616735096833,negative,0.0005728543659342119
1469658617796337671,negative,4.4591196545681576e-07
1469658625882918916,positive,0.7195487567089036
1469658630756704269,negative,4.089502042366228e-05
1469658631222222849,neutral,0.4922415229393677
1469658633122324485,negative,1.2552027708433023e-07
1469658634099601409,negative,0.001029053378529251
1469658636544884736,negative,0.00027159812995224364
1469658636632748038,negative,0.13516334570333927
1469658637270327299,negative,0.018598750818397364
1469658642538536963,negative,0.023467532919664236
1469658644417585154,negative,0.05498628984187092
1469658644564353030,negative,0.056396532630218946
1469658644958560259,negative,0.09878680783938375
1469658646707638272,negative,0.00019837817161504623
1469658649870143489,negative,0.3231344919028023
1469658650486751234,negative,0.0027875733384367645
1469658652315373570,negative,0.020673247629810144
1469658653535916035,negative,0.01998970750623326
1469658654345359362,negative,0.0030399914658015767
1469658656312631296,negative,0.00682626175518094
1469658657726021643,negative,0.00034545142264296277
1469658659869372420,negative,2.8069122819491797e-08
1469658661945552901,negative,0.0014084622676654517
1469658662687985670,negative,7.513104861093461e-05
1469658662788550657,negative,0.0762645827157711
1469658664206278656,negative,0.0009237662999350526
1469658664336252931,neutral,0.45516320844390745
1469658665959493636,positive,0.9997534332827445
1469658666878087170,negative,0.003997078897498154
1469658667687501824,negative,0.011095318070552095
1469658671797972995,negative,0.22851590430062133
1469658672850735109,negative,0.020113595324312294
1469658674041958408,negative,0.00802710796305603
1469658674062897157,neutral,0.49151346694561837
1469658674381602822,negative,0.000133984543402026
1469658679410577411,negative,0.0001044816196661504
1469658685790167042,neutral,0.36379922239295404
1469658685924335617,positive,0.7268669663506777
1469658688331911174,negative,0.18652869196170796
1469658688734515201,neutral,0.3586997309215235
1469658691003682828,negative,0.06091641273790155
1469658692903751680,negative,0.25780524013676825
1469658693117652996,negative,0.0009694439884701124
1469658693914476550,negative,0.00034449717909015875
1469658695978082314,negative,0.0030399914658015767
1469658698054344712,negative,0.22039027350915785
1469658698956083201,negative,0.000273046410154122
1469658701699104774,negative,0.25050913950563336
1469658704576487431,neutral,0.47371072416927557
1469658705016901635,negative,0.00029395173190068793
1469658706640089093,negative,0.005071563394771007
1469658707978067975,negative,0.02830132297100181
1469658708867227649,negative,0.01600692443895169
1469658710242996226,positive,0.91390305739615
1469658711501193226,negative,3.779075345149947e-06
1469658711568359424,negative,0.056526617494613275
1469658712717635587,negative,0.008050009193651135
1469658712931454979,negative,0.04003007136604338
1469658713782984713,neutral,0.4922415229393677
1469658714365911040,negative,7.163094667685106e-05
1469658718648242179,negative,3.591365971405251e-05
1469658718925119490,negative,0.006118061403405386
1469658719931805696,positive,0.8657456217300946
1469658725015302155,negative,0.11846054670279199
1469658726361714690,negative,0.24672323886690875
1469658726835576832,neutral,0.4922415229393677
1469658727355719687,neutral,0.3441877553689745
1469658729733836804,negative,1.0159733553420927e-05
1469658731604582410,negative,0.0004357016697578898
1469658734775476225,negative,0.11350027972601606
1469658735639470080,neutral,0.46364466503952073
1469658736033677320,negative,0.09574559156106933
1469658736394444817,neutral,0.5321085244520746
1469658736767614977,negative,0.09604703152051772
1469658737682038784,negative,0.00010206327133108365
1469658738688671751,negative,0.0026380648524405577
1469658739104006149,negative,0.006118061403405386
1469658739926093834,negative,0.000273046410154122
1469658740345520139,negative,0.2752926139376606
1469658742031413249,negative,0.0005258463613450361
1469658744686526472,negative,3.1828062553337585e-05
1469658747257733126,negative,9.275573757185128e-06
1469658747266031621,neutral,0.4922415229393677
1469658752416636932,neutral,0.4545729117725756
1469658757051432965,neutral,0.47371072416927557
1469658762034262019,negative,0.0003762696258659206
1469658766413082633,negative,0.00040752344828724545
1469658767298023430,negative,3.7416950528668666e-08
1469658767696535553,negative,0.19476388943097114
1469658768703205376,negative,0.2148559004768075
1469658772503158785,negative,0.0018670020834476383
1469658775053287430,negative,2.3362664612085148e-09
1469658775715991558,negative,0.011266974040549724
1469658776781443075,neutral,0.4797155323085833
1469658777871953926,negative,0.013827870464760982
1469658782422732801,negative,0.24672323886690875
1469658783748173829,negative,0.27565408530235647
1469658784213700609,neutral,0.35037246870997213
1469658784255598594,negative,0.00021808623920197307
1469658787384602625,negative,0.0005755030392677281
1469658788424826891,negative,0.001029053378529251
1469658791021010952,neutral,0.4922415229393677
1469658791239200774,negative,0.04571883644047987
1469658792078057472,negative,4.547681640511122e-06
1469658792459649024,negative,0.0003123903742945828
1469658792849821699,negative,0.00303078159218024
1469658796372992007,positive,0.7195487567089036
1469658802383376384,neutral,0.3441877553689745
1469658807852748806,negative,0.05985036390692716
1469658810465898501,neutral,0.36001742862195224
1469658811707232258,negative,0.018598750818397364
1469658812625801216,negative,0.21139109066500397
1469658815142547457,negative,0.018097037565371895
1469658817390469124,negative,0.19882368870123687
1469658819127128085,negative,0.00010206327133108365
1469658819525550084,negative,3.7416950528668666e-08
1469658820595130371,negative,0.0056183789433709224
1469658823967260681,positive,0.9997534332827445
1469658825934397440,negative,0.24672323886690875
1469658827255656448,neutral,0.49789225920557484
1469658828065095680,negative,0.0007757832258160631
1469658830741155842,negative,0.04952910950049663
1469658833794514946,negative,0.0005755030392677281
1469658836055347211,negative,0.001029053378529251
1469658836319584267,negative,0.001029053378529251
1469658839121371138,negative,0.001029053378529251
1469658841075929090,negative,0.021259494793374096
1469658846578761728,negative,2.3362664612085148e-09
1469658847396741121,negative,0.04599435480861964
1469658847811936262,neutral,0.4922415229393677
1469658852195024900,negative,0.00034545142264296277
1469658853964980232,neutral,0.3441877553689745
1469658856439619587,negative,0.3213959135556325
1469658856456400897,negative,0.00018408258305850517
1469658858146648067,negative,0.00031267084943259775
1469658859270717444,neutral,0.4922415229393677
1469658860529012740,negative,0.0001630048519472093
1469658861665718275,negative,2.18441543478189e-10
1469658861816668167,negative,0.0027774093096840768
1469658863662256134,neutral,0.4922415229393677
1469658868582162434,negative,2.279002772779075e-07
1469658871673274369,positive,0.8346384979216709
1469658875158740995,negative,0.0011879458065571465
1469658878115823620,neutral,0.4922415229393677
1469658878203899908,negative,0.03950971384430705
1469658884340170759,negative,1.2744641209232806e-06
1469658887188103174,negative,0.000593850744523868
1469658893831884801,negative,7.279677385921798e-06
1469658894137970691,negative,0.001029053378529251
1469658894297448452,negative,0.0040781736432032095
1469658894989410304,negative,0.006724366802996872
1469658895048065026,negative,7.605388183598353e-08
1469658896537382914,negative,1.4780912254711768e-06
1469658897317343241,negative,0.023197815421389018
1469658898105876481,negative,0.14161305895613308
1469658904384741380,negative,0.0049952313262256205
1469658906423173123,negative,0.0007847430008445372
1469658912219672580,negative,0.24672323886690875
1469658915587698688,negative,0.006524842872066041
1469658921593933833,negative,0.0019666397218158988
1469658921707180037,neutral,0.4797155323085833
1469658924857143296,negative,0.0012416830464373962
1469658932406796289,negative,3.4343318681644513e-06
1469658933879095299,negative,7.233350766546662e-08
1469658934155911172,negative,0.06091641273790155
1469658934252347395,neutral,0.4922415229393677
1469658934990581761,negative,0.000767205771690091
1469658935040827392,positive,0.7195487567089036
1469658937305800706,negative,9.144389227149366e-08
1469658938081689601,negative,0.0006748114436375645
1469658939394609155,negative,0.06014740271580588
1469658939549786115,negative,2.1674909523977313e-06
1469658939755319296,negative,0.0006160346370770231
1469658942577909764,negative,0.00024056655638689424
1469658943412703235,negative,0.014590353922935066
1469658943412707329,neutral,0.49789225920557484
1469658947636404224,positive,0.7750081476285337
1469658948932358145,negative,0.02850370986813838
1469658949158940674,negative,0.00043988969499496826
1469658952052920323,negative,0.0005284614959409594
1469658957904027651,negative,9.174163586802604e-09
1469658960529694724,negative,0.021064648568930925
1469658965889978373,neutral,0.4797155323085833
1469658969207713794,negative,0.02863214024517308
1469658972139536384,neutral,0.5490101052997707
1469658973230055425,negative,0.17362245464774875
1469658975570481160,negative,7.513104861093461e-05
1469658979001380872,negative,2.606543724139298e-14
1469658980700065792,negative,0.0003730777119392725
1469658981228597250,negative,0.0025369895474733365
1469658987821948934,negative,0.050590010409927375
1469658988681777155,positive,0.91390305739615
1469658989109653513,negative,0.17362245464774875
1469658990472667139,negative,7.513104861093461e-05
1469658990577545218,negative,0.013491353783798577
1469658997301121028,positive,0.9997534332827445
1469658998089695232,negative,7.513104861093461e-05
1469658998660116486,negative,0.1932916795198969
1469658999637385220,negative,0.1813531726359758
1469659000190951429,negative,0.0008565825083215283
1469659004112707584,negative,0.03590144444268567
1469659006084222976,negative,0.00303078159218024
1469659007338094592,negative,0.00010206327133108365
1469659008243879939,negative,0.022792179459334184
1469659009183625224,negative,0.0030399914658015767
1469659010727133189,negative,3.041867101830283e-07
1469659011830239235,negative,0.14743987493264013
1469659011842772993,positive,0.9997534332827445
1469659012568387588,negative,0.00020303576369820673
1469659014371975171,negative,0.26505628685354443
1469659015739285508,neutral,0.4922415229393677
1469659016859201536,negative,0.001029053378529251
1469659018398478337,negative,0.24012656752313255
1469659020663398401,negative,0.014291937444179056
1469659021091221509,negative,0.12146426141732296
1469659023624613892,negative,0.11004514437240734
1469659027370041355,negative,5.879086942968645e-06
1469659027508453376,negative,0.0002271818140491716
1469659029207236611,negative,3.16422105866786e-06
1469659029224005634,negative,0.0395807328061575
1469659030469632000,negative,0.09604703152051772
1469659034844344320,negative,0.0160481177036906
1469659036035465229,positive,0.9123846686523036
1469659039797755905,negative,7.233350766546662e-08
1469659046110240770,neutral,0.4922415229393677
1469659047204990980,negative,0.11322699094393618
1469659047259480067,negative,0.005700583199436618
1469659049671147522,negative,2.3101837553822952e-05
1469659054578573315,neutral,0.48068352685895854
1469659056298205190,negative,0.01214565825515057
1469659058022064133,negative,0.007186037460410977
1469659059125207043,negative,0.03286343301271197
1469659061100728322,negative,0.006524842872066041
1469659064217088000,negative,1.3764751304703708e-05
1469659065085272066,negative,0.003966428442272445
1469659066939195394,negative,2.6905730697609238e-05
1469659067287285769,neutral,0.5533970533999424
1469659067773820936,negative,0.18652869196170796
1469659069246066688,negative,2.3362664612085148e-09
1469659070101659654,negative,7.233350766546662e-08
1469659070210752514,negative,0.001029053378529251
1469659073666760710,negative,4.52485143232172e-06
1469659074820284424,negative,0.05970821081991704
1469659075462184961,negative,0.014720344376385542
1469659077039079429,neutral,0.5256487361589304
1469659080293822468,negative,0.00013449501442159932
1469659082705543169,negative,0.0018670020834476383
1469659088195833866,negative,0.0036014199186581272
1469659090125217793,negative,0.012910917863269082
1469659090901258240,negative,0.005071825293231766
1469659098740318211,negative,0.00010206327133108365
1469659099872862211,neutral,0.35707828515145834
1469659099897999364,neutral,0.4922415229393677
1469659100673941504,negative,0.006524842872066041
1469659108857024516,negative,0.3116361163679863
1469659109830111232,negative,0.20908334747013088
1469659116385693697,negative,0.0030399914658015767
1469659129035862023,negative,0.0003034086670332263
1469659130965147655,negative,0.002113253438287953
1469659132407992330,negative,0.00041332173351886015
1469659132747735040,negative,0.006524842872066041
1469659133158776838,negative,1.2744641209232806e-06
1469659133771141126,negative,3.875459930101378e-19
1469659134823907330,negative,0.0762645827157711
1469659135209885709,neutral,0.3441877553689745
1469659138007482377,negative,0.04003007136604338
1469659138368016386,negative,7.513104861093461e-05
1469659138984747018,neutral,0.4922415229393677
1469659139035045899,negative,0.17362245464774875
1469659146282844165,neutral,0.48518767273881697
1469659147629219846,negative,0.0026380648524405577
1469659147759194116,negative,4.938627777189254e-07
1469659155006992392,negative,0.0018364825993477803
1469659156026216455,negative,0.0027774093096840768
1469659161415892992,negative,4.2392048395836013e-07
1469659162359574531,negative,0.002374858839732757
1469659163001294854,neutral,0.46364466503952073
1469659166008561664,negative,0.1128447179847468
1469659166608343045,negative,0.0006572459809877489
1469659167946326019,negative,7.233350766546662e-08
1469659167992565761,negative,0.19452249713014874
1469659171142393856,neutral,0.5893396927723484
1469659176016265223,neutral,0.3607800955212087
1469659176171360266,negative,0.04599435480861964
1469659177761050624,negative,4.3025201232047663e-07
1469659179375898625,neutral,0.49789225920557484
1469659179451359244,neutral,0.6505642048457257
1469659180915204107,negative,0.0003911872468906501
1469659181087137792,neutral,0.33389199746562315
1469659182693502979,negative,0.00020649951832175673
1469659182701940741,negative,6.522032060068614e-05
1469659183184232450,positive,0.945934951364784
1469659184081874948,negative,0.0005967346075132759
1469659185675653123,negative,0.00010206327133108365
1469659187407896583,negative,0.0327513758115386
1469659189190569984,negative,0.25050913950563336
1469659194852876300,negative,0.2875460286090516
1469659195242917895,negative,0.032776435500876326
1469659196190859269,negative,1.2744641209232806e-06
1469659196614397954,negative,0.00010206327133108365
1469659197847572486,negative,2.3362664612085148e-09
1469659197885370368,negative,0.0023457131081255802
1469659200406106119,negative,0.04827502779797112
1469659200649371648,negative,0.04327089948826584
1469659216227057667,negative,0.014701361820033475
1469659217493733385,negative,0.0018670020834476383
1469659218663944195,negative,0.015770144970442043
1469659225869758470,negative,0.00034545142264296277
1469659226867998727,negative,0.0005572176043670611
1469659228403085320,negative,0.00027159812995224364
1469659229388746758,negative,0.000273046410154122
1469659230235987968,negative,0.07805840032794026
1469659236632342530,negative,0.10142050407409997
1469659239157321729,negative,0.00029395173190068793
1469659240398823433,negative,7.233350766546662e-08
1469659241032167426,negative,0.007068069123595342
1469659241711648774,negative,0.001029053378529251
1469659243565441028,negative,0.011663600409077836
1469659254642692097,positive,0.9997534332827445
1469659255103971331,negative,0.006524842872066041
1469659256290951168,positive,0.9929642054228712
1469659258987892739,negative,0.009078544781026618
1469659259671613445,negative,0.043338603128516257
1469659260728532992,negative,0.0018670020834476383
1469659261261295616,negative,0.00013642514878683474
1469659261449945090,neutral,0.47697210391394973
1469659263370993667,negative,0.000739478613749031
1469659265514319873,negative,0.18207739924939695
1469659267716333575,negative,0.275006479867569
1469659268106366984,negative,0.2794507461340142
1469659273391181824,negative,7.233350766546662e-08
1469659274146201600,neutral,0.4922415229393677
1469659275245105153,negative,0.0010042121477146578
1469659276469846016,negative,3.2906757223461226e-06
1469659283948253186,negative,0.00043988969499496826
1469659284464152579,negative,0.053733785349247914
1469659285412093952,negative,0.07350140977068434
1469659286951247876,negative,0.0008471224652315557
1469659288071192577,negative,0.1766316908286523
1469659288335433733,negative,0.3226114395835132
1469659288717168647,negative,0.03266582943892013
1469659291372171265,negative,0.003966428442272445
1469659294832418821,negative,1.5088132569910282e-06
1469659297722380288,neutral,0.5533970533999424
1469659304571637762,negative,0.0027774093096840768
1469659307012673539,negative,0.000561401819619044
1469659307100811266,negative,0.015186897470380732
1469659307855601664,negative,0.18235448516336258
1469659312763121670,positive,0.9130610115502152
1469659316642844674,negative,0.0061990095176222525
1469659321206075396,neutral,0.5273166212311818
1469659322053545992,positive,0.8346384979216709
1469659322154164224,negative,0.17992997070502223
1469659322460295172,positive,0.6866582123666666
1469659324725215244,negative,0.000593850744523868
1469659324800770055,negative,1.687907435512744e-06
1469659324855291913,negative,0.2991937409586147
1469659326226722823,negative,0.0023011918931903604
1469659326864363523,negative,0.0004605839033456769
1469659331763310592,negative,0.001029053378529251
1469659332895776772,neutral,0.3441877553689745
1469659333801791489,negative,0.006118061403405386
1469659336851005446,neutral,0.4922415229393677
1469659338646212613,neutral,0.4922415229393677
1469659340051148800,negative,9.916744558195598e-07
1469659341502435333,negative,0.01596818549447138
1469659343758974979,negative,1.5536776299937162e-12
1469659345789009925,negative,5.164693310624296e-07
1469659352722251778,negative,0.009971003210569252
1469659353334562820,negative,0.15029513708155978
1469659354244784129,negative,0.003966428442272445
1469659355565940738,negative,1.872910385062965e-06
1469659356467761152,negative,0.011802064667580011
1469659356681543681,negative,0.043983691677198886
1469659358208434180,negative,0.03285430314103289
1469659359114375178,negative,0.21502371275263804
1469659359709958145,negative,0.275006479867569
1469659364839641090,negative,0.001029053378529251
1469659369235226625,negative,2.3362664612085148e-09
1469659371609145347,negative,0.007967188062094082
1469659377892315140,negative,0.00682626175518094
1469659378202591245,neutral,0.4744541669089408
1469659384401776643,negative,7.233350766546662e-08
1469659385806958600,negative,3.175152161879693e-05
1469659386196938761,negative,0.008273707277842046
1469659389434990592,negative,0.003966428442272445
1469659389804134409,negative,0.011980967136856239
1469659389862760449,negative,0.001029053378529251
1469659390299021312,positive,0.9997534332827445
1469659391385292805,negative,1.1943884493180517e-07
1469659391834140673,negative,0.0005258463613450361
1469659392282963969,negative,0.08247643130409449
1469659394388410370,negative,3.971026668659342e-05
1469659398285012993,neutral,0.4922415229393677
1469659403326574594,negative,0.28979837493392663
1469659404622573570,negative,0.12313370688924447
1469659405452984325,negative,0.18891800090055227
1469659405935382534,neutral,0.4922415229393677
1469659406417776640,negative,0.001029053378529251
1469659409559269378,negative,8.913502911150855e-05
1469659410322624517,negative,0.1365833391172517
1469659412763664389,neutral,0.4922415229393677
1469659415376797696,negative,0.15352201398067672
1469659416836333575,negative,0.25050913950563336
1469659423731765251,negative,1.1959008973946222e-05
1469659425384411136,negative,0.006432789824322162
1469659426281955332,negative,0.16301401967890466
1469659426479124486,negative,0.00028131015752195317
1469659426546237442,negative,0.27368934431323627
1469659433697517568,negative,0.23187906285034324
1469659434280534016,neutral,0.5273166212311818
1469659434527780864,negative,0.009178432644703203
1469659438906806283,negative,0.02113298303913769
1469659440215379973,negative,0.0040781736432032095
1469659440827842560,negative,0.001029053378529251
1469659442690109445,negative,0.00010206327133108365
1469659443562491907,negative,0.19882368870123687
1469659446142025736,negative,0.014437284281307484
1469659446909485064,negative,0.053287283079779764
1469659449539321860,negative,0.3029968537174699
1469659449824620551,negative,0.007341499702908857
1469659450650906625,negative,0.00032685190080199253
1469659452198559748,neutral,0.519589769220795
1469659452781383688,negative,1.2744641209232806e-06
1469659452785655811,negative,0.0002949285263838268
1469659454257913862,negative,0.09604703152051772
1469659454471917573,negative,0.08645239102687068
1469659456283848709,neutral,0.6589418362467185
1469659456518639619,negative,0.0014084622676654517
1469659458175385608,negative,0.19476388943097114
1469659464437489670,negative,4.933752188468275e-06
1469659469000974345,negative,1.804976900843538e-08
1469659470284435463,negative,0.0027774093096840768
1469659474596147214,negative,0.0005748889210359935
1469659475242098692,negative,0.27565408530235647
1469659475573461002,negative,0.19882368870123687
1469659476039024651,negative,0.002113253438287953
1469659476676521994,negative,1.360076742372576e-06
1469659479461416964,negative,0.15150187279428676
1469659481093120000,neutral,0.4922415229393677
1469659484381458437,negative,0.0004125982614208013
1469659484477964294,positive,0.91390305739615
1469659484712808453,negative,4.698168373260094e-05
1469659485606412288,neutral,0.47190160869753534
1469659486709297153,negative,0.001029053378529251
1469659488038920194,negative,3.785020096585073e-06
1469659489775280141,negative,0.00128028325512499
1469659491985760259,negative,0.0004317333968369776
1469659492312928262,negative,0.0009234384382147756
1469659495160856576,negative,2.3362664612085148e-09
1469659499690663938,negative,0.03508577810330064
1469659501242589186,negative,0.14822956217475602
1469659502228258825,negative,3.2602858792213205e-06
1469659505122230279,negative,0.062403371835180944
1469659507068448773,negative,0.09268159405131293
1469659507504656384,negative,9.201800526615277e-05
1469659507995283465,negative,0.011643090580929934
1469659508146327555,negative,0.0670975128770527
1469659508540649473,negative,0.0026380648524405577
1469659509492793345,negative,0.00010206327133108365
1469659509538836493,negative,0.22039027350915785
1469659510465875970,negative,3.672272730676141e-05
1469659511136964618,negative,0.046965795641437234
1469659511552188416,negative,0.14170027250404318
1469659511677927426,negative,0.0819032432464042
1469659512927883265,negative,0.0762645827157711
1469659512999133194,negative,0.03285430314103289
1469659517067702272,negative,1.176751757908246e-06
1469659519387111424,negative,0.3077845861309015
1469659519504592900,negative,8.516723940570417e-14
1469659522633457671,negative,0.00012638151185455812
1469659525464702978,negative,0.00079687174204145
1469659526039232513,negative,0.0056183789433709224
1469659527951708161,negative,1.3097913749385648e-06
1469659528627109889,negative,0.05970821081991704
1469659529591894016,negative,0.007006990501138601
1469659530300698632,positive,0.91390305739615
1469659531823230977,negative,0.00010206327133108365
1469659531898769416,negative,0.1767154186593358
1469659535497437193,negative,0.1351979123888623
1469659536789327878,negative,0.0009124219198845328
1469659538148282368,neutral,0.36440385825114957
1469659539473588232,neutral,0.6141984688261694
1469659540937494528,negative,0.003966428442272445
1469659542153793548,negative,5.4283468626197345e-05
1469659543785418757,negative,0.1725440757437361
1469659544875937792,neutral,0.5133975731851196
1469659545991626752,negative,0.012809820251895577
1469659548290068486,negative,0.006524842872066041
1469659555579707399,negative,0.02545445313493427
1469659558100488196,negative,0.007927013547115737
1469659558255550467,negative,0.15029513708155978
1469659565893500939,negative,0.0022965169298918677
1469659566455537675,negative,0.0033347264525465732
1469659567332245511,negative,3.1504283498259713e-07
1469659567667785734,negative,0.05350097166938742
1469659569185910784,negative,0.00682626175518094
1469659570142433286,negative,0.10075876463190478
1469659570754752516,negative,0.042355500569345776
1469659571320938497,negative,6.560882401044049e-08
1469659572717690886,negative,0.002113253438287953
1469659575917887492,negative,0.000272308870244014
1469659578237431814,negative,1.7583262514605313e-05
1469659578300342273,negative,0.011266974040549724
1469659584830885890,negative,0.0012478765717428343
1469659587263758338,negative,0.003742105624799917
1469659588169449479,negative,0.006524842872066041
1469659589486514184,negative,0.001029053378529251
1469659590992216066,negative,0.000593850744523868
1469659593026514950,negative,0.010552313950026336
1469659596834885633,negative,0.00682626175518094
1469659598575579141,negative,0.17992997070502223
1469659601616445446,negative,0.008771082964825387
1469659602291728391,negative,0.000273046410154122
1469659604502126593,negative,0.017829000777355747
1469659606666387465,negative,0.04599435480861964
1469659607090049025,negative,0.07573964189764244
1469659609786945538,negative,4.005700831403046e-07
1469659613633159168,negative,0.00010206327133108365
1469659613847035910,negative,8.88690742047845e-06
1469659618993491971,neutral,0.6387794396266426
1469659620234911747,negative,0.001029053378529251
1469659620541190146,neutral,0.36001742862195224
1469659620616589320,negative,0.2423558691565188
1469659621317033984,negative,0.00682626175518094
1469659622885793799,negative,0.00011282809416689288
1469659625591033865,neutral,0.4922415229393677
1469659625595314182,negative,0.05727696746174092
1469659626593472526,negative,0.00010206327133108365
1469659632419414020,negative,0.00010206327133108365
1469659632985645056,negative,0.004636682342648285
1469659633287634954,negative,0.24013379463877602
1469659634097078278,negative,0.09981813007936689
1469659635024080904,negative,3.226213356889852e-07
1469659636307533826,negative,0.001029053378529251
1469659637733634049,negative,0.011663600409077836
1469659640132681728,negative,0.001498889152268002
1469659640434733060,neutral,0.4922415229393677
1469659640568946692,negative,7.614563186402359e-08
1469659641491738628,negative,0.00023100601574632226
1469659641600692234,negative,0.021870076698871053
1469659648009682944,neutral,0.3441877553689745
1469659649972576258,neutral,0.5525782152585766
1469659652086448138,negative,0.013863836519990564
1469659655655809025,neutral,0.5628056929000496
1469659655689449472,negative,0.00010206327133108365
1469659656519835654,negative,2.1053687490879096e-05
1469659656620584963,negative,0.0670975128770527
1469659660403847175,negative,0.14822956217475602
1469659660575723530,negative,0.003124012057683649
1469659662584844297,negative,0.01970197313484796
1469659663029444630,neutral,0.4922415229393677
1469659663172001801,negative,0.015232533587373377
1469659665852157960,neutral,0.4922415229393677
1469659666263285763,negative,9.076471635510312e-12
1469659667483791360,negative,7.233350766546662e-08
1469659668335116289,positive,0.9633894245446962
1469659669362843649,neutral,0.49789225920557484
1469659674144301059,positive,0.8439925691239514
1469659676358885379,negative,1.886340222402723e-05
1469659681958375430,neutral,0.49789225920557484
1469659683350847489,negative,0.02482647520615525
1469659683636002817,negative,0.0852250291228604
1469659685489893377,negative,0.0018670020834476383
1469659688128106496,negative,1.4213359270816098e-05
1469659696579686410,negative,2.158671988307709e-05
1469659696642600961,negative,0.20908334747013088
1469659700291465218,negative,0.0001378718406081912
1469659706440527876,positive,0.74576314217571
1469659707325440004,negative,0.05970821081991704
1469659709149954053,negative,0.0001378718406081912
1469659711683366915,neutral,0.5282814184096369
1469659712132104194,negative,0.00011599024972689237
1469659715059728397,negative,1.4343972935009454e-05
1469659715718332418,negative,0.04042281678421456
1469659716251013124,neutral,0.36001742862195224
1469659716326498313,negative,2.463100112440247e-10
1469659716448096262,negative,0.00011076223566951322
1469659717974822914,positive,0.7577479287876457
1469659722299097089,negative,0.000273046410154122
1469659726665293830,negative,0.00010206327133108365
1469659728766722051,negative,0.21278343212364906
1469659730507411456,negative,0.002105469592324815
1469659731501453318,negative,7.513104861093461e-05
1469659731509792774,negative,0.001029053378529251
1469659732147412997,negative,0.0395807328061575
1469659733384642562,neutral,0.519589769220795
1469659734336749581,negative,4.29012470196807e-06
1469659738946347017,positive,0.9978712267107117
1469659746806419464,negative,0.006524842872066041
1469659747066552322,negative,0.00293109310848947
1469659748962390019,negative,0.3060005631032813
1469659750925230085,negative,0.07858270938275204
1469659752053547009,neutral,0.48518767273881697
1469659753034964997,negative,0.2035391565692336
1469659753731309583,negative,0.008118666994129874
1469659757229318151,negative,0.0009539669288781063
1469659757996916746,negative,0.02218385296829967
1469659760366657544,negative,0.19882368870123687
1469659762673475594,negative,0.10114379943442235
1469659763029917697,negative,0.21730265889996317
1469659765546520578,negative,0.09134166861473657
1469659767832555523,negative,0.00012544737751366632
1469659768277114882,negative,0.0015469559112609654
1469659769824817155,negative,0.2887700970415127
1469659771255107593,negative,0.006924404199517435
1469659774614753285,negative,0.0014015199419215145
1469659778272182274,negative,0.00021898308171005394
1469659778658058250,negative,0.0017183474353465343
1469659779912110083,positive,0.7195487567089036
1469659782143483904,negative,3.4820268033142518e-09
1469659787994574852,negative,0.003966428442272445
1469659788405616646,negative,0.00020898940128511278
1469659790712479749,negative,2.3708286742913363e-05
1469659796509016068,negative,0.00043988969499496826
1469659797599371268,negative,0.10056205153965168
1469659798190833666,neutral,0.47190160869753534
1469659799709270023,negative,0.03732319143413162
1469659800585834498,negative,0.19882368870123687
1469659802104213504,negative,0.0032500725246947418
1469659803853152257,negative,0.04945575967495776
1469659806709522437,negative,0.0027774093096840768
1469659808156590091,negative,0.001029053378529251
1469659808517468162,negative,0.006118061403405386
1469659812006748161,negative,0.0056183789433709224
1469659812074037251,negative,0.0610100761104417
1469659813177135112,negative,0.011435740407692423
1469659816410988552,negative,0.0819032432464042
1469659817685958660,negative,0.0023630426037063146
1469659819044974592,negative,0.03823433743532717
1469659820559151107,negative,0.002989850154308291
1469659821737758726,negative,0.00010206327133108365
1469659822987657216,negative,0.000593850744523868
1469659823142809603,neutral,0.4922415229393677
1469659827156570113,negative,0.05360104920871689
1469659827223904262,negative,0.3287606593731775
1469659827529990145,negative,0.001029053378529251
1469659827928543238,negative,0.20370799162200215
1469659833066524674,negative,8.000013531114337e-05
1469659833733627909,negative,9.6899948460329e-06
1469659843006971907,negative,0.04313964473945867
1469659844672110599,negative,0.117414810313685
1469659845481615364,negative,0.01581369857114847
1469659846102466565,negative,0.0733225884952428
1469659849717956614,neutral,0.5273166212311818
1469659850577694725,negative,0.002967288897456027
1469659852033118208,negative,0.2879471396285164
1469659852951769095,negative,0.0018364825993477803
1469659858333061120,negative,0.00031648770851222166
1469659860472061956,negative,0.0027774093096840768
1469659860610519049,negative,0.0002592682687298767
1469659861990453256,negative,0.17362245464774875
1469659865677242374,negative,0.008172561614639662
1469659866302226446,neutral,0.4922415229393677
1469659867799506945,negative,0.0014084622676654517
1469659871385636873,neutral,0.4737554465528978
1469659871410851840,negative,0.0004027182688539363
1469659875730989057,negative,3.4343318681644513e-06
1469659877601644548,negative,0.11511596006644809
1469659877899485191,negative,0.016141209549366407
1469659878935437312,negative,0.01596818549447138
1469659880277565443,negative,0.11769084188513548
1469659882001514501,negative,1.4355861979888282e-08
1469659882475319300,neutral,0.48439634580644964
1469659885201731584,neutral,0.4744541669089408
1469659887500148744,negative,4.795848089123216e-07
1469659889119203330,negative,0.001029053378529251
1469659890234843139,negative,0.0059651647302195
1469659892508151814,positive,0.9997534332827445
1469659894051749890,negative,0.1128447179847468
1469659895100329988,negative,0.0004824207809936303
1469659897033863172,negative,0.00010206327133108365
1469659898422120452,negative,0.21436555513160374
1469659905598570500,negative,0.02545445313493427
1469659905732882436,negative,0.0012878324116641243
1469659905992835076,negative,2.025721282447742e-06
1469659907293126658,negative,0.04771621875386925
1469659907649458176,neutral,0.5212163187857229
1469659908903735297,negative,0.0002592682687298767
1469659909113397253,negative,0.0001378718406081912
1469659910854037519,negative,1.2744641209232806e-06
1469659911877500935,positive,0.9633894245446962
1469659913722994694,negative,0.062403371835180944
1469659914259910657,negative,4.462398282445417e-05
1469659914670940167,negative,0.011353243230489427
1469659914834432002,negative,0.09134166861473657
1469659914847068163,negative,3.62661884695835e-05
1469659916302495750,negative,0.00010206327133108365
1469659920094187527,negative,1.3764751304703708e-05
1469659920194846722,negative,0.0049952313262256205
1469659920203235342,neutral,0.4922415229393677
1469659920714895361,neutral,0.5273166212311818
1469659921352470536,negative,0.0003911872468906501
1469659923604774916,neutral,0.3441877553689745
1469659925815123981,negative,1.1509217036179535e-17
1469659926792450049,negative,0.06091641273790155
1469659930563067905,negative,0.00037958156904251416
1469659930835750915,negative,0.21520215855969185
1469659930949005313,positive,0.8346384979216709
1469659933637545990,neutral,0.41029425634351097
1469659941166268420,negative,0.00010206327133108365
1469659942676279302,negative,0.136874068471402
1469659943498252289,positive,0.7268669663506777
1469659943750012937,negative,0.0049952313262256205
1469659944400076805,negative,0.0027774093096840768
1469659946333712390,negative,0.19476388943097114
1469659949127323650,neutral,0.3441877553689745
1469659950058283012,negative,0.0014150275214392448
1469659952562249737,negative,1.9033838457069034e-07
1469659952780218368,negative,1.2689586654005765e-05
1469659954944659461,neutral,0.4922415229393677
1469659955808636928,negative,0.145779073095437
1469659955989028866,negative,0.019048757653137512
1469659957587025921,negative,0.0021148705798751137
1469659957679337473,negative,0.22039027350915785
1469659960149778433,negative,0.001029053378529251
1469659962007642116,negative,0.0005118771105492792
1469659963136122885,neutral,0.4870602823424338
1469659964117590016,negative,0.004654980854278918
1469659976448634881,neutral,0.6505642048457257
1469659978965393412,negative,0.2649341421315229
1469659979309277191,negative,1.491081850936499e-05
1469659980206911494,negative,3.672272730676141e-05
1469659980320153600,negative,0.18998416444414773
1469659985709723650,negative,0.025422932431258
1469659986817130497,negative,0.06356825214668506
1469659988939485185,negative,0.00010206327133108365
1469659991107768324,positive,0.6604310872600131
1469659992051511299,neutral,0.3441877553689745
1469659992403894272,negative,0.16487207122692688
1469659992840183812,negative,0.004368279764094512
1469659994748563457,neutral,0.3441877553689745
1469659995314790408,negative,0.00031295971193598003
1469659995428073475,negative,2.5657798794674017e-06
1469659996761866248,negative,2.0200539216221644e-09
1469660000683540482,negative,0.00032685190080199253
1469660001954316292,negative,0.08793085701280752
1469660004064145420,negative,0.07350140977068434
1469660004944957442,neutral,0.36001742862195224
1469660006198960130,neutral,0.4922415229393677
1469660008619065346,negative,0.003742105624799917
1469660011592921089,negative,0.00046077915656817956
1469660017335083010,negative,0.09134166861473657
1469660018077315076,negative,0.0009237662999350526
1469660018228219904,negative,0.002113253438287953
1469660021101322241,negative,0.00043988969499496826
1469660023852732417,neutral,0.5273166212311818
1469660026092597256,neutral,0.4922415229393677
1469660028428820482,negative,0.0327513758115386
1469660030626639875,negative,1.6487426792230383e-09
1469660032589447173,negative,0.3021882673897476
1469660032627351559,negative,0.005161551209045684
1469660034686758912,negative,0.0007613914607670803
1469660036892966914,negative,0.0001378718406081912
1469660038038007812,neutral,0.6173006300318556
1469660041506697222,negative,1.264206931039709e-05
1469660045302538240,negative,0.00034545142264296277
1469660045713743873,negative,1.2744641209232806e-06
1469660046921453574,negative,3.728415707528468e-09
1469660048133660674,positive,0.9997534332827445
1469660049937211392,negative,0.007520040402672791
1469660053653307400,negative,7.513104861093461e-05
1469660055775629316,negative,0.2794653930830212
1469660059315712010,negative,6.114470867893041e-05
1469660061475774474,negative,0.0018944884364268271
1469660061488271365,negative,0.001029053378529251
1469660064038494208,negative,0.00021997006174017783
1469660065871376389,neutral,0.3441877553689745
1469660068308295685,negative,0.19558011933134006
1469660070493442053,negative,0.001029053378529251
1469660073957994498,negative,2.7436076917529508e-05
1469660074377420804,neutral,0.49789225920557484
1469660075463741444,negative,0.00164424025471268
1469660075790905347,negative,0.03266582943892013
1469660078165102594,neutral,0.4737554465528978
1469660083130974210,neutral,0.33897713522654094
1469660083437060100,negative,0.006524842872066041
1469660083663605761,negative,1.135593105554357e-07
1469660084791820289,negative,0.0001333595517114686
1469660089011290112,negative,0.02933383951546341
1469660090303225857,negative,3.279100147678867e-14
1469660093037879301,negative,0.01054429172941001
1469660093717401609,negative,0.00034545142264296277
1469660096548454400,negative,0.006373834126806009
1469660098410823689,negative,0.012910917863269082
1469660098750472192,positive,0.7577479287876457
1469660100872785920,negative,7.18646430952641e-09
1469660102063972354,negative,0.0003911872468906501
1469660102403756035,negative,0.17665843692965566
1469660103322345474,negative,0.0014778453507785407
1469660103796301827,negative,1.135593105554357e-07
1469660106614784007,neutral,0.4922415229393677
1469660107634089994,negative,0.004759709674732815
1469660107675942915,negative,0.2389224435074379
1469660108481196034,positive,0.9945098380624843
1469660109273980928,neutral,0.4922415229393677
1469660109773156356,negative,0.0027774093096840768
1469660110901366790,negative,0.006524842872066041
1469660118849630211,negative,0.0040781736432032095
1469660119747158021,negative,0.18102218793629932
1469660122444181508,negative,0.1679900752435623
1469660124881080330,negative,6.744620882925018e-07
1469660125271150600,negative,0.06482319918933233
1469660128672686082,negative,0.0005755030392677281
1469660130811727876,neutral,0.4922415229393677
1469660132283985923,negative,4.814050182864236e-08
1469660132464336899,negative,0.00048586600832332716
1469660133231841284,negative,1.2744641209232806e-06
1469660134804803600,negative,3.7416950528668666e-08
1469660146028748800,negative,1.1091107604888267e-13
1469660146305540102,neutral,0.33200631761905647
1469660147639271428,negative,0.29134453612300265
1469660148029403145,negative,0.31820487300311295
1469660150856306699,negative,0.0027993111146350806
1469660154828369923,negative,0.003966428442272445
1469660159353970690,negative,0.19882368870123687
1469660159458922500,neutral,0.4922415229393677
1469660161878941697,negative,0.19558011933134006
1469660164311691270,negative,3.4343318681644513e-06
1469660170120744962,negative,1.813448690531264e-08
1469660171815337985,negative,0.001421636477949564
1469660171920199686,negative,4.3845745935528135e-06
1469660173203607560,neutral,0.47367750368051326
1469660173627187205,negative,1.2744641209232806e-06
1469660175447605250,negative,0.0395807328061575
1469660175711850498,negative,0.04319367785954262
1469660177406521345,negative,0.00041899660449486734
1469660178341675012,negative,0.17632601764987182
1469660178794569741,negative,1.2744641209232806e-06
1469660180946239491,neutral,0.4922415229393677
1469660181957120000,negative,0.006118061403405386
1469660183030816773,negative,0.2528761058759219
1469660184960282626,negative,0.00998699081181591
1469660186390540290,negative,0.2135252717682052
1469660188378824704,negative,0.005143171914773596
1469660190106603522,negative,0.21094843097171723
1469660191591481351,negative,0.006524842872066041
1469660193084608524,negative,5.58692857345409e-07
1469660195471204360,positive,0.874073451439104
1469660197396393994,negative,0.019826243248262505
1469660198423961601,negative,0.2492915028447242
1469660199313149961,negative,0.0327513758115386
1469660201770840065,negative,0.0056183789433709224
1469660204497260550,positive,0.7195487567089036
1469660204769943552,negative,0.00011282809416689288
1469660205327785988,neutral,0.4821973738927687
1469660205642362882,neutral,0.4922415229393677
1469660205713608713,negative,4.746460872018287e-06
1469660206128844800,neutral,0.4922415229393677
1469660208918114305,neutral,0.4922415229393677
1469660210436452363,negative,0.001029053378529251
1469660212395008000,negative,0.047015585844181536
1469660220947415042,negative,0.20875982241717492
1469660222537060356,positive,0.9997534332827445
1469660223271014403,neutral,0.5273166212311818
1469660227586899973,negative,0.12072508435833638
1469660228887191553,negative,0.0017284860410825113
1469660239922405377,negative,0.08695059747348453
1469660240757104649,neutral,0.3441877553689745
1469660244079005700,negative,0.13516334570333927
1469660253704921088,negative,0.02545445313493427
1469660254480879618,negative,0.0018670020834476383
1469660261732728835,negative,0.00010206327133108365
1469660264253513734,negative,0.014720344376385542
1469660264593342471,negative,0.001029053378529251
1469660265289596933,negative,0.00010206327133108365
1469660266753310728,negative,0.001029053378529251
1469660268624068610,negative,0.000273046410154122
1469660271182548997,neutral,0.37874993579954885
1469660275632754689,negative,0.0004357016697578898
1469660276119195655,negative,0.004639446748850925
1469660277650116613,negative,0.0019475231789601018
1469660279369830401,negative,0.26730995692559706
1469660279617245190,negative,0.0005945714615957359
1469660280015704066,positive,0.9997534332827445
1469660281903144964,neutral,0.4922415229393677
1469660286416261120,negative,0.01757334793206433
1469660287808811009,neutral,0.4922415229393677
1469660290358861833,negative,0.003384846781704748
1469660293286567944,negative,0.009497552500856819
1469660296470016002,negative,4.534771149364699e-16
1469660303155765256,negative,0.001029053378529251
1469660305294774282,negative,0.010650874044639835
1469660306867732481,negative,0.00019837817161504623
1469660307245129729,negative,0.0005491540593261457
1469660309002543104,negative,0.006524842872066041
1469660309401088014,negative,0.04931558070743723
1469660313008099338,negative,0.18652869196170796
1469660313616220160,negative,0.008172561614639662
1469660315231129605,negative,0.0031384440463835344
1469660318569746434,neutral,0.5628056929000496
1469660318934650884,negative,0.22232831789559412
1469660319442161666,negative,1.2744641209232806e-06
1469660321711329289,negative,0.09719487113665419
1469660325783822342,negative,0.010573992973899143
1469660327340089348,negative,0.00034545142264296277
1469660328799711234,neutral,0.354138655754986
1469660332721377289,neutral,0.49789225920557484
1469660333367345158,negative,0.001029053378529251
1469660337901342721,negative,4.214090417636173e-06
1469660338257805313,negative,0.24672323886690875
1469660338429861892,negative,0.13236771304754866
1469660340749283329,negative,0.004929612603769488
1469660340824727556,negative,0.0003958213327165961
1469660340954796034,negative,0.15029513708155978
1469660344209575938,negative,0.0013430394511942416
1469660344679387136,negative,1.1623886411269213e-05
1469660345035857922,negative,0.0001378718406081912
1469660345652457476,negative,0.0009829261150954333
1469660347384709124,negative,0.014590353922935066
1469660349758644232,negative,0.0010042121477146578
1469660349846765572,negative,0.0008729879461014945
1469660350240935938,negative,0.00010206327133108365
1469660351750934532,neutral,0.36001742862195224
1469660352472354816,negative,0.09134166861473657
1469660354506641411,negative,2.6424848025230155e-09
1469660356255653889,negative,8.017049815639033e-06
1469660358134665223,negative,9.241350265120623e-10
1469660359845982215,negative,7.132778815563648e-10
1469660360454123524,negative,1.2744641209232806e-06
1469660362446295040,negative,0.00011110514400561494
1469660363801120781,negative,0.000917378747969662
1469660364115787781,negative,0.00037865979425955894
1469660367924174853,negative,0.08477060044197703
1469660371485179914,negative,0.001029053378529251
1469660374165192708,negative,6.228874210270363e-07
1469660375452995586,negative,0.001029053378529251
1469660376207970306,neutral,0.47367750368051326
1469660376270884866,negative,0.004680619411337996
1469660377801805824,negative,0.011663600409077836
1469660379215237123,negative,0.0010042121477146578
1469660380569944069,positive,0.6866582123666666
1469660384856621058,negative,1.687907435512744e-06
1469660386135785478,negative,8.88690742047845e-06
1469660386387443716,negative,0.25050913950563336
1469660391982649345,negative,4.450515516757616e-05
1469660393597546511,negative,0.00018408258305850517
1469660397645012999,negative,1.1623886411269213e-05
1469660397951197187,negative,0.000260281081597551
1469660399100469254,negative,0.003102253414831297
1469660399876329472,negative,0.0022647186289235293
1469660400270688256,negative,0.057057521104475206
1469660400769810435,negative,0.007927013547115737
1469660402460024837,negative,0.020159466597781773
1469660403416379404,negative,0.009250578984576478
1469660404980797445,negative,6.287511128527553e-09
1469660405576310789,negative,1.3849232181126966e-05
1469660406855704588,negative,0.25050913950563336
1469660407585456133,negative,0.03663121232695503
1469660410055901192,negative,0.001029053378529251
1469660410127261702,negative,0.022792179459334184
1469660411511382017,neutral,0.4922415229393677
1469660413210112001,neutral,0.3441877553689745
1469660413470072833,negative,0.0040781736432032095
1469660414891986948,neutral,0.4922415229393677
1469660417945448450,negative,0.0007034338006816948
1469660418432016385,negative,0.3116361163679863
1469660422571626497,negative,1.2744641209232806e-06
1469660422710214662,negative,0.006309676881377601
1469660423284744195,positive,0.6950006198402692
1469660429844680709,negative,0.1666962542424129
1469660429962076165,negative,0.00010206327133108365
1469660432164134919,positive,0.6866582123666666
1469660432872976385,negative,0.016141209549366407
1469660433342771207,neutral,0.4208162543050742
1469660434793840643,negative,0.034928033446095796
1469660434873700360,negative,0.001029053378529251
1469660436257816582,neutral,0.5273166212311818
1469660436756934657,negative,0.001029053378529251
1469660436761042949,negative,0.0762645827157711
1469660438606532611,negative,0.004922824266878351
1469660438900137984,negative,0.0018670020834476383
1469660441148334083,negative,0.07858270938275204
1469660442851266562,negative,3.672272730676141e-05
1469660443199348736,negative,2.3362664612085148e-09
1469660443463589888,neutral,0.3672069781118389
1469660443522351106,neutral,0.36001742862195224
1469660444277284866,negative,0.006524842872066041
1469660445552386048,neutral,0.49789225920557484
1469660447179743236,neutral,0.4922415229393677
1469660447704076289,negative,0.2766676894196998
1469660448756670464,negative,0.011643090580929934
1469660449025277954,negative,0.2135252717682052
1469660449646026753,negative,0.156865054705825
1469660451546013700,negative,8.87692361340411e-07
1469660456344248320,negative,0.06482319918933233
1469660457313132548,negative,0.12398595283783337
1469660460060393478,negative,0.001029053378529251
1469660461192863751,negative,4.707366039167459e-13
1469660466314153984,negative,0.010779088338786859
1469660467471736838,negative,0.014170406657060146
1469660471389265920,negative,0.002360061077806689
1469660476690862084,negative,0.011663600409077836
1469660477605261315,negative,0.008174074925529488
1469660478288928771,neutral,0.4922415229393677
1469660479878488064,negative,0.3040931683569463
1469660484844589065,negative,0.2766676894196998
1469660485247189002,negative,4.2216456956723084e-08
1469660486765617156,negative,8.88690742047845e-06
1469660487340146695,negative,0.0374974948539233
1469660489324109833,negative,0.02187448997280475
1469660489512894472,neutral,0.6103275540603524
1469660489940615172,negative,0.0009198772350784553
1469660491102437390,negative,0.09729860747483163
1469660491308019716,negative,0.0006438753633012434
1469660495028314113,negative,0.10323441453579936
1469660496425009156,negative,0.09729860747483163
1469660496601042945,negative,0.018598750818397364
1469660496878096390,negative,4.547384335788547e-09
1469660497565913089,negative,0.00010206327133108365
1469660498723577862,negative,0.3226114395835132
1469660498824155136,negative,0.001029053378529251
1469660502066442243,negative,0.029277445587457058
1469660513323917314,negative,0.007917263969024537
1469660514062147598,negative,6.191073181321094e-05
1469660520135655429,negative,0.000593850744523868
1469660524162035720,negative,0.0021907710228685376
1469660536736555008,negative,0.24672323886690875
1469660541878771714,negative,0.00011850821855897372
1469660547121655812,negative,0.1033219864805904
1469660551156363264,negative,0.0004737816371727369
1469660554063196163,negative,0.012657712020058179
1469660559276752901,negative,0.26730995692559706
1469660563055812610,neutral,0.4744541669089408
1469660566985875460,neutral,0.4922415229393677
1469660572505550849,negative,0.17985605933449655
1469660580365561861,negative,0.006238206737577928
1469660596572405768,negative,0.002113253438287953
1469660597629423616,negative,0.0432785171706639
1469660600330506240,negative,0.00943694266137828
1469660603044278284,negative,0.003700326422478044
1469660604407468033,negative,0.00032321166987545465
1469660604638146560,negative,0.000792883305643213
1469660610107478017,negative,0.0005284614959409594
1469660612607238144,negative,1.4101794262588967e-05
1469660612892504065,negative,0.02379632148459282
1469660616910585860,positive,0.8346384979216709
1469660623684444166,neutral,0.49789225920557484
1469660646807678979,positive,0.8346384979216709
1469660650477555713,negative,0.00164424025471268
1469660662070661120,negative,0.06114081753695466
1469660662309789699,negative,0.00030647562727808615
1469660664130113549,neutral,0.6366208844550786
1469660664981504002,negative,0.20300263663939805
1469660670996238347,negative,2.3362664612085148e-09
1469660674263502849,neutral,0.49789225920557484
1469660679087009796,negative,0.0014084622676654517
1469660685994967041,neutral,0.43656055669394306
1469660691019751428,negative,0.0002592682687298767
1469660692244488194,negative,0.09134166861473657
1469660696791166978,neutral,0.49789225920557484
1469660701652307973,negative,0.15505755009741418
1469660708724002819,negative,0.019203424117736085
1469660715241852933,negative,0.0022594533511008006
1469660717922111492,negative,0.20300263663939805
1469660718505119746,negative,0.24672323886690875
1469660739321348113,negative,0.09134166861473657
1469660741133160452,negative,0.0030781321514556995
1469660741800058885,negative,5.366874657244579e-05
1469660742064369664,negative,0.005161551209045684
1469660742118895622,negative,0.01970374082202364
1469660742538305543,negative,8.10991044422436e-08
1469660742727045120,negative,4.746460872018287e-06
1469660743226306570,negative,0.000920327692676105
1469660747332562947,negative,0.003966428442272445
1469660749194797068,negative,0.02187448997280475
1469660752319553536,negative,0.000593850744523868
1469660752667627522,neutral,0.4659123521014571
1469660754035212288,negative,0.022677598312678876
1469660766290726917,neutral,0.4922415229393677
1469660768383688708,neutral,0.6207648379293476
1469660776797462530,negative,0.00164424025471268
1469660787300081668,negative,0.24672323886690875
1469660790747807748,negative,0.026828216772994636
1469660791464988680,negative,5.993599632584001e-06
1469660792962392066,negative,0.003966428442272445
1469660794971467778,negative,0.001812913335529877
1469660796481327108,neutral,0.49789225920557484
1469660797416656901,negative,0.08645239102687068
1469660805410996224,negative,0.016778276859789183
1469660807520731141,negative,0.0015132960645786045
1469660809919934470,negative,0.25050913950563336
1469660811308195845,negative,5.993599632584001e-06
1469660813652901889,negative,0.01224567771749932
1469660816081399812,negative,2.6328717626135754e-05
1469660818874773506,negative,0.0013430394511942416
1469660818937724932,negative,0.014607207333724928
1469660825292095497,negative,0.09618299733921519
1469660830551756806,neutral,0.4659123521014571
1469660833508646913,negative,0.000792883305643213
1469660843348533261,negative,0.003966428442272445
1469660858804588545,negative,1.8646038825236775e-06
1469660862847852544,negative,0.02187448997280475
1469660876416425994,negative,1.0809269230970988e-06
1469660883651547146,negative,0.04131932438590439
1469660888672219141,negative,0.015154909132241698
1469660889821368322,negative,0.02545445313493427
1469660890232459272,negative,0.1140444783299203
1469660895370428422,negative,0.24672323886690875
1469660899287916545,negative,0.18232611447327476
1469660906644639746,negative,0.007232329807657093
1469660910541316104,neutral,0.46127768308170247
1469660912181256202,neutral,0.37356359750014606
1469660913540247556,negative,0.0001378718406081912
1469660921048010753,negative,0.00033448307029661467
1469660923581378569,negative,0.16073271281061452
1469660928375508996,neutral,0.49789225920557484
1469660942933835780,negative,5.342621013549985e-05
1469660944116629508,negative,0.1866132759757034
1469660951314157571,negative,0.004140747561154834
1469660953151094785,negative,0.000272547926105712
1469660959279099906,negative,0.011266974040549724
1469660962546405377,negative,0.24672323886690875
1469660963494412291,negative,0.25050913950563336
1469660975037038594,negative,0.02255291048517327
1469660975389368320,negative,0.007917263969024537
1469660976194760715,negative,0.00020489497313920844
1469660979273388037,negative,0.18891800090055227
1469660979596197889,negative,0.0008471224652315557
1469660979902521344,positive,0.6774024187612661
1469660981458612225,negative,0.0006291587056246289
1469660982540521473,negative,0.00011076223566951322
1469660983786418184,neutral,0.47190160869753534
1469660984256208907,negative,0.04571883644047987
1469660984507867136,negative,0.04472479111643698
1469660988916043781,negative,0.027359670235098554
1469660990216282112,negative,0.011435000365094115
1469660991814258690,negative,0.1679900752435623
1469660994674864133,negative,0.003966428442272445
1469660997287923723,negative,0.0014390553679920434
1469661005013827589,negative,0.02523263177727461
1469661005315821569,negative,0.00011317542968450755
1469661011254947846,negative,0.003342885600212166
1469661015780507650,negative,0.014590353922935066
1469661020662681610,negative,0.2369710931082333
1469661030053814272,neutral,0.4208162543050742
1469661031194677257,negative,0.00012307736065659335
1469661033568608262,neutral,0.48439634580644964
1469661033975455749,negative,0.03666894790832585
1469661037007933440,neutral,0.49789225920557484
1469661045895708673,neutral,0.5533970533999424
1469661053348839427,negative,0.17362245464774875
1469661054628245505,positive,0.920138061897414
1469661062328954891,negative,0.0059651647302195
1469661078753796108,negative,0.15120969145296206
1469661079420743680,negative,4.486748204272699e-06
1469661084231602180,negative,0.2503950668525652
1469661093203259398,negative,0.002113253438287953
1469661094126010378,neutral,0.46127768308170247
1469661096059539468,positive,0.920138061897414
1469661096281837569,negative,0.25050913950563336
1469661096877383680,negative,3.7515472327744505e-06
1469661113927221249,negative,0.019946731027983427
1469661119203717122,negative,3.7515472327744505e-06
1469661121976188944,neutral,0.47753244171968356
1469661124719116288,negative,0.00011076223566951322
1469661127546183686,negative,0.000792883305643213
1469661130272432128,negative,0.007015058265786611
1469661132411527169,negative,0.1498732335133928
1469661133665718272,neutral,0.47190160869753534
1469661142226128898,negative,0.028647218471656244
1469661144541540361,neutral,0.502592232701079
1469661147880173570,negative,0.024997429110554543
1469661153894748173,negative,0.03337106383032207
1469661158269460481,positive,0.6817573463822996
1469661164665720833,negative,2.3362664612085148e-09
1469661166435713026,positive,0.997820926699349
1469661169132654592,negative,0.0002189579097116152
1469661176380502017,negative,0.22587287542481294
1469661185431724042,negative,0.0006640596999088134
1469661190615973891,negative,0.0007175672810745793
1469661190812930048,negative,0.16487207122692688
1469661192616656902,negative,0.08645239102687068
1469661194546032645,negative,0.04771621875386925
1469661195279945731,neutral,0.4922415229393677
1469661199008681999,negative,0.0590273603329134
1469661205446995972,negative,0.19377112979764566
1469661216935231488,negative,0.010445485790962607
1469661221674754053,negative,0.12176134889404074
1469661224006819851,negative,0.0001378718406081912
1469661233028771843,negative,2.3362664612085148e-09
1469661233934704641,negative,0.0013169428954411771
1469661244164558850,negative,0.009028196822997015
1469661246068826116,negative,0.24371276889395882
1469661253421477888,negative,0.0022965169298918677
1469661256604868611,neutral,0.44846293211155425
1469661272728027142,negative,0.25050913950563336
1469661272899825665,negative,3.7515472327744505e-06
1469661276821499915,negative,0.013893576662516744
1469661280193630208,neutral,0.4922415229393677
1469661281238097926,negative,0.0245070099060501
1469661283003871235,negative,0.27292086157996964
1469661283846967299,neutral,0.4744541669089408
1469661292516446213,negative,0.2766676894196998
1469661294643064837,negative,0.005161551209045684
1469661296907935750,negative,0.06482319918933233
1469661299613351939,negative,0.10065380415235704
1469661300594774020,negative,0.0029267215696683756
1469661304126578690,neutral,0.49789225920557484
1469661305200160775,neutral,0.35037246870997213
1469661316851847173,negative,0.0762645827157711
1469661326284709889,negative,0.018598750818397364
1469661326955974657,negative,0.09134166861473657
1469661332110721025,negative,0.11459088104197532
1469661341745098756,negative,0.3040931683569463
1469661343913439234,neutral,0.49789225920557484
1469661345796743176,negative,0.04050070958578633
1469661377539289095,negative,2.3362664612085148e-09
1469661379510640640,neutral,0.4922415229393677
1469661386548695055,negative,0.023426206668243
1469661391074250757,neutral,0.35037246870997213
1469661395121848327,negative,3.249347964465641e-19
1469661399936819200,negative,0.0008471224652315557
1469661401702617096,positive,0.6651874218271335
1469661402759680000,negative,0.0049952313262256205
1469661410179362816,negative,0.005772619872392517
1469661411362095122,negative,0.07424239295699045
1469661418588971008,negative,0.017432724920681552
1469661418924359683,negative,0.01195675559190247
1469661425555718151,neutral,0.47190160869753534
1469661441548554243,negative,0.0014084622676654517
1469661441762504707,negative,0.00032321166987545465
1469661446510452749,negative,0.062403371835180944
1469661453049282562,negative,0.062403371835180944
1469661453590351873,negative,0.15525344511518727
1469661459110146051,negative,0.011759899782609927
1469661459546320898,negative,0.062403371835180944
1469661464147505165,neutral,0.49789225920557484
1469661466538258432,neutral,0.38788845892295976
1469661468094345216,negative,0.03798177955886054
1469661473702129668,negative,0.006049172120589156
1469661475371470854,negative,0.06260239785081594
1469661476239650826,negative,3.9570732913371834e-05
1469661479830016003,negative,0.016750933702078186
1469661482749157383,negative,0.08645239102687068
1469661483592257536,negative,0.003966428442272445
1469661483831283712,negative,0.0002798002458238073
1469661483957112836,negative,0.011663600409077836
1469661484422676488,neutral,0.48898080829766044
1469661486540853253,negative,4.938627777189254e-07
1469661486566060040,neutral,0.36001742862195224
1469661486670925831,negative,0.00022134496070602504
1469661487346196480,negative,0.006049172120589156
1469661488558264322,negative,0.006118061403405386
1469661488789049347,negative,3.822987612030024e-05
1469661489229443075,positive,0.6866582123666666
1469661489690779650,negative,0.0014084622676654517
1469661490554802176,positive,0.920138061897414
1469661491964129284,positive,0.9997534332827445
1469661492891074569,negative,1.8138733329192884e-05
1469661496884006916,negative,0.006049172120589156
1469661502667898885,negative,3.944229588044076e-07
1469661507285889029,negative,0.00010206327133108365
1469661509571727366,negative,0.0002949285263838268
1469661513942196231,negative,8.727238113670493e-05
1469661519969402886,negative,0.014968000761460017
1469661520862887940,neutral,0.4922415229393677
1469661526525194247,neutral,0.49789225920557484
1469661532652986374,negative,0.3281304899004807
1469661532661424132,neutral,0.5628056929000496
1469661542333431812,positive,0.7509706012472369
1469661546695561221,negative,0.0024641738667463744
1469661550088794117,neutral,0.4744541669089408
1469661557114212353,negative,0.03554660164354704
1469661558527639560,negative,0.014299383755011134
1469661562864652298,negative,0.2706730545405702
1469661565586706437,neutral,0.3951691123600869
1469661566404599810,negative,0.03601341656410893
1469661566538821632,negative,0.0202709159037578
1469661574147317762,negative,3.7342130080114893e-07
1469661574327582726,negative,8.501636132459971e-06
1469661575887925248,negative,0.00032843584362366476
1469661577603436549,negative,0.0035224754939611517
1469661586038030340,neutral,0.4659123521014571
1469661590945415175,negative,0.0005966160425261234
1469661591755010057,negative,0.01305992434143727
1469661594632216577,positive,0.9928768255573555
1469661594871336963,negative,0.15262743501354017
1469661598759460867,negative,0.008627095369376697
1469661602391724034,negative,0.17777482115190427
1469661605516488719,negative,0.12777569462649357
1469661605650702336,negative,6.477193264106569e-08
1469661624432832517,negative,0.027381975687129797
1469661630682259457,negative,0.006604028517467326
1469661633656111112,neutral,0.6209627157102082
1469661643575545858,neutral,0.34694968679610394
1469661645895049216,negative,0.000608083809786888
1469661646675136515,negative,0.09134166861473657
1469661650085195784,negative,0.014590353922935066
1469661650479423490,negative,0.0022647186289235293
1469661653432164356,negative,0.005161551209045684
1469661662902956043,neutral,0.33718123983803316
1469661667789262852,negative,0.0003123903742945828
1469661669206986755,negative,0.000917378747969662
1469661673720066057,negative,0.014590353922935066
1469661687515172865,neutral,0.5439939148028484
1469661689490685952,negative,0.0012302470395667302
1469661690660892675,negative,0.10911910564598286
1469661710856429569,negative,0.04719649528542638
1469661712672600075,negative,9.5980887215013e-07
1469661714140565507,negative,0.007650585696669899
1469661718716559368,negative,0.005111348329839348
1469661719551258626,negative,2.3457137007183966e-06
1469661723296780291,negative,2.3362664612085148e-09
1469661723623936000,negative,0.013906525681080653
1469661727876857857,neutral,0.47190160869753534
1469661729227476998,negative,0.014607207333724928
1469661733992210437,negative,0.0059090562828192335
1469661736294879232,negative,0.0327513758115386
1469661739662905344,negative,0.2728880569921402
1469661739801358336,negative,0.0327513758115386
1469661759267028999,negative,0.06735589583656386
1469661759447445504,negative,0.0006640596999088134
1469661769585119239,negative,0.047015585844181536
1469661786895007752,negative,0.003966428442272445
1469661787985522693,negative,0.06735589583656386
1469661790174859270,negative,1.1129630597784965e-06
1469661793622581254,negative,0.00021808623920197307
1469661800157392904,negative,5.061982031242033e-07
1469661806046158859,negative,0.17362245464774875
1469661811456843780,negative,0.06917279919186019
1469661817270063114,negative,0.003966428442272445
1469661820067762181,negative,0.00190276505735631
1469661821158240257,positive,0.920138061897414
1469661824631123973,negative,0.015742527931295328
1469661830943367173,negative,0.014590353922935066
1469661836333273095,negative,0.2766676894196998
1469661837167841283,negative,0.1679900752435623
1469661837436370945,negative,0.0004692993977281612
1469661840477237251,negative,6.87522351178058e-05
1469661851541811204,negative,0.002455734613068053
1469661853508767744,negative,0.31786245415033654
1469661854096105475,negative,0.25050913950563336
1469661861813571589,negative,0.027525995063860918
1469661871401750529,negative,0.30615056606326163
1469661876556599302,negative,0.20285889288537318
1469661876996952074,negative,0.03661658423503171
1469661877169004545,neutral,0.4663917579447527
1469661879991603201,negative,0.0670975128770527
1469661882646675462,negative,0.0769030006526114
1469661885448527879,negative,0.006118061403405386
1469661886065037317,negative,0.001029053378529251
1469661886128009227,negative,0.025990419579909604
1469661890032848902,negative,0.0007642346446200855
1469661893321277440,negative,0.16959969613804887
1469661895598690307,negative,0.09134166861473657
1469661896827625472,negative,0.0005565792738362884
1469661897482018822,neutral,0.48728019602140255
1469661898333372419,negative,0.006118061403405386
1469661899822403586,negative,0.0056183789433709224
1469661899843424259,negative,3.801868122294989e-07
1469661901831426054,negative,3.7515472327744505e-06
1469661902347378688,negative,0.005100271787031232
1469661903286902786,negative,0.006049172120589156
1469661904150966276,negative,0.006118061403405386
1469661905644048394,negative,0.006049172120589156
1469661906558504971,neutral,0.49789225920557484
1469661909616058371,negative,0.07424239295699045
1469661918734467077,negative,0.0006148380165515201
1469661919179067392,negative,5.544746397337526e-06
1469661919556612106,negative,0.2652164748976128
1469661919703408649,negative,0.001029053378529251
1469661922610061313,negative,1.1304769131073928e-05
1469661923021107202,negative,0.13516334570333927
1469661923776024576,negative,0.04386518138409139
1469661924128342016,negative,0.04194490494886093
1469661924619165701,negative,8.928684955114948e-05
1469661925260898314,positive,0.9997534332827445
1469661928708620294,neutral,0.577139732996533
1469661928733638656,negative,0.00998699081181591
1469661929312563201,negative,0.0032723571849195806
1469661929488719872,negative,0.0013430394511942416
1469661929979457538,negative,0.006118061403405386
1469661930231156736,negative,0.28439040601548055
1469661930327531523,negative,0.19558011933134006
1469661931296415746,negative,0.00010206327133108365
1469661931858538502,neutral,0.48728019602140255
1469661932915499008,negative,0.19604241642018502
1469661933913657344,positive,0.7890719790754037
1469661935536857090,negative,0.02006661272151178
1469661938732998658,neutral,0.37313586126420634
1469661942939897865,negative,0.00020510473337740555
1469661943925514246,negative,0.006524842872066041
1469661948023353353,negative,0.0902568828110072
1469661949449453568,negative,8.069601598002118e-07
1469661953622749185,negative,0.00020649951832175673
1469661955753402384,neutral,0.4507454498615163
1469661957364109312,negative,5.096849359108289e-07
1469661959658348549,neutral,0.4922415229393677
1469661960992141314,neutral,0.513136929509853
1469661962875412490,negative,0.008174074925529488
1469661962904739843,negative,0.03300963452142882
1469661963177410567,negative,0.09134166861473657
1469661966037921809,negative,0.0019454366125203368
1469661966318845952,negative,1.6969815537174914e-05
1469661966629322758,negative,1.2154011113033059e-08
1469661967195508738,negative,0.06666996708453228
1469661967338156033,negative,0.117414810313685
1469661974074122250,negative,0.08445649147655683
1469661974816600067,negative,0.0006236435066775123
1469661974816604161,negative,0.002113253438287953
1469661978348109824,negative,0.000251523405132911
1469661980176887820,negative,0.07521435904266843
1469661981749694473,negative,0.14037067459203134
1469661981963608066,negative,0.0001630048519472093
1469661982118793216,negative,0.17992997070502223
1469661983725215747,negative,0.0006798476424290401
1469661984249503748,negative,0.000804542008378602
1469661984375377928,positive,0.999506456301925
1469661984392192003,positive,0.9997534332827445
1469661986757779458,negative,0.0005393745864926372
1469661986787053573,negative,0.007015058265786611
1469661987756023809,negative,2.3362664612085148e-09
1469661988737454096,negative,5.544746397337526e-06
1469661989295247370,negative,0.09134166861473657
1469661990490628096,negative,5.99933699154098e-08
1469661990553534464,negative,0.0012302470395667302
1469661990624940037,negative,0.04599435480861964
1469661992898154502,negative,0.0004529691943270975
1469661993871495169,neutral,0.49789225920557484
1469661993875476488,negative,0.006740324183777787
1469661994894647297,negative,0.30547878958101005
1469661995205017608,negative,0.030265165482586263
1469661998178873346,negative,7.619804899507503e-14
1469661999168737280,negative,0.11405115261821841
1469661999261003785,negative,0.1394026415768877
1469662003660824586,neutral,0.611496537928612
1469662004453511170,negative,0.006049172120589156
1469662005061636100,negative,0.012513437286040433
1469662005997060101,negative,0.062403371835180944
1469662010015113220,negative,5.544746397337526e-06
1469662010547875849,negative,0.002531359032239318
1469662011021795334,negative,4.550052816386174e-06
1469662012015849477,negative,0.023225833510088015
1469662014205095943,negative,0.011663600409077836
1469662014637236225,negative,0.06498890259887392
1469662015169904641,negative,0.20370799162200215
1469662017539686404,negative,0.031577335642278236
1469662018848411650,negative,1.0809269230970988e-06
1469662020836462602,negative,0.062403371835180944
1469662021100744711,negative,0.0056738439395232765
1469662021541150724,negative,0.0026380648524405577
1469662022472278021,negative,0.20796573138373042
1469662022593921025,negative,3.8112470990202624e-07
1469662027199266823,negative,0.0004529691943270975
1469662028109434893,negative,0.03300963452142882
1469662029627924480,negative,0.2369710931082333
1469662030781104131,negative,4.2507200858025075e-05
1469662035424288774,negative,0.0056183789433709224
1469662035763937288,negative,0.25050913950563336
1469662037252976640,neutral,0.6299181223291128
1469662041451507716,negative,0.07273326686149985
1469662042000867331,negative,0.02545445313493427
1469662042068033543,negative,0.0023232100107903678
1469662045205372935,negative,0.11350027972601606
1469662045914255371,negative,0.32113214438057547
1469662045989740547,negative,0.001029053378529251
1469662046711123979,negative,0.006049172120589156
1469662049106079744,negative,0.006524842872066041
1469662051865927688,negative,0.2875460286090516
1469662053841485828,negative,0.006049172120589156
1469662054109827078,negative,0.003742105624799917
1469662055766671365,positive,0.9371739722002745
1469662055976292352,negative,0.1016605581283793
1469662057410797568,negative,0.07254193265093672
1469662057750581256,negative,0.3226114395835132
1469662058908114944,negative,0.25050913950563336
1469662060044824576,negative,0.04985271194951966
1469662061340803075,negative,0.0056183789433709224
1469662062565543938,negative,0.00014993608971206778
1469662063274467331,negative,0.04187983286943084
1469662064276869120,negative,1.2744641209232806e-06
1469662067120562177,negative,0.001029053378529251
1469662068659920897,negative,0.0005393745864926372
1469662071688204291,negative,0.0049952313262256205
1469662072782868481,positive,0.74576314217571
1469662073030332421,negative,3.7416950528668666e-08
1469662073600761861,negative,7.212441039381368e-05
1469662074087354368,negative,1.6969815537174914e-05
1469662075027083265,negative,0.0015199776725105276
1469662077593735178,negative,0.0056183789433709224
1469662078050910210,neutral,0.4922415229393677
1469662078826913795,negative,0.14402125596073917
1469662082358562818,negative,0.009663102612001685
1469662083168051203,negative,0.014405177403024234
1469662083193004032,negative,0.0374974948539233
1469662083708948480,negative,0.15029513708155978
1469662085214842880,negative,0.019310709802124904
1469662085915230208,negative,0.00682626175518094
1469662086313742341,negative,0.006049172120589156
1469662087077052422,negative,0.06114081753695466
1469662088247263243,negative,0.0011705350659215602
1469662088993947649,negative,0.02187448997280475
1469662089778245639,negative,1.2744641209232806e-06
1469662090197708803,negative,2.3362664612085148e-09
1469662092387135489,negative,3.5222163734433513e-11
1469662093553147906,positive,0.9995845597596971
1469662094400405506,negative,0.006049172120589156
1469662097466400774,negative,0.00011258626322698977
1469662099588718592,neutral,0.3441877553689745
1469662101807452160,negative,0.04599435480861964
1469662103309012995,negative,1.6969815537174914e-05
1469662104198201349,negative,0.006049172120589156
1469662104894517248,negative,0.002113253438287953
1469662107079688197,negative,0.28503543808966947
1469662109071982593,negative,0.006118061403405386
1469662109160153092,negative,0.008627095369376697
1469662110724591616,negative,0.12146426141732296
1469662113148846088,negative,0.0005393745864926372
1469662117674500096,negative,0.2663431548326076
1469662119541063687,negative,0.011663600409077836
1469662122678304773,negative,0.04003007136604338
1469662123240341505,negative,0.27823929067202874
1469662123559170048,negative,0.24672323886690875
1469662125698142208,negative,0.18795859623648656
1469662131821977610,negative,0.006049172120589156
1469662132706893836,negative,6.128545033545555e-07
1469662133487124481,neutral,0.33687396889773297
1469662136167284736,negative,0.117414810313685
1469662136293015554,negative,0.2794653930830212
1469662137282965515,positive,0.8917668978275187
1469662137538785285,neutral,0.36001742862195224
1469662138960596993,negative,0.000273046410154122
1469662139812134914,negative,0.001029053378529251
1469662141515022346,neutral,0.49789225920557484
1469662141665980423,negative,0.006524842872066041
1469662142538387458,neutral,0.4922415229393677
1469662142605451272,neutral,0.557687667892407
1469662142609731585,negative,1.4949616939327967e-05
1469662143125536769,negative,0.0006640596999088134
1469662150335479808,positive,0.922794137237797
1469662150478155783,negative,6.132674820182907e-05
1469662151157551113,negative,0.06806714568948752
1469662151304486912,negative,0.007293761382849999
1469662153082818560,negative,0.0004357016697578898
1469662156320907276,negative,0.29447718663647343
1469662160427139074,negative,0.006049172120589156
1469662162968887297,negative,5.544746397337526e-06
1469662163371446274,neutral,0.44054615157121163
1469662164990500872,negative,0.01926919090701114
1469662165892280320,negative,6.313507144728711e-12
1469662166504644614,negative,0.001029053378529251
1469662167158988800,neutral,0.33016873799163404
1469662167582621700,negative,5.038114485953268e-07
1469662171898556421,negative,0.0011557626061102623
1469662172087304193,negative,3.50756618310648e-05
1469662173622419456,negative,0.041528017196813274
1469662174431924230,negative,0.09134166861473657
1469662175715151875,negative,0.09134166861473657
1469662176029941761,negative,2.777098853573627e-06
1469662176080121858,negative,0.00041332173351886015
1469662177069973504,negative,0.0040781736432032095
1469662177799909382,negative,0.07350140977068434
1469662179582435330,negative,0.30388150864149155
1469662179653783553,neutral,0.5439939148028484
1469662181092433920,negative,0.009249074277092961
1469662181964894212,negative,0.10183769474184393
1469662181998354440,negative,0.000996855559413563
1469662189921443841,neutral,0.36001742862195224
1469662190802284547,positive,0.9371739722002745
1469662191171293191,neutral,0.4659123521014571
1469662193419440133,negative,0.06153841828333601
1469662194057064460,negative,0.27278544590603154
1469662195025948675,neutral,0.4922415229393677
1469662195730378760,negative,0.20880366214251664
1469662196888223752,negative,0.00010206327133108365
1469662197592866823,negative,0.011663600409077836
1469662198016450565,positive,0.7011238730503154
1469662199341846529,negative,0.00031384165314877755
1469662202319671298,negative,0.014590353922935066
1469662202537906183,negative,0.0050469919002625405
1469662203276050442,positive,0.9997534332827445
1469662208963534848,negative,0.22039027350915785
1469662209190117376,neutral,0.46152115889871637
1469662217108865028,negative,0.006049172120589156
1469662225329754122,negative,0.001029053378529251
1469662231394754564,negative,0.22926451946998233
1469662232845991939,negative,0.12146426141732296
1469662233630228483,negative,3.1828062553337585e-05
1469662233710010375,positive,0.9997534332827445
1469662236452999172,negative,0.04300971808026838
1469662237967228940,negative,0.0077674352902176984
1469662238021722122,neutral,0.49114048206328076
1469662238411792396,positive,0.6866582123666666
1469662240920031240,negative,2.265491114560955e-05
1469662241167392782,negative,0.0002998358507607662
1469662242182336512,negative,0.06450425076644574
1469662244585754629,negative,0.020690857159890514
1469662246808789000,positive,0.7350640556459914
1469662249807712258,negative,0.00020510473337740555
1469662250243747843,neutral,0.4571077058869517
1469662253398081539,negative,0.1421868300267447
1469662254002024453,negative,1.2744641209232806e-06
1469662254048190467,negative,0.006049172120589156
1469662255985971200,negative,9.517470875780828e-06
1469662257013473281,negative,7.513104861093461e-05
1469662260381499392,negative,0.1982157744217796
1469662260956176396,neutral,0.4922415229393677
1469662261367218179,negative,0.006049172120589156
1469662261799178243,negative,5.459403664882578e-11
1469662262482845697,negative,1.649748882132336e-05
1469662263497805824,negative,0.2298693101075623
1469662267914477571,neutral,0.37679209754895876
1469662268774309894,negative,0.06902885548356658
1469662271056101380,negative,0.07624728544104215
1469662271727190025,negative,1.2744641209232806e-06
1469662275179102212,neutral,0.3441877553689745
1469662275933986818,negative,0.0018670020834476383
1469662277683003394,negative,0.011980967136856239
1469662280510058505,negative,0.031152488849722035
1469662280707153928,negative,0.006049172120589156
1469662281286012931,negative,0.0004692993977281612
1469662281806106627,negative,0.006524842872066041
1469662283030835206,negative,2.916695809498998e-06
1469662283831910404,negative,0.036822256960337835
1469662284217823240,negative,0.006049172120589156
1469662284507140100,neutral,0.35325918976260035
1469662284708413446,negative,0.0029267215696683756
1469662288466616326,negative,0.011388308058421975
1469662289628438528,negative,0.006049172120589156
1469662289695588355,neutral,0.578479984244387
1469662290261778433,neutral,0.47371072416927557
1469662290354049025,negative,6.864794302308833e-07
1469662293499731968,negative,0.019984996928129703
1469662295584350208,negative,0.00010206327133108365
1469662296796446720,neutral,0.47367750368051326
1469662297777967106,negative,0.00032685190080199253
1469662298931302405,negative,0.3225557511844556
1469662305650622466,negative,4.4968013034454154e-07
1469662306506362887,negative,1.583533246485617e-08
1469662307139698694,negative,0.18795859623648656
1469662308104298498,negative,0.001029053378529251
1469662312667750400,negative,0.12013697193023354
1469662314605469698,negative,0.07685288005342576
1469662315364720641,negative,0.30283198562816127
1469662315641393152,negative,0.0023081247574015247
1469662318007144450,negative,0.021558551621734843
1469662319571570690,neutral,0.536181284339858
1469662320477425664,positive,0.7936752294270059
1469662324734795777,negative,0.001029053378529251
1469662325116444672,negative,0.00010206327133108365
1469662326634725385,negative,0.2766676894196998
1469662330225102850,negative,0.0327513758115386
1469662338517286922,negative,0.005161551209045684
1469662338869514248,neutral,0.40435881587153305
1469662339045765121,negative,0.06978811889856658
1469662341344206852,negative,0.0001518154589018033
1469662341532995595,negative,0.00020649951832175673
1469662342766018561,neutral,0.49789225920557484
1469662343726518277,negative,0.006049172120589156
1469662343881707522,negative,0.0006213075340676291
1469662346939449350,negative,0.00020510473337740555
1469662346964611077,negative,0.014590353922935066
1469662347769823234,negative,0.2441813041538271
1469662347841126409,negative,0.14016022385306948
1469662349644681217,negative,0.0018670020834476383
1469662351498657793,negative,1.167217859207375e-06
1469662351599280128,neutral,0.46776048581350743
1469662354665320450,neutral,0.4757794889830373
1469662355151802375,negative,0.10297541052482632
1469662356984717312,negative,0.003966428442272445
1469662358578638849,negative,1.0159733553420927e-05
1469662362080841733,negative,0.016186401219445343
1469662365683793923,negative,0.1746429589822056
1469662367759966215,negative,2.3362664612085148e-09
1469662372084256769,negative,0.0003911872468906501
1469662372256178182,neutral,0.3570264710939985
1469662374433116160,negative,8.764315993021391e-09
1469662374487543811,negative,0.006049172120589156
1469662375221596163,negative,0.0015508051597237814
1469662375821332483,negative,0.0023232100107903678
1469662378639904771,positive,0.9997534332827445
1469662384205619205,negative,9.999068428010234e-05
1469662385170489350,negative,1.6969815537174914e-05
1469662385807921155,negative,0.0008420968042772586
1469662388441997312,negative,3.980372315809978e-16
1469662389415157764,negative,0.004764868614759869
1469662391650725888,negative,0.17992997070502223
1469662392271482888,negative,0.016141209549366407
1469662392342786051,negative,4.114189376099794e-05
1469662394427314177,negative,6.034413237711803e-06
1469662398495744009,neutral,0.4922415229393677
1469662401087877130,negative,0.006049172120589156
1469662401146638337,positive,0.7195487567089036
1469662402664968196,negative,0.0185951139543452
1469662407433854980,negative,2.952514030219169e-09
1469662407551238146,neutral,0.4922415229393677
1469662410684387330,positive,0.74576314217571
1469662412647243778,neutral,0.3499352441185855
1469662413729538054,neutral,0.4307963978890869
1469662414501199873,positive,0.74576314217571
1469662415092699141,neutral,0.4922415229393677
1469662415646248962,negative,2.078624051124273e-05
1469662416887758854,negative,3.654994700301109e-15
1469662417609183242,negative,0.26730995692559706
1469662417672151045,negative,0.00903522621353697
1469662420130017289,negative,0.015564777470666426
1469662423556755460,negative,0.09291933278784459
1469662423795654661,negative,0.3116361163679863
1469662424181751811,negative,0.09268159405131293
1469662425871958019,negative,0.006049172120589156
1469662426081771524,neutral,0.5026136864836971
1469662426161455110,negative,0.00010926525069070072
1469662427251937285,negative,0.006049172120589156
1469662427776176140,negative,0.0017498127687525986
1469662429680394243,negative,0.02132975401241985
1469662430661947404,negative,0.0017752422325382424
1469662433816027136,negative,0.001029053378529251
1469662435552415749,negative,0.012835661554921485
1469662436710137863,neutral,0.6505642048457257
1469662437255307268,negative,0.039314529785422436
1469662437557346306,negative,0.0762645827157711
1469662440124264456,negative,0.006049172120589156
1469662442770862087,negative,8.686094578453567e-06
1469662443534229512,neutral,0.4922415229393677
1469662446126346247,negative,0.00010206327133108365
1469662448642928642,negative,0.05368753808779439
1469662449339035650,negative,0.00012191490387765248
1469662450266030082,neutral,0.4922415229393677
1469662453889998850,negative,2.078624051124273e-05
1469662455999733769,neutral,0.46127768308170247
1469662456708362247,negative,0.09134166861473657
1469662458465988609,negative,3.953412721661822e-15
1469662463587229701,neutral,0.6142639259790019
1469662463763398658,negative,0.00010206327133108365
1469662466124791815,negative,0.02863214024517308
1469662467198443525,negative,0.0040781736432032095
1469662468884635648,negative,0.025586982780145054
1469662470314864643,negative,3.055897129247137e-06
1469662471602458638,negative,0.006524842872066041
1469662471845785600,negative,0.024307717429348636
1469662472311300103,negative,0.00010776997345840784
1469662474685362178,negative,0.0009477689005703185
1469662475276726283,negative,0.15029513708155978
1469662476245647367,negative,3.7515472327744505e-06
1469662478397227013,neutral,0.44278283723900314
1469662479345233922,negative,4.20831877876988e-06
1469662479408054289,negative,0.1282792325240972
1469662481329049601,positive,0.8977387348563622
1469662483375820802,negative,0.03173232716605504
1469662483933806592,negative,0.0027875733384367645
1469662485963853827,negative,0.00019210167149680225
1469662487415083014,negative,0.0056183789433709224
1469662487545061381,neutral,0.4922415229393677
1469662488790765574,neutral,0.47697210391394973
1469662491043110917,negative,0.00038086184659856
1469662493219848194,negative,0.0012072487195483872
1469662494679605250,negative,0.06978811889856658
1469662494914457605,negative,0.0018670020834476383
1469662496860655619,negative,0.2148559004768075
1469662497191911458,negative,0.039042769786685486
1469662509108023305,negative,0.13516334570333927
1469662512736002050,neutral,0.5584736837844303
1469662513046323203,negative,0.0018364825993477803
1469662513096806409,negative,7.359922783006417e-05
1469662515244195840,negative,0.0004981494813689914
1469662515273637893,positive,0.920138061897414
1469662518956400641,negative,0.0023349087362419213
1469662520466186244,negative,0.15647333584364925
1469662521393045504,negative,0.10297541052482632
1469662522160467970,neutral,0.5628056929000496
1469662522353586177,negative,0.3116361163679863
1469662523137929216,negative,0.10359585016562722
1469662523909623809,negative,0.19604241642018502
1469662524769513477,neutral,0.3856210644695167
1469662525478342657,positive,0.9997534332827445
1469662525838934018,negative,0.09134166861473657
1469662526065496064,negative,8.264091315522049e-05
1469662527684550661,negative,5.176650598602414e-08
1469662529190346760,negative,0.10297541052482632
1469662529592958978,negative,0.0006333857573771428
1469662531555897352,negative,0.20285976339193582
1469662531576688642,negative,0.00010206327133108365
1469662532046573570,negative,6.273188940059368e-06
1469662533372067847,negative,0.0016341002458922498
1469662536249323524,negative,0.006049172120589156
1469662536651976713,neutral,0.4922415229393677
1469662538547798019,negative,0.18652869196170796
1469662540179378178,negative,0.08493044306163386
1469662541500588032,negative,0.001029053378529251
1469662543518048262,negative,0.1746429589822056
1469662543522242560,negative,0.004654980854278918
1469662546747707397,negative,2.3362664612085148e-09
1469662547213230085,negative,0.021870076698871053
1469662547410305028,positive,0.9852952664128989
1469662547498446851,negative,0.0027716704005454848
1469662548920262657,negative,0.006049172120589156
1469662551092961286,negative,0.06114081753695466
1469662553861144576,negative,0.0027774093096840768
1469662554200973318,negative,0.006049172120589156
1469662554276474889,negative,0.003966428442272445
1469662555580817412,negative,0.0001193149493208621
1469662557413720067,neutral,0.3433763902696907
1469662558428844041,negative,0.0004830142521444536
1469662558449766405,negative,0.0114861435782716
1469662558579744768,negative,0.005250080582116034
1469662560236589062,negative,3.862697353957613e-05
1469662561473900558,neutral,0.6010617675389737
1469662565286436867,negative,0.00010206327133108365
1469662567362555908,negative,0.0018670020834476383
1469662568021114880,negative,0.14128910255187946
1469662568566374405,positive,0.74576314217571
1469662571007549443,negative,0.02863214024517308
1469662573574426633,negative,0.22648888647153445
1469662579266052105,negative,0.20908334747013088
1469662579819745285,negative,0.016141209549366407
1469662581048725504,negative,0.001261404575298317
1469662581090656258,negative,0.00010206327133108365
1469662582017601538,neutral,0.3441877553689745
1469662582055317530,negative,3.6694537241048616e-08
1469662584076918784,negative,5.802758412462961e-08
1469662584764870656,negative,2.0639061982877814e-12
1469662585444343808,neutral,0.4922415229393677
1469662591068909581,negative,0.0056183789433709224
1469662593023463427,negative,0.26308712554620794
1469662597385441288,negative,0.006049172120589156
1469662597809152000,negative,0.31231732632982556
1469662600178847744,negative,0.0009539669288781063
1469662600782876672,neutral,0.4922415229393677
1469662603202994180,negative,0.05727696746174092
1469662609729372160,negative,0.005520158931742827
1469662612334030850,negative,0.20300263663939805
1469662613843890185,negative,0.010727832217905431
1469662614573694983,negative,0.00020649951832175673
1469662615253270537,negative,0.003966428442272445
1469662615353896967,negative,0.0020218123487792607
1469662615706247173,negative,0.17992997070502223
1469662619535511556,negative,0.13844236109029998
1469662619955040256,negative,0.00478002304513142
1469662620059934724,negative,0.00010206327133108365
1469662623817879552,negative,1.2744641209232806e-06
1469662625931931651,negative,0.006049172120589156
1469662626187812865,negative,0.040850436037994035
1469662627466985477,negative,0.0010377022004231832
1469662634425430019,negative,0.15289514732835718
1469662636300242947,negative,0.3175358450438434
1469662636979761158,negative,0.006049172120589156
1469662637688512519,negative,0.00457256923653621
1469662639601201155,negative,0.00010206327133108365
1469662639609597956,negative,0.006049172120589156
1469662641635446784,negative,0.02023042807926291
1469662642658856961,negative,0.001029053378529251
1469662647259910152,negative,0.014720344376385542
1469662648014942212,negative,0.0004851491510800993
1469662649176965121,negative,0.00020649951832175673
1469662650485329924,negative,3.319600548294047e-08
1469662653635338250,neutral,0.4922415229393677
1469662656994893825,negative,0.006049172120589156
1469662659062738960,negative,0.17992997070502223
1469662660430028804,negative,2.5594961290875962e-09
1469662661352771588,negative,0.00022957761329958103
1469662661973528585,negative,0.006049172120589156
1469662662606872582,neutral,0.48728019602140255
1469662663630364686,negative,0.00027159812995224364
1469662664112541699,negative,0.03398491838368789
1469662665555464202,neutral,0.35629046916267293
1469662665991667714,negative,0.0018721063285433155
1469662666675339268,negative,0.15666701484695694
1469662673671315459,negative,0.0015078084200486925
1469662676280356865,positive,0.74576314217571
1469662677572202500,neutral,0.46764355068197516
1469662677966405636,negative,0.00032685190080199253
1469662679191203845,negative,0.006049172120589156
1469662679665201153,negative,0.0014402812440705058
1469662679807639557,negative,0.0008655698419658164
1469662680097169411,neutral,0.49789225920557484
1469662680390770698,negative,0.018547735678944733
1469662681460359175,negative,0.011663600409077836
1469662682110476294,negative,0.3116361163679863
1469662682613747717,negative,0.05970821081991704
1469662683809079298,negative,1.0159733553420927e-05
1469662683821662208,negative,0.001029053378529251
1469662684958404609,negative,1.6969815537174914e-05
1469662685499478025,negative,0.20908334747013088
1469662691019137028,negative,0.025990419579909604
1469662693724360706,negative,0.0023488948656865197
1469662694131310596,negative,0.03848745787170791
1469662697746796547,negative,0.00010206327133108365
1469662700762382342,negative,0.014720344376385542
1469662702784204803,negative,8.88690742047845e-06
1469662702939295748,negative,0.00018076398794697015
1469662703065174019,negative,0.17266678677350825
1469662703623053312,negative,0.006524842872066041
1469662705120333834,negative,0.29545753175196804
1469662705212604416,negative,0.1687545479132074
1469662706802339844,negative,8.727238113670493e-05
1469662707712507911,negative,1.6969815537174914e-05
1469662708689686541,negative,0.006049172120589156
1469662708765184005,negative,0.08783920713663598
1469662709385990147,negative,0.1679900752435623
1469662710346489862,neutral,0.489030778946548
1469662710900137988,negative,0.007186037460410977
1469662712095457285,negative,0.0026380648524405577
1469662712171057154,negative,0.25050913950563336
1469662716369543172,neutral,0.47190160869753534
1469662718315667458,negative,0.001029053378529251
1469662718340833282,neutral,0.35037246870997213
1469662722082152450,negative,0.02498019734983918
1469662723348865024,negative,0.06114081753695466
1469662723952758793,negative,0.006049172120589156
1469662726507364359,negative,0.0017752422325382424
1469662727102677001,neutral,0.36989427946608633
1469662728918913028,negative,0.006049172120589156
1469662728977620994,negative,0.0009013868300930839
1469662731322200075,negative,0.0022168444384898377
1469662736313430020,negative,7.431985236072466e-06
1469662737601081346,negative,0.1742417076832258
1469662738708373506,neutral,0.4922415229393677
1469662740998496257,negative,0.004403720907015949
1469662741459841026,negative,0.0030886168675671156
1469662742042849280,positive,0.7579002853713245
1469662744332980228,negative,0.001029053378529251
1469662749403795463,negative,0.0006653674079013322
1469662753560346639,neutral,0.4922415229393677
1469662754533523459,negative,0.001117827891804213
1469662755028353028,negative,0.00030521398569910104
1469662756202856456,negative,0.00027011305872905254
1469662758471798784,neutral,0.47371072416927557
1469662758937534469,negative,0.062403371835180944
1469662759000416260,negative,1.4949616939327967e-05
1469662760078303241,negative,0.04606011056213879
1469662760317468693,negative,0.32195147969670806
1469662761416376328,negative,0.21236373399811379
1469662762582388741,negative,0.001029053378529251
1469662766264946693,neutral,0.36001742862195224
1469662767158341634,negative,0.005127833337079019
1469662769079271425,neutral,0.4922415229393677
1469662771696619529,neutral,0.3441877553689745
1469662773378490373,negative,8.88690742047845e-06
1469662773542113280,negative,0.007186037460410977
1469662774209003527,negative,0.0027716704005454848
1469662774754267142,negative,0.2492915028447242
1469662775869947907,neutral,0.4814203524445078
1469662776415113217,negative,0.0018670020834476383
1469662779296600066,neutral,0.5517792519107959
1469662780441694211,negative,0.15029513708155978
1469662785726464005,negative,0.0018670020834476383
1469662785785286661,negative,5.285341409131796e-05
1469662787815329798,negative,0.006623227424686736
1469662794136104960,negative,0.05970821081991704
1469662794865942541,negative,0.0011039350197597482
1469662795734081537,negative,0.00035927074801660153
1469662796350693376,negative,2.3362664612085148e-09
1469662799660032003,negative,0.00010206327133108365
1469662799802638340,negative,0.0209432038638994
1469662801287430146,neutral,0.49789225920557484
1469662801341919236,negative,0.0030399914658015767
1469662801757147145,negative,1.6969815537174914e-05
1469662803082498057,negative,0.0009237662999350526
1469662805200670728,negative,0.09719487113665419
1469662805615857665,negative,0.027359409572967872
1469662806731628548,negative,0.014720344376385542
1469662807222329347,negative,0.006049172120589156
1469662807922724864,neutral,0.3441877553689745
1469662808342245379,negative,0.006049172120589156
1469662813325037571,negative,0.006049172120589156
1469662813442428931,negative,1.7916967331438666e-08
1469662813861957637,negative,0.28048152231782797
1469662814986027008,negative,0.0011222213480590027
1469662818530050053,negative,0.00032685190080199253
1469662821436821509,neutral,0.5133975731851196
1469662822057578504,negative,0.21139235959373318
1469662823215030274,neutral,0.5089850057697459
1469662823450128391,negative,1.2704449634005496e-08
1469662823496273921,negative,0.001029053378529251
1469662824502812678,negative,0.0009124219198845328
1469662826713264129,negative,0.07788000303748223
1469662827216572428,negative,0.006118061403405386
1469662828399312897,neutral,0.4922415229393677
1469662831469547522,negative,0.046965795641437234
1469662834275635202,negative,0.14090251376401913
1469662836674678784,negative,0.0003845526386969675
1469662837085814784,neutral,0.4922415229393677
1469662839396868097,negative,0.04374335810608617
1469662840042799116,negative,0.01596818549447138
1469662840839622661,negative,0.00010206327133108365
1469662843561775108,negative,0.00027586365910084833
1469662844841078790,negative,0.0056183789433709224
1469662847646978055,negative,0.14344923701481385
1469662848720715783,neutral,0.6288011705132823
1469662849614192644,negative,3.7515472327744505e-06
1469662853636444160,negative,0.0010042121477146578
1469662853753942016,negative,5.7233014535246014e-08
1469662854177513476,neutral,0.4659123521014571
1469662857562361862,negative,0.0018364825993477803
1469662858740916232,negative,0.0010857264649004983
1469662858812309512,negative,0.00011282809416689288
1469662859265298436,negative,0.042553950178587596
1469662860687126536,neutral,0.45516320844390745
1469662862247403532,negative,0.008246087208987457
1469662864285868038,neutral,0.3441877553689745
1469662865837731845,negative,0.00043988969499496826
1469662867028914180,positive,0.7804022613200606
1469662868803145728,negative,0.0027875733384367645
1469662873660104707,negative,0.062403371835180944
1469662881931272198,negative,0.0027716704005454848
1469662882476535810,negative,0.0033442727989460293
1469662882526859267,negative,0.11422469444490599
1469662886503010315,negative,0.0022303305678220984
1469662888977698824,negative,0.09719487113665419
1469662896896770049,negative,1.871106433147396e-05
1469662897441849352,negative,0.0007313453265789495
1469662899375378435,negative,0.0027716704005454848
1469662901338316809,negative,0.00043988969499496826
1469662903619883010,positive,0.703794183813332
1469662905582948352,negative,0.01998970750623326
1469662906912428033,negative,7.513104861093461e-05
1469662908753788933,negative,0.003337828885512183
1469662910653734912,negative,5.7108963880855586e-05
1469662915296964611,neutral,0.4922415229393677
1469662916043579396,negative,0.18652869196170796
1469662917087928320,negative,1.6969815537174914e-05
1469662917134012416,negative,0.00012544737751366632
1469662917742239748,negative,0.018039517698682516
1469662919571001352,negative,0.20875982241717492
1469662920397238280,negative,0.17992997070502223
1469662924285390863,negative,5.855643999618782e-10
1469662925225066497,negative,1.30973963512103e-12
1469662925807919104,neutral,0.6462607005943426
1469662930627084290,negative,0.006524842872066041
1469662936784375809,negative,0.07982347799332076
1469662938709598212,negative,3.672272730676141e-05
1469662939397468163,neutral,0.49789225920557484
1469662942694158337,negative,0.24672323886690875
1469662944162103302,negative,0.00010206327133108365
1469662945122471937,positive,0.6817573463822996
1469662947823828993,negative,8.838464127520222e-05
1469662948259938306,negative,0.14763092784187873
1469662950898257920,negative,0.006049172120589156
1469662950902349831,negative,0.16361572772925123
1469662951628054530,negative,0.0022755607778957815
1469662952429137922,negative,0.0001811038665849217
1469662953901367297,negative,0.006049172120589156
1469662954488483840,negative,0.0023457131081255802
1469662954928984065,negative,7.591884647298645e-09
1469662959223943172,negative,5.31001850172984e-09
1469662963271446528,negative,0.006524842872066041
1469662967545409537,neutral,0.5093953548705628
1469662968803700736,negative,0.0395807328061575
1469662969936109569,negative,0.006524842872066041
1469662970901045252,neutral,0.3687573267717073
1469662976609243145,neutral,0.49789225920557484
1469662976621920261,neutral,0.4922415229393677
1469662976957370368,negative,0.25050913950563336
1469662977628512260,negative,0.00798374431416301
1469662978622504963,negative,0.07640742842302181
1469662978786144263,negative,0.022470234267358297
1469662980283453447,negative,0.018571696090886224
1469662982657527808,negative,0.014590353922935066
1469662985304084493,negative,0.006049172120589156
1469662986138697734,negative,1.2744641209232806e-06
1469662987132846080,negative,0.00023685619592764493
1469662987308830723,negative,2.237064121262611e-06
1469662988344954883,negative,8.410227133027505e-05
1469662989410254849,negative,0.0008953598272787705
1469662989561171971,negative,0.0056183789433709224
1469662990865731588,negative,0.22587287542481294
1469662992291803144,negative,0.009250578984576478
1469662997823954946,negative,0.0008655698419658164
1469662997849251843,negative,0.2492915028447242
1469662997962493959,negative,0.10122635816923403
1469663001372504070,negative,0.04771621875386925
1469663001477267459,negative,9.275573757185128e-06
1469663002865639430,negative,6.882365068544779e-06
1469663003020869639,negative,9.607641485644987e-06
1469663003482202114,negative,0.00010206327133108365
1469663004463616005,neutral,0.513136929509853
1469663004744732673,negative,1.638702050652566e-08
1469663004983762949,negative,3.7416950528668666e-08
1469663006233616384,negative,0.006118061403405386
1469663008758632451,negative,0.22662634218005445
1469663009794674690,negative,0.0002893974534915575
1469663012638412808,negative,8.928631641842839e-07
1469663014894850057,negative,0.04748236024463355
1469663017193426944,neutral,0.5148257537683765
1469663018330071047,negative,9.95297391947585e-15
1469663019374366721,negative,0.0005991060336348967
1469663023187083265,negative,5.544746397337526e-06
1469663023333789700,neutral,0.4507454498615163
1469663024197812239,negative,0.015555294383689296
1469663024504098822,negative,0.006049172120589156
1469663024642469898,negative,0.008172561614639662
1469663031441436682,negative,0.10701718841326016
1469663032833806340,negative,1.4233491293914843e-05
1469663034775945221,negative,0.005143171914773596
1469663036445241352,negative,0.033280093885533685
1469663037284143106,negative,5.405484549587069e-06
1469663037628026882,negative,0.17665843692965566
1469663037703417860,negative,0.09631053875437597
1469663039427383300,negative,0.003384846781704748
1469663039590961160,negative,0.0002592682687298767
1469663039792336908,negative,0.00022106349205520463
1469663042942251012,negative,0.17411075327994224
1469663045744009220,neutral,0.3441877553689745
1469663046473854984,negative,0.02741315838269539
1469663047178502147,negative,0.006049172120589156
1469663052366848011,negative,0.012163102252319665
1469663072407195648,negative,0.07678550514311791
1469663074042978309,neutral,0.4922415229393677
1469663074466607113,negative,0.05979837433961125
1469663075183771653,negative,0.0027977342612222093
1469663079382360068,neutral,0.4659123521014571
1469663080250552323,neutral,0.4922415229393677
1469663080699289608,neutral,0.5938819839058079
1469663091050926089,neutral,0.47753244171968356
1469663092430852102,negative,3.4289495246536614e-05
1469663093080875015,negative,0.05298981317316947
1469663095308099589,negative,0.005055651708397993
1469663099892416523,negative,0.16213247142126397
1469663099955335175,negative,0.006049172120589156
1469663103944175621,negative,0.001972643351562709
1469663105651257347,negative,0.0011756633338339674
1469663109551996929,negative,0.21760016051021427
1469663109556187142,negative,0.003125922360379258
1469663109774258178,negative,0.0046859382294828665
1469663111187771397,neutral,0.3441877553689745
1469663111884025865,negative,5.544746397337526e-06
1469663112500502535,negative,0.001029053378529251
1469663112525914112,negative,0.22493346794813412
1469663115356872714,negative,0.002967288897456027
1469663115713421319,negative,0.0008002936647914893
1469663117256929281,negative,2.6107808065662833e-07
1469663118716461071,negative,2.1326302796791833e-09
1469663119156944903,neutral,0.49789225920557484
1469663119819558917,negative,0.006309676881377601
1469663120062697472,neutral,0.5273166212311818
1469663125033177088,neutral,0.49789225920557484
1469663129336524806,negative,7.513104861093461e-05
1469663129478963201,neutral,0.638833018486053
1469663129772691456,negative,1.788763896581832e-08
1469663132750688257,negative,0.0787675875853112
1469663132788346887,neutral,0.4922415229393677
1469663133404995584,negative,0.00019489101770141205
1469663135460204550,negative,0.24672323886690875
1469663135959339011,negative,0.006049172120589156
1469663142124863491,negative,0.011663600409077836
1469663143194464272,negative,0.0007757832258160631
1469663144490459146,negative,0.004600057261025474
1469663147166425099,negative,0.00013536122220529146
1469663147363639300,negative,0.08122902125767356
1469663147699146759,negative,0.005719174691097447
1469663147933974529,negative,0.00010206327133108365
1469663150110818309,negative,0.00019022835087672654
1469663150479970311,neutral,0.49789225920557484
1469663152254169093,negative,0.001029053378529251
1469663152770105344,negative,1.2744641209232806e-06
1469663156544880647,negative,0.00010206327133108365
1469663157509443585,negative,0.0885856389682197
1469663157622824960,negative,0.006524842872066041
1469663158054887428,negative,0.001029053378529251
1469663163431989256,negative,1.2744641209232806e-06
1469663163616534533,negative,0.006049172120589156
1469663163650039815,negative,1.2744641209232806e-06
1469663164497375238,negative,0.3226114395835132
1469663164992307201,negative,0.030917830185291893
1469663166913298437,neutral,0.45516320844390745
1469663167483715588,neutral,0.4922415229393677
1469663170537086976,negative,0.117414810313685
1469663171757719554,negative,0.00034545142264296277
1469663172445413377,negative,0.0018670020834476383
1469663174404321288,negative,7.513104861093461e-05
1469663175792599045,negative,0.09134166861473657
1469663176111398915,neutral,0.46342575648860296
1469663177080143872,negative,0.26730995692559706
1469663177277329413,negative,0.006049172120589156
1469663177541566473,negative,0.027381975687129797
1469663178552401922,negative,0.016141209549366407
1469663180297232386,negative,0.006049172120589156
1469663180850974725,negative,0.04599435480861964
1469663184252506116,positive,0.8163907420119367
1469663189742886920,neutral,0.3681794410447741
1469663192599121929,negative,0.25050913950563336
1469663192712290307,negative,0.0007386438379846087
1469663194482364422,negative,0.14822956217475602
1469663202313179139,negative,0.031019788671314337
1469663204339077126,negative,0.001029053378529251
1469663205165355010,negative,0.012910917863269082
1469663205182087171,neutral,0.42693774172327703
1469663205496655877,negative,0.044183663658648835
1469663206411018249,negative,0.061600260882197604
1469663206448766982,negative,3.7549768015397083e-06
1469663206935339011,negative,0.0030399914658015767
1469663206947926019,positive,0.7577479287876457
1469663208269139973,negative,0.04003007136604338
1469663209787379723,positive,0.9997534332827445
1469663209976053762,neutral,0.47371072416927557
1469663210001387528,neutral,0.6505642048457257
1469663211498713091,negative,0.00418657949658623
1469663213235191809,negative,1.7916967331438666e-08
1469663213574934529,negative,0.08358458108912582
1469663216020168719,neutral,0.45516320844390745
1469663216276017155,neutral,0.34685127563129303
1469663221028114438,negative,0.00010206327133108365
1469663224131846144,negative,0.001973573619012321
1469663225012789257,negative,0.043983691677198886
1469663225276993538,negative,0.04042281678421456
1469663227386675201,negative,1.0159733553420927e-05
1469663228334690309,negative,2.4989569047912592e-05
1469663230712766472,negative,0.02132975401241985
1469663230834450433,negative,0.13516334570333927
1469663230930952196,negative,0.0004797901201407572
1469663231056793607,negative,2.158671988307709e-05
1469663231937499140,negative,1.2744641209232806e-06
1469663231954366477,negative,0.0013430394511942416
1469663235469099016,negative,0.016141209549366407
1469663238509977614,negative,0.001029053378529251
1469663241940914179,neutral,0.4659123521014571
1469663242247196673,negative,0.0006798476424290401
1469663243220275209,negative,0.25050913950563336
1469663244709253120,negative,0.00010206327133108365
1469663245132828677,neutral,0.45516320844390745
1469663245728456704,neutral,0.4922415229393677
1469663246407905280,negative,0.00107443603421501
1469663246424629251,negative,0.00010206327133108365
1469663246751784972,neutral,0.35495462420642887
1469663247238369283,negative,0.0056183789433709224
1469663248681218048,negative,0.24175697677489016
1469663248878379013,negative,0.0010042121477146578
1469663250501545991,negative,0.1268028451552595
1469663251352989698,neutral,0.49789225920557484
1469663251659063305,negative,0.13764626908183072
1469663255199203334,negative,1.6969815537174914e-05
1469663257447133186,negative,0.1600645821515816
1469663257678032903,negative,3.907060675735069e-05
1469663262191108102,negative,0.006118061403405386
1469663262631501826,negative,0.12072508435833638
1469663265127079939,negative,0.09914654058282073
1469663266121080848,negative,3.672272730676141e-05
1469663266184044551,negative,0.06793064506180208
1469663267341676554,negative,0.01581369857114847
1469663270961356801,negative,0.00010206327133108365
1469663271175266308,negative,0.0027774093096840768
1469663274643951617,negative,0.001117827891804213
1469663275243741189,neutral,0.40894589973255985
1469663275482812418,negative,0.006049172120589156
1469663276275490819,negative,3.0186763710919466e-07
1469663277244375043,negative,0.3226114395835132
1469663277433167874,negative,0.039177818973547995
1469663280306311169,negative,0.015154909132241698
1469663280855760903,negative,0.17351311932781685
1469663281317040142,negative,0.1746429589822056
1469663281585528833,negative,0.00037208600255209746
1469663283703697416,negative,0.017499813651579932
1469663286782275608,negative,0.014607207333724928
1469663287155601411,negative,0.015331304780388797
1469663288871071746,negative,4.7597469490801676e-05
1469663289919561729,negative,0.19882368870123687
1469663291832258563,neutral,0.46511884455441777
1469663292448821253,neutral,0.36001742862195224
1469663295682531329,negative,0.00010206327133108365
1469663297104490501,negative,0.04771621875386925
1469663298039734272,negative,1.2744641209232806e-06
1469663298828259329,positive,0.9997534332827445
1469663300971544580,negative,0.00295126887151611
1469663301290311681,negative,0.001029053378529251
1469663303232274434,negative,0.001029053378529251
1469663304150884366,negative,0.10597913495053195
1469663306889633796,negative,0.008172561614639662
1469663307942486020,negative,9.701217042314582e-06
1469663309691559938,negative,0.0018670020834476383
1469663311318990851,negative,1.0544414360281234e-06
1469663313390977027,negative,0.004910687247374647
1469663314506665989,negative,0.039177818973547995
1469663315882393607,negative,0.012854066013891396
1469663316167561218,negative,0.0017240081568910355
1469663320370204679,neutral,0.45516320844390745
1469663324434542592,neutral,0.4922415229393677
1469663324837142530,positive,0.7240972964896673
1469663329266245637,neutral,0.49789225920557484
1469663334358208519,negative,0.0030399914658015767
1469663334475649026,negative,0.00015724749091462233
1469663334811193347,negative,3.998182273351992e-06
1469663338489655302,neutral,0.34533447752142954
1469663342386102275,neutral,0.49789225920557484
1469663345901027339,negative,3.5338800072224285e-05
1469663348056858624,negative,0.25904246346744453
1469663350401511432,negative,0.040176244332879335
1469663351324225539,negative,0.0674349105915447
1469663353144545283,negative,0.27395122737989025
1469663354323185666,negative,0.00010206327133108365
1469663355417731074,negative,0.0030399914658015767
1469663357770817536,negative,7.744270452213602e-07
1469663359591231497,negative,0.030602573929088713
1469663362246135810,negative,0.004102658533074532
1469663364741804032,negative,0.006309676881377601
1469663365303869448,negative,0.001089636030767559
1469663366524420098,negative,1.844090891050164e-06
1469663369804275719,negative,2.3362664612085148e-09
1469663373533106188,negative,1.2744641209232806e-06
1469663375814758407,negative,0.14822956217475602
1469663377291190272,negative,0.1887709767116292
1469663380734713862,neutral,0.4922415229393677
1469663380940242946,negative,0.00040247230923397346
1469663386296270853,negative,0.12146426141732296
1469663390637469701,negative,0.0024048133660154987
1469663391321145345,negative,0.005055651708397993
1469663393602756610,negative,0.1465613589834811
1469663395922206724,negative,2.4846185700169183e-11
1469663399428734976,negative,0.09004214746006875
1469663400720539650,positive,0.9997534332827445
1469663401790119942,negative,0.20300263663939805
1469663402595426305,negative,0.04231146546234486
1469663405585874948,negative,2.6107808065662833e-07
1469663407305543685,negative,0.007341499702908857
1469663408878456835,neutral,0.3353500257179539
1469663410044518402,negative,0.002254185801212823
1469663411642511365,negative,0.13759670399158416
1469663412544233473,negative,0.006049172120589156
1469663414641438724,neutral,0.4922415229393677
1469663415325110274,negative,0.04042281678421456
1469663422086324228,negative,0.3226114395835132
1469663422203707397,negative,0.00777741643570631
1469663424766517250,negative,6.679935972360287e-11
1469663425433415685,negative,0.00017877161359619492
1469663431934550018,negative,0.19558011933134006
1469663431968051205,negative,0.015687050537128405
1469663435025788931,positive,0.8825067454755822
1469663435063447559,negative,0.006049172120589156
1469663437269737473,negative,0.001029053378529251
1469663440281260037,negative,0.006049172120589156
1469663440780378112,negative,0.00010206327133108365
1469663441744969733,negative,0.0980443195513356
1469663446643924993,negative,0.00038086184659856
1469663449282138116,negative,2.736596345953243e-06
1469663450246926341,negative,4.594311403591846e-08
1469663451354222599,negative,0.00010206327133108365
1469663453166059524,negative,0.009657183498043606
1469663456727126021,neutral,0.3406978253277029
1469663457200984064,negative,0.006049172120589156
1469663458559942660,neutral,0.5136446707795853
1469663464209670150,negative,8.88690742047845e-06
1469663466722103301,negative,0.03773214387158633
1469663469892825088,positive,0.6817573463822996
1469663471981805579,negative,0.006049172120589156
1469663472078057473,negative,7.513104861093461e-05
1469663472837406726,negative,0.003271015518593921
1469663473487466498,negative,3.672272730676141e-05
1469663474183720965,negative,0.0790507909194203
1469663479082754048,negative,0.006049172120589156
1469663480026382341,neutral,0.41535538650702464
1469663488444444674,negative,0.0030399914658015767
1469663488859676676,negative,7.513104861093461e-05
1469663490214404100,negative,0.006049172120589156
1469663491971862530,negative,0.20987913554800602
1469663505640996873,negative,0.008172561614639662
1469663505880072197,negative,0.003667395836173038
1469663506383491075,negative,0.07718900254013557
1469663507201277954,negative,0.00043988969499496826
1469663508509904902,negative,0.13737774160946437
1469663509214482432,negative,0.0005755030392677281
1469663509478793216,negative,0.011509675859731417
1469663510472892418,negative,0.1140444783299203
1469663511014002695,negative,0.0019454366125203368
1469663511773073417,negative,0.02187448997280475
1469663513173975045,negative,0.0010777434799476798
1469663514948255748,negative,0.001029053378529251
1469663517234053138,negative,0.001029053378529251
1469663517800345604,negative,0.006524842872066041
1469663522401488896,positive,0.74576314217571
1469663522791505922,negative,4.079192385695366e-06
1469663523391291400,negative,0.0015213612425794688
1469663523903000587,negative,2.896193559732005e-20
1469663525274415104,negative,0.004448853368736606
1469663526721576966,negative,0.06114081753695466
1469663528252583941,positive,0.8346384979216709
1469663531960307720,negative,0.0018670020834476383
1469663532669353992,negative,3.672272730676141e-05
1469663533608624142,negative,0.005161551209045684
1469663534019665922,negative,0.002274995562982251
1469663540336283659,negative,2.3362664612085148e-09
1469663544450945032,negative,5.15933748622781e-06
1469663546208366597,negative,0.008470722381298035
1469663546640371712,negative,5.917602735435152e-07
1469663548435484681,negative,0.20219134175482742
1469663549622521860,negative,0.09134166861473657
1469663549706457092,negative,1.7267051872033502e-06
1469663549953908748,neutral,0.36001742862195224
1469663551660961797,negative,0.0010384440564727066
1469663559319760900,negative,0.006049172120589156
1469663564050931712,negative,5.471245398148113e-08
1469663565175042055,positive,0.9488890420202221
1469663568245268488,negative,0.0004357016697578898
1469663568979243009,negative,0.014720344376385542
1469663569167847424,negative,6.551264298862195e-05
1469663572040978434,negative,0.0056183789433709224
1469663576084287494,negative,0.016141209549366407
1469663576440721409,negative,0.16487207122692688
1469663576495378436,negative,0.001029053378529251
1469663577866911751,negative,1.2744641209232806e-06
1469663579020406788,negative,0.0010042121477146578
1469663580110925831,negative,0.0006990906423281823
1469663588382130176,negative,0.08718293423368073
1469663588826632194,negative,0.001029053378529251
1469663590261002242,negative,0.15906990320017803
1469663592106676232,positive,0.7268669663506777
1469663592173682692,negative,0.0005945714615957359
1469663592979091456,negative,3.168800077780353e-11
1469663595214655488,negative,0.013138611007132775
1469663595461963778,negative,0.00028239784421965565
1469663596363894785,negative,0.006049172120589156
1469663596888137730,negative,0.021769010353168302
1469663598700072961,negative,0.013031897450225661
1469663600797229058,negative,4.938627777189254e-07
1469663604995772417,negative,0.006049172120589156
1469663605150916618,negative,0.006049172120589156
1469663605394223106,negative,0.02545445313493427
1469663606774112264,negative,0.00021916304891829967
1469663607302635533,negative,0.006049172120589156
1469663608296464390,negative,0.09604703152051772
1469663609227726858,negative,0.006049172120589156
1469663610439938050,negative,0.16261032939216008
1469663610544791558,negative,0.09134166861473657
1469663611354333186,negative,0.00010206327133108365
1469663612448886785,negative,0.0015239286827161006
1469663613661102085,neutral,0.49789225920557484
1469663613669593090,neutral,0.4899951777522356
1469663614571360265,negative,0.003384846781704748
1469663615754121226,negative,0.09134166861473657
1469663616295227398,negative,0.05781049834118476
1469663616555229184,negative,0.001029053378529251
1469663617582780418,negative,0.0736401149528525
1469663618631626753,negative,8.928684955114948e-05
1469663621475192847,negative,0.00010570109827147338
1469663623865946119,negative,0.011663600409077836
1469663624797032456,negative,0.006524842872066041
1469663625895976964,negative,0.011980967136856239
1469663626046984194,negative,0.00019837817161504623
1469663627632431104,negative,0.1746429589822056
1469663629335097346,negative,0.2369710931082333
1469663634599071747,negative,0.06482972858338998
1469663637451194371,negative,0.2120335271377775
1469663637493075971,neutral,0.47371072416927557
1469663642471874567,negative,0.0787675875853112
1469663644921303041,negative,0.16487207122692688
1469663647429447682,negative,0.00034545142264296277
1469663650998677504,neutral,0.47371072416927557
1469663651934228484,negative,1.300188114918006e-09
1469663651988660229,positive,0.9978712267107117
1469663652135546881,negative,0.0030399914658015767
1469663652500365316,negative,0.006049172120589156
1469663652504555526,negative,0.02863214024517308
1469663654278836230,neutral,0.4899951777522356
1469663657902678020,negative,1.994052978603539e-05
1469663659081273346,negative,0.0001055704374579214
1469663660020834308,negative,0.00034545142264296277
1469663660020846592,negative,0.09251837214401995
1469663661623062533,negative,0.1282792325240972
1469663662172483590,positive,0.9997534332827445
1469663663409840128,neutral,0.3441877553689745
1469663665574096899,negative,2.3362664612085148e-09
1469663665855111177,negative,0.007341499702908857
1469663667637600257,negative,0.02075810705689078
1469663669189591057,negative,0.0027774093096840768
1469663671685165061,negative,0.02545445313493427
1469663672234561546,negative,2.25398484855862e-11
1469663672276434944,negative,0.002831407735762251
1469663681101320203,negative,0.00038086184659856
1469663682854596612,negative,0.0005565792738362884
1469663683248799745,negative,1.83560394835516e-07
1469663688881811458,negative,0.07640742842302181
1469663691024977926,negative,0.09291933278784459
1469663697974882309,neutral,0.47190160869753534
1469663701338832898,negative,0.003966428442272445
1469663702156820483,neutral,0.5273166212311818
1469663702345564160,negative,0.20219134175482742
1469663712835428359,positive,0.7936752294270059
1469663713338744839,positive,0.920138061897414
1469663713879859207,negative,0.006049172120589156
1469663714173411340,negative,0.07745957742225608
1469663716111228933,negative,0.05970821081991704
1469663717503774723,negative,1.2744641209232806e-06
1469663718636195846,negative,0.0007324917732092534
1469663719089225734,negative,0.006474948473623518
1469663723346345987,negative,2.3362664612085148e-09
1469663725074452484,negative,0.00010206327133108365
1469663726831874052,negative,0.007235251124273518
1469663726890627084,negative,0.00010206327133108365
1469663728937361415,negative,0.0010042121477146578
1469663730866741254,negative,0.005954753138924491
1469663731487490051,neutral,0.3441877553689745
1469663732523577350,negative,0.27487808077227294
1469663735736381440,negative,0.031514867284902416
1469663738777198596,negative,0.25050913950563336
1469663738806648837,neutral,0.5137376278676452
1469663739272212486,positive,0.6933256679321718
1469663740320747524,negative,0.010445485790962607
1469663741163810816,negative,0.006049172120589156
1469663741969149952,negative,0.00645183542899365
1469663743311237120,negative,0.024400432321681702
1469663743529345030,negative,0.07701952594526358
1469663744900976641,negative,2.582063700316406e-07
1469663744972234752,neutral,0.36379922239295404
1469663748252127240,neutral,0.5314879495725285
1469663748692586498,negative,0.027381975687129797
1469663752857522180,negative,0.18652869196170796
1469663756384931853,negative,0.00034545142264296277
1469663757546700811,neutral,0.49789225920557484
1469663758603722758,negative,0.004023735562648681
1469663760662945800,negative,0.04311708294662196
1469663762269589514,neutral,0.3441877553689745
1469663763183939587,negative,3.672272730676141e-05
1469663764094017544,negative,0.023456232214546447
1469663764391743490,negative,0.27565408530235647
1469663765193011203,negative,2.3362664612085148e-09
1469663769886441482,negative,0.022792179459334184
1469663770171654145,positive,0.9997534332827445
1469663771031482372,negative,3.823150787944815e-08
1469663773476720640,negative,0.011266974040549724
1469663775016038405,negative,0.00013536122220529146
1469663780443500552,negative,1.112604219038565e-09
1469663780657405957,negative,0.006118061403405386
1469663781869531141,negative,0.06806714568948752
1469663785942237190,negative,0.00010206327133108365
1469663786256805890,negative,1.4233491293914843e-05
1469663787179515908,negative,0.027651892568589683
1469663792313221124,negative,0.14822956217475602
1469663795891122177,neutral,0.49789225920557484
1469663797090689029,negative,0.02255051633169138
1469663800102109187,negative,0.0003387825351446242
1469663803126259713,neutral,0.49789225920557484
1469663804384555009,neutral,0.5966694205919543
1469663805919662083,neutral,0.3441877553689745
1469663808943755268,negative,0.16361572772925123
1469663810155958279,negative,0.00016397550619806582
1469663810596360213,negative,5.726367520873895e-05
1469663811204431876,negative,0.20615054183567166
1469663812781592578,negative,4.1182969389703214e-05
1469663814077632514,negative,0.0010042121477146578
1469663814190866433,negative,0.0056183789433709224
1469663815713189888,negative,0.14822956217475602
1469663815780470788,negative,0.006524842872066041
1469663815847616514,negative,0.005073451725528226
1469663818636660736,negative,0.016141209549366407
1469663824286470151,negative,0.25904246346744453
1469663825838358531,negative,0.016141209549366407
1469663826748575748,negative,0.13730821813607058
1469663827599966208,negative,4.956544884205789e-10
1469663827851718663,negative,0.00019837817161504623
1469663828858359811,negative,0.18304434983374235
1469663830598815747,negative,0.013138611007132775
1469663830707953675,negative,0.30388150864149155
1469663837049827334,negative,9.379424065518446e-05
1469663837771157511,negative,1.955356029348705e-06
1469663838408695808,negative,8.998981738468363e-15
1469663838459121668,negative,0.000896148393078033
1469663839398477825,negative,0.022792179459334184
1469663839700627459,neutral,0.4922415229393677
1469663843647430661,neutral,0.47190160869753534
1469663845404876809,negative,0.0086021254054203
1469663845698486280,negative,8.88690742047845e-06
1469663847887876102,negative,0.0004196215335837785
1469663848491794437,negative,0.26287357984472953
1469663848672157698,negative,0.003971719072639588
1469663850916200451,negative,0.006049172120589156
1469663854707757056,negative,0.015003432073344355
1469663862152695812,neutral,0.36001742862195224
1469663862328901638,negative,0.012910917863269082
1469663868158943240,negative,0.005395529670059262
1469663869392101377,negative,0.006049172120589156
1469663873301057537,negative,6.486587993208531e-05
1469663873406058504,negative,0.00837874504724803
1469663874374905857,negative,0.001029053378529251
1469663875121491968,negative,0.003384846781704748
1469663875138297865,negative,0.03637499449349681
1469663875691950090,negative,0.006049172120589156
1469663877034037252,negative,1.699041731953625e-08
1469663880095969283,negative,0.016750933702078186
1469663882599936002,neutral,0.5429437875433832
1469663883891777538,negative,0.001029053378529251
1469663884298567681,negative,0.019111926227244756
1469663884307046405,negative,0.00784417699553259
1469663886303453187,neutral,0.36001742862195224
1469663891173130241,negative,1.0809269230970988e-06
1469663891965849605,negative,0.19882368870123687
1469663894675369987,neutral,0.3688120122074838
1469663894847332356,negative,0.2991937409586147
1469663897556717571,negative,0.00019022835087672654
1469663905446301709,neutral,0.4208162543050742
1469663905475710986,negative,0.0007352751443338098
1469663906687766536,negative,0.15128098491442946
1469663907052728321,negative,0.006049172120589156
1469663907912593417,negative,0.011759899782609927
1469663909393182724,negative,0.0762645827157711
1469663910517264393,negative,0.15029513708155978
1469663911863627778,negative,3.822987612030024e-05
1469663914182991875,negative,0.2800090504585934
1469663915063795714,negative,0.00418657949658623
1469663915994927107,neutral,0.4922415229393677
1469663917429297157,negative,2.279002772779075e-07
1469663918188634125,negative,0.013138611007132775
1469663919983808513,neutral,0.47371072416927557
1469663923410509826,negative,1.2744641209232806e-06
1469663924790480896,negative,0.008172561614639662
1469663925960642565,negative,0.017560771976844983
1469663926409474058,negative,0.00620701335877087
1469663927554486279,negative,0.0027716704005454848
1469663928275906564,negative,2.0657637219812346e-09
1469663932050771969,negative,0.0013797888821769184
1469663933631922177,negative,1.2744641209232806e-06
1469663939583692803,negative,0.006049172120589156
1469663939973767168,negative,0.006524842872066041
1469663940728791044,negative,0.05727696746174092
1469663941517266945,negative,0.003064801104378826
1469663943723556870,neutral,0.5966694205919543
1469663945241804806,negative,0.0013253647006727526
1469663949553430532,negative,0.11093513115858465
1469663952711950336,negative,0.002854017626149009
1469663953231962117,neutral,0.37874993579954885
1469663953332674567,positive,0.920138061897414
1469663954486112258,neutral,0.4258672216328618
1469663956075646976,negative,0.0027716704005454848
1469663961951911940,neutral,0.6318472206907645
1469663963583590401,negative,0.08064735943079344
1469663964447625223,neutral,0.5173008960746949
1469663965588475906,neutral,0.5533970533999424
1469663966490251267,negative,0.00010206327133108365
1469663967454842886,negative,0.00013642514878683474
1469663975008878601,negative,1.927220785663784e-06
1469663975050776578,negative,0.30388150864149155
1469663977567404041,negative,0.16361572772925123
1469663978385256448,negative,0.027381975687129797
1469663979039559685,negative,4.193662755186039e-10
1469663982294347777,neutral,0.49789225920557484
1469663984563503112,negative,3.177361935037219e-07
1469663985368813576,negative,0.00011110514400561494
1469663986950025226,negative,0.006049172120589156
1469663987113603076,negative,3.325984708356226e-09
1469663987352625156,neutral,0.4922415229393677
1469663987746889729,neutral,0.3441877553689745
1469663988124426244,negative,0.22587287542481294
1469663989332418561,negative,0.001029053378529251
1469663990615879681,negative,0.00554657495969716
1469663992742297607,neutral,0.5232781050605843
1469663993405054979,negative,3.7416950528668666e-08
1469663993744797698,negative,0.10322512320473935
1469663999251914757,negative,1.2744641209232806e-06
1469664001177145349,negative,0.024400432321681702
1469664001835642880,neutral,0.4922415229393677
1469664001936273411,neutral,0.36001742862195224
1469664004238983168,negative,0.0327513758115386
1469664004440272897,positive,0.991565230250393
1469664009787957254,negative,0.11638156177161227
1469664012409323523,negative,0.0017752422325382424
1469664013890068483,negative,0.1140444783299203
1469664015328722946,negative,0.010290034271779833
1469664016381448197,neutral,0.3605261220405024
1469664020374433798,negative,0.18795859623648656
1469664022442172417,negative,0.006524842872066041
1469664023813758977,negative,0.0023165509044797525
1469664027500556288,negative,0.3116361163679863
1469664028259762177,neutral,0.40797841627304043
1469664028758786049,negative,0.013138611007132775
1469664029010452481,negative,8.441686171283975e-07
1469664034823839745,neutral,0.5273166212311818
1469664037038346249,negative,0.024602388817284087
1469664037478744065,negative,0.001029053378529251
1469664037516587017,negative,0.002783089169697098
1469664042411307019,negative,0.00010206327133108365
1469664045171187713,negative,0.00011282809416689288
1469664048794980358,negative,0.00012513454370291643
1469664049428414471,negative,0.0030399914658015767
1469664049717821440,negative,6.486831575516108e-05
1469664052980953099,negative,0.0015487539651159493
1469664053060583428,negative,0.002360061077806689
1469664055480705024,negative,0.0015837799608156777
1469664056583901185,negative,0.26958614074974746
1469664057464659970,negative,0.20908334747013088
1469664067279155205,negative,0.013138611007132775
1469664067430367234,negative,5.064838399741881e-08
1469664069615558664,negative,0.03283828590862445
1469664070152425476,negative,0.09134166861473657
1469664071859515392,negative,0.009249074277092961
1469664071867936769,negative,0.006049172120589156
1469664072098463744,negative,0.013138611007132775
1469664078020890637,negative,0.017117873723249074
1469664079279271936,negative,0.07982347799332076
1469664080210571266,negative,0.00010206327133108365
1469664081779040258,negative,0.03929039892295627
1469664090628972550,negative,0.07650682824075292
1469664090775859203,negative,1.0495712118772396e-05
1469664091388186633,negative,0.001029053378529251
1469664093799960581,negative,0.19558011933134006
1469664097180524548,negative,0.00011639448524188519
1469664098027773952,negative,0.00020510473337740555
1469664099558735874,neutral,0.3341697100883887
1469664100137512965,negative,0.25050913950563336
1469664100464668678,negative,0.017650608960785172
1469664103602036743,negative,0.05026208313344146
1469664107699879944,negative,0.006049172120589156
1469664108714811404,negative,0.023109362957734716
1469664109633630208,negative,0.0027774093096840768
1469664111218860037,negative,0.20908334747013088
1469664113806643204,positive,0.6817573463822996
1469664115748659205,negative,0.014590353922935066
1469664115882930179,negative,4.450515516757616e-05
1469664118374158344,negative,0.04931558070743723
1469664118554697742,positive,0.920138061897414
1469664121213931521,neutral,0.49789225920557484
1469664121360691204,negative,0.000739478613749031
1469664121616482307,neutral,0.512787547435145
1469664123474563072,negative,0.01834620856624794
1469664125466734598,negative,0.00018906708177532171
1469664128172269573,negative,0.00010206327133108365
1469664129052983298,neutral,0.35037246870997213
1469664129250115585,negative,0.09288323869208057
1469664130516848643,negative,1.0526908779409694e-09
1469664132089757702,negative,0.008536427730910024
1469664135420035074,negative,0.117414810313685
1469664138427260933,negative,0.006049172120589156
1469664138536394752,neutral,0.4507454498615163
1469664139933069312,negative,0.0009013868300930839
1469664143603081220,negative,0.0016775990240159493
1469664144198713346,negative,0.0027774093096840768
1469664145318588423,negative,0.00998699081181591
1469664147843522568,negative,0.00043727387776235197
1469664151584845826,neutral,0.513136929509853
1469664151945498630,neutral,0.5969608636039944
1469664151987527685,negative,3.672272730676141e-05
1469664152331370503,negative,0.01968991644061769
1469664153476472835,negative,0.024400432321681702
1469664153539424265,negative,7.935491923813741e-07
1469664156869668868,negative,0.013138611007132775
1469664157351956483,negative,0.09909909085859256
1469664160271249415,neutral,0.4922415229393677
1469664160522850307,negative,0.00013642514878683474
1469664161714085890,neutral,0.4744541669089408
1469664163156869122,negative,7.137877550155004e-05
1469664163597369348,neutral,0.6510255845962093
1469664164780167172,neutral,0.46127768308170247
1469664166025867267,negative,0.00618225461652858
1469664171386183681,negative,0.027507998200295355
1469664172610887683,negative,3.5523034437066616e-08
1469664173495836680,neutral,0.47190160869753534
1469664173818892289,negative,0.022792179459334184
1469664176889077769,neutral,0.4922415229393677
1469664177182724097,negative,0.041647757891438035
1469664178155798533,negative,0.0056183789433709224
1469664181649657860,negative,0.002699464721539536
1469664183071477760,negative,0.014607207333724928
1469664188599517190,negative,5.544746397337526e-06
1469664189350391815,negative,0.05382618595310629
1469664189975347206,negative,0.005909385473613734
1469664190096883726,negative,0.0018670020834476383
1469664190784851974,neutral,0.3681794410447741
1469664193234317321,neutral,0.49789225920557484
1469664193859272709,negative,5.544746397337526e-06
1469664195591421955,negative,0.319073613866272
1469664196128387080,negative,0.0018670020834476383
1469664197483114497,negative,0.005127833337079019
1469664201987735558,negative,0.006049172120589156
1469664202025492480,negative,0.05970821081991704
1469664205347434502,negative,5.471245398148113e-08
1469664210141519882,negative,0.21921412548362115
1469664212326703107,negative,0.09729860747483163
1469664212968423430,negative,0.00010206327133108365
1469664217510862849,negative,3.62661884695835e-05
1469664217896792069,negative,0.12328233638731642
1469664220358885379,negative,0.006049172120589156
1469664221080211462,neutral,0.36001742862195224
1469664221386391556,negative,7.483718225407245e-05
1469664222586056712,negative,0.275006479867569
1469664224024666114,negative,0.0027774093096840768
1469664225991745536,neutral,0.4922415229393677
1469664228030259204,negative,0.0018670020834476383
1469664229737304066,negative,0.002360061077806689
1469664235219259393,negative,0.0021664864077272786
1469664237396148226,negative,0.0017752422325382424
1469664240114049024,negative,0.22541759661580246
1469664242680975364,neutral,0.49789225920557484
1469664243377188871,negative,0.19311067094070053
1469664243406548994,negative,0.001029053378529251
1469664243452547074,neutral,0.4922415229393677
1469664244987830274,negative,0.02187448997280475
1469664264810024962,negative,0.13516334570333927
1469664270032023563,negative,2.1541949596032318e-07
1469664271508332550,negative,0.027507998200295355
1469664272980619264,neutral,0.5505550505941735
1469664274524037120,negative,1.3629332065434103e-11
1469664278353481739,neutral,0.47190160869753534
1469664283407659015,negative,0.027507998200295355
1469664288520699904,negative,0.005127833337079019
1469664289938149385,negative,0.08645239102687068
1469664296577781762,negative,0.0762645827157711
1469664305381580801,neutral,0.49789225920557484
1469664312323096578,negative,0.03559389509895843
1469664312671277057,positive,0.8346384979216709
1469664319063445504,positive,0.956715524139039
1469664322238439430,negative,0.16569615195992185
1469664335354114050,neutral,0.43656055669394306
1469664337660944384,negative,0.01420567937797271
1469664338952822784,neutral,0.5957399490333923
1469664339112218628,negative,0.006486976436528972
1469664344652853253,neutral,0.4744541669089408
1469664345047150606,negative,2.8163284088808445e-07
1469664347291066374,negative,0.2766676894196998
1469664349404893186,negative,0.027507998200295355
1469664355562176518,negative,0.21993962297108166
1469664355750981638,negative,0.03580046065508216
1469664371601289219,neutral,0.49789225920557484
1469664375552323587,negative,0.05069724824724129
1469664380442882050,negative,4.7863046946729186e-08
1469664388764295170,negative,0.03306664828824979
1469664397819842563,negative,0.016317303264771453
1469664399489179654,neutral,0.4922415229393677
1469664404677431301,negative,0.04662619201738997
1469664426424999939,negative,0.004230789998112372
1469664429293850626,negative,0.00010206327133108365
1469664430971670534,negative,0.13516334570333927
1469664435371401219,negative,0.08410115516235767
1469664436214509570,neutral,0.5966694205919543
1469664440283025424,negative,6.644408627405676e-06
1469664440693968903,negative,0.00010206327133108365
1469664446285066242,negative,0.11406642898538841
1469664449992839170,negative,0.014720344376385542
1469664452412940289,negative,0.00010206327133108365
1469664456124907520,negative,3.7515472327744505e-06
1469664457982988292,negative,3.591365971405251e-05
1469664459660664838,negative,1.466858723629884e-06
1469664460038197252,negative,0.006486976436528972
1469664462722539524,negative,0.011980967136856239
1469664469982793734,negative,0.00022957761329958103
1469664470687494145,negative,0.026262876328569367
1469664474609205257,negative,0.07424239295699045
1469664481659666435,negative,0.0019666397218158988
1469664484046213122,negative,0.001278503335434978
1469664485640224769,negative,0.0011358474669816573
1469664486000926726,negative,0.00020303576369820673
1469664486231523328,positive,0.8540796414707725
1469664486382526465,negative,0.003208043932217724
1469664488387334144,negative,5.43884269543963e-05
1469664488781754368,negative,0.011266974040549724
1469664488878133252,negative,0.00015965500386598926
1469664489347895297,negative,0.013138611007132775
1469664491348627456,negative,0.047015585844181536
1469664494905352196,negative,0.15906990320017803
1469664498726363141,negative,0.09134166861473657
1469664504313270277,neutral,0.4507454498615163
1469664506292973573,negative,0.1679900752435623
1469664520394190848,negative,0.17362245464774875
1469664524370419713,negative,1.6969815537174914e-05
1469664532373061644,negative,0.0059090562828192335
1469664535351017472,positive,0.9888931964845828
1469664549800488963,negative,0.028423064705822215
1469664550006018057,neutral,0.4922415229393677
1469664551360778242,negative,0.003966428442272445
1469664552107270145,negative,0.02187448997280475
1469664560105738242,negative,0.003966428442272445
1469664567013920772,negative,0.006486976436528972
1469664567374626819,negative,0.005161551209045684
1469664567676620814,negative,0.09134166861473657
1469664569828286471,positive,0.9677569357217943
1469664576614670338,negative,0.001486421852083416
1469664604208914433,negative,0.2528761058759219
1469664604318015491,negative,0.0001378718406081912
1469664605907599362,neutral,0.4922415229393677
1469664613398728708,neutral,0.4258672216328618
1469664615063863297,negative,1.3026917786797074e-06
1469664622319845381,neutral,0.4622903534400044
1469664627718074369,negative,1.1483573844173894e-07
1469664629097906187,negative,0.00012307736065659335
1469664629974573058,negative,0.0005429532949467358
1469664637146873856,positive,0.9957074059992566
1469664640179347463,negative,1.1945633634852167e-07
1469664640993009672,neutral,0.5734576952979002
1469664641991294982,positive,0.920138061897414
1469664646022012936,negative,0.011177653452569894
1469664647695454210,negative,0.230086700843432
1469664651663261704,negative,2.2252213875087176e-05
1469664653026504709,negative,0.17362245464774875
1469664659443789827,negative,4.987311194323978e-07
1469664671447740416,neutral,0.4622903534400044
1469664674971062273,neutral,0.34792327212349916
1469664678053883910,negative,2.3362664612085148e-09
1469664687742717962,neutral,0.47371072416927557
1469664688405299212,negative,0.08036069595251281
1469664689508556804,negative,2.3362664612085148e-09
1469664691941167108,neutral,0.5628056929000496
1469664713663557639,neutral,0.43247568587161433
1469664714229796867,negative,0.0033653845094208062
1469664714850390018,neutral,0.4622903534400044
1469664716553433092,negative,0.0009124219198845328
1469664719862743044,neutral,0.49789225920557484
1469664721905328140,positive,0.9957074059992566
1469664723037827076,neutral,0.49789225920557484
1469664730050666501,negative,0.0762645827157711
1469664730100948997,positive,0.7804022613200606
1469664743979892741,negative,5.544746397337526e-06
1469664745783537671,neutral,0.519589769220795
1469664751328407552,neutral,0.513136929509853
1469664754084028419,negative,2.3362664612085148e-09
1469664762392948739,negative,0.17480722781606825
1469664774938050569,positive,0.9862674759890201
1469664780541739014,negative,2.3362664612085148e-09
1469664788334755845,positive,0.8182957190071412
1469664818252681219,positive,0.8346384979216709
1469664819049545735,neutral,0.49789225920557484
1469664823076130823,neutral,0.5966694205919543
1469664825605304326,negative,0.005226039986941779
1469664836388798465,negative,0.03798070619739034
1469664842281897984,negative,0.010562672898286954
1469664855586127878,negative,0.0005284614959409594
1469664859159769088,positive,0.9496372501312157
1469664861336526848,negative,0.0015736312999287362
1469664884388417537,negative,0.020716617361976105
1469664887899136003,negative,0.07701952594526358
1469664889425829888,negative,0.009625696401353082
1469664894526050310,negative,1.3026917786797074e-06
1469664898078724104,negative,0.16487207122692688
1469664902268833794,negative,0.011266974040549724
1469664902453334024,negative,0.0011756633338339674
1469664902805655553,negative,0.007709768608106623
1469664906425348103,negative,0.007235251124273518
1469664906660171780,negative,0.08036069595251281
1469664908073738246,negative,0.17253436023369823
1469664915170414592,negative,0.004895003398461487
1469664916810317824,neutral,0.5089850057697459
1469664919318679565,negative,2.3362664612085148e-09
1469664921461956610,negative,0.005226039986941779
1469664925140197376,negative,0.00015813344984472316
1469664930815258630,negative,0.003966428442272445
1469664933516296199,negative,0.00015397696848718593
1469664937383444486,negative,4.989671900369736e-05
1469664940655091712,negative,0.06910547213773718
1469664942215344135,negative,0.0013030821996653627
1469664954814976012,negative,0.05589584799747824
1469664961907822598,negative,0.002113253438287953
1469664963333611530,negative,0.003966428442272445
1469664963354632198,neutral,0.3341697100883887
1469664972888231940,negative,0.08057990940596363
1469664983453777923,negative,0.00022957761329958103
1469664986029072389,positive,0.8346384979216709
1469664997127208960,negative,0.17362245464774875
1469664997794095107,negative,0.042553950178587596
1469665002596483085,negative,0.013827870464760982
1469665003015921674,negative,2.0908007865347347e-05
1469665007986221063,negative,0.0022408598277824984
1469665011954077700,neutral,0.49789225920557484
1469665015124930564,negative,0.00943694266137828
1469665019327614982,negative,0.014609963092930191
1469665026378285060,negative,0.003340921389103993
1469665043071516674,neutral,0.5173008960746949
1469665048087904269,negative,0.0006640596999088134
1469665050319335425,negative,0.1679900752435623
1469665056480714761,negative,0.0006640596999088134
1469665066312212491,negative,0.003904518624342561
1469665067658629125,negative,0.0003870712195158765
1469665071454461956,neutral,0.5542546942248959
1469665084544851971,negative,0.027381975687129797
1469665085987696643,positive,0.6774024187612661
1469665086281326597,negative,0.00164424025471268
1469665093747101696,negative,0.006118061403405386
1469665098532851721,negative,2.3362664612085148e-09
1469665110826393600,negative,0.017512027549310975
1469665121073041413,negative,1.6969815537174914e-05
1469665125615296512,negative,0.002113253438287953
1469665139246960640,negative,0.09058590183981224
1469665140073275403,negative,3.7515472327744505e-06
1469665150294708235,negative,5.405484549587069e-06
1469665151196487681,positive,0.970659190336658
1469665151372701706,negative,0.005772619872392517
1469665151376781312,neutral,0.3358166066108792
1469665154719797252,negative,5.993599632584001e-06
1469665158012284934,negative,2.532369382074285e-11
1469665160390447106,negative,0.0395807328061575
1469665166895693824,neutral,0.33215187774897503
1469665167881474052,negative,0.002254185801212823
1469665168879759366,positive,0.9957074059992566
1469665173824806912,negative,0.1498206874771263
1469665189654106112,negative,0.025383320966407743
1469665189876412419,negative,0.006486976436528972
1469665205357629446,negative,0.013328461149471232
1469665209333829641,negative,0.01968991644061769
1469665210357194753,negative,0.07448894119612172
1469665226207420417,negative,0.00035824613978788575
1469665227792953345,neutral,0.49789225920557484
1469665229336416260,negative,0.011980967136856239
1469665234390597636,negative,0.3040931683569463
1469665235749388290,negative,0.15906990320017803
1469665248022048769,negative,0.013138611007132775
1469665255915667463,negative,2.471982504026564e-11
1469665257404653574,neutral,0.3801276998991766
1469665261087342604,negative,4.620270620388618e-06
1469665262018260995,negative,0.024400432321681702
1469665266577686544,negative,0.010445485790962607
1469665271841492994,negative,0.010857694612690193
1469665273380851725,negative,0.3236550075310847
1469665280897040386,positive,0.9957074059992566
1469665293186355200,negative,0.027381975687129797
1469665308579438593,negative,0.013138611007132775
1469665315717976066,negative,0.0003188959655103126
1469665316435156996,neutral,0.458452529704962
1469665320428347404,negative,2.0821932311874696e-10
1469665321950883841,negative,0.006134799647706999
1469665329689284618,negative,4.54808212668009e-05
1469665336672804865,negative,0.30388150864149155
1469665341135638534,negative,0.0003188959655103126
1469665346156212227,negative,0.032104141453392604
1469665349167730691,negative,0.056864471026290705
1469665351671689216,negative,1.4164363770458032e-09
1469665358332243970,neutral,0.35037246870997213
1469665361272479754,negative,0.08719576606746703
1469665361347985418,negative,0.0006446111313527282
1469665362295799811,negative,0.002113253438287953
1469665364753719298,neutral,0.4922415229393677
1469665377374326788,negative,0.001029053378529251
1469665378586529795,negative,0.0016933306576267107
1469665384227815429,negative,0.005156363659832383
1469665384487915527,neutral,0.4922415229393677
1469665385603645443,negative,0.275006479867569
1469665385616138250,negative,7.373332345004647e-09
1469665388325650444,negative,0.0016341002458922498
1469665393493041161,negative,0.2692694869302423
1469665398786342915,neutral,0.4744541669089408
1469665401164337157,negative,0.008172561614639662
1469665402414317568,negative,0.11149082044516265
1469665409787912197,negative,5.993599632584001e-06
1469665412145111042,negative,0.008172561614639662
1469665418612641796,negative,0.014605358827062377
1469665421334913026,neutral,0.4922415229393677
1469665424610574345,negative,0.032104141453392604
1469665441815703552,negative,4.184909388688681e-05
1469665449772257280,neutral,0.4922415229393677
1469665466180423685,negative,0.05337444675659612
1469665468692717568,negative,0.03432184611873509
1469665471435882500,negative,0.011266974040549724
1469665471687499780,negative,0.27974594488627924
1469665472568168449,negative,0.22587287542481294
1469665475231576066,negative,0.003966428442272445
1469665479866437640,negative,1.6969815537174914e-05
1469665481464373251,neutral,0.47219346026268355
1469665505757782019,neutral,0.4360476891256873
1469665506814828554,neutral,0.3341697100883887
1469665524204326918,negative,0.30388150864149155
1469665536028168192,negative,5.544746397337526e-06
1469665541203890177,neutral,0.47190160869753534
1469665547419856900,negative,0.07181320324727127
1469665547621220361,negative,0.0008830228398527685
1469665549001101317,negative,0.2681776283746988
1469665551198953481,neutral,0.5942714856071368
1469665554646642692,negative,0.14197962380985676
1469665558245355522,neutral,0.4898631585877994
1469665561147842564,negative,0.24672323886690875
1469665564620734465,negative,0.20540810866262715
1469665565279236103,negative,0.026828216772994636
1469665565635715080,negative,0.001386110493468265
1469665566176825347,negative,0.00164424025471268
1469665571671314434,neutral,0.49789225920557484
1469665582190583815,negative,0.000593850744523868
1469665585797677058,negative,0.0030399914658015767
1469665586825281543,negative,0.0003188959655103126
1469665591116144641,negative,0.0018670020834476383
1469665591799734276,negative,0.2663069246050526
1469665593431265285,negative,0.00020649951832175673
1469665594521927685,negative,0.000273046410154122
1469665599261396998,neutral,0.5966694205919543
1469665600893030409,negative,0.044430002265207914
1469665602004570112,neutral,0.35037246870997213
1469665604256808970,negative,0.11008585946926644
1469665607637475331,positive,0.920138061897414
1469665611936673797,negative,0.006049172120589156
1469665613857669132,negative,0.1805807122578716
1469665613924741124,negative,0.006049172120589156
1469665616009256964,negative,0.003384846781704748
1469665617737359368,negative,0.00010206327133108365
1469665619268284419,negative,0.0010547988624508265
1469665622309093376,negative,0.0009234384382147756
1469665622430826497,negative,0.003966428442272445
1469665622472773637,negative,2.4637021220958988e-08
1469665622950821892,negative,6.377187565013365e-10
1469665625299734531,neutral,0.49789225920557484
1469665625886887945,negative,8.58209684949146e-07
1469665626738380804,negative,0.0007973728045669993
1469665628307005450,neutral,0.3441877553689745
1469665629061976066,positive,0.8399165383435502
1469665631666593800,positive,0.7014953172484782
1469665633122009098,negative,3.7515472327744505e-06
1469665636720824324,neutral,0.49789225920557484
1469665637911904262,negative,0.08336430937932765
1469665640617238534,neutral,0.4659123521014571
1469665647323979776,negative,1.0559165317156686e-05
1469665647919460355,neutral,0.49789225920557484
1469665649102315520,neutral,0.4922415229393677
1469665650163474432,negative,0.014720344376385542
1469665651954360320,negative,0.0006397204897721189
1469665653711945729,negative,3.3192506551171516e-05
1469665653892292611,negative,0.028343546593358724
1469665654429134855,negative,7.513104861093461e-05
1469665657117724678,negative,5.263381438762662e-06
1469665657604161539,negative,0.001029053378529251
1469665658434641926,negative,0.006049172120589156
1469665660510818308,negative,0.2302802391034935
1469665661592952836,negative,0.022570970844164755
1469665662331150341,negative,0.0005092112397506101
1469665662817685506,negative,0.008174074925529488
1469665670187073548,neutral,0.4922415229393677
1469665670677864450,negative,4.125948835026758e-08
1469665670950445057,negative,0.014590353922935066
1469665671177019394,neutral,0.4922415229393677
1469665672024117249,negative,0.02028642150105052
1469665673987207180,negative,0.10752318731189425
1469665675639726085,negative,0.025349490969101676
1469665679519498241,negative,0.006049172120589156
1469665680614117380,neutral,0.4922415229393677
1469665680630898692,negative,0.031580887307158335
1469665681805352963,negative,0.0026147924845484217
1469665683294273541,neutral,0.36519312127355336
1469665684162584578,negative,0.04632734966713254
1469665684934348800,negative,0.006049172120589156
1469665685475401733,negative,1.6969815537174914e-05
1469665685685116930,negative,0.0001991531874976337
1469665687857733635,negative,1.9601230431671792e-06
1469665689401274368,negative,1.6969815537174914e-05
1469665689518678019,negative,0.019203424117736085
1469665690219167744,negative,0.010649764487101357
1469665693524189184,negative,0.0013430394511942416
1469665695181033474,negative,0.0006264468846805971
1469665696418304001,neutral,0.3441877553689745
1469665696707612674,negative,0.0020251429196912482
1469665705909968896,negative,0.1767154186593358
1469665711320666116,neutral,0.43614417046536036
1469665712411136011,neutral,0.4922415229393677
1469665717930840064,neutral,0.42755866745518784
1469665719214350340,negative,2.395220491846809e-08
1469665719889629184,negative,0.25050913950563336
1469665720934014980,negative,0.001029053378529251
1469665722255224832,negative,0.009497552500856819
1469665726671769601,negative,3.577877391049718e-05
1469665727305162764,negative,0.27725087474905075
1469665731205812227,negative,0.006049172120589156
1469665731658891266,neutral,0.4922415229393677
1469665735282679809,negative,0.04931558070743723
1469665738478784519,negative,0.006049172120589156
1469665739074383877,negative,0.01596818549447138
1469665739665780741,negative,0.006049172120589156
1469665739669913604,negative,0.2663431548326076
1469665740294815751,negative,0.011663600409077836
1469665742513713155,negative,0.007927013547115737
1469665745508384770,negative,0.0018670020834476383
1469665748700258307,positive,0.7606676917808519
1469665748859723782,negative,6.365562514925498e-06
1469665749132271616,negative,0.17362245464774875
1469665750399004687,negative,5.863418024934581e-06
1469665752093446151,positive,0.7925977396035306
1469665756958887937,negative,1.2154011113033059e-08
1469665757219143681,negative,0.013138611007132775
1469665757806022659,neutral,0.4922415229393677
1469665760285011970,negative,0.0003353459694841991
1469665764319842307,negative,0.010445485790962607
1469665766245023746,negative,0.14677178855665504
1469665768040239104,neutral,0.36735591573300125
1469665768455524352,negative,0.00022106349205520463
1469665768505810945,negative,0.001029053378529251
1469665770737123331,negative,0.25050913950563336
1469665772935028738,negative,0.00682626175518094
1469665773580959752,negative,0.06114081753695466
1469665773870321664,negative,0.04180130099513131
1469665773949906947,neutral,0.529811219891947
1469665773975224334,negative,0.001029053378529251
1469665774516199426,negative,3.587007155570004e-11
1469665775741022214,negative,0.1679900752435623
1469665776466542592,negative,0.00011258626322698977
1469665778836385794,negative,0.019417110997269785
1469665778928701450,negative,0.013031897450225661
1469665781449330689,negative,0.30388150864149155
1469665781671735303,neutral,0.4624452707015581
1469665782191861762,negative,0.18652869196170796
1469665782535704579,negative,0.005495384311732552
1469665783462649862,negative,0.1484079427921508
1469665783852810243,negative,0.006049172120589156
1469665786667094018,neutral,0.36001742862195224
1469665789670211588,negative,0.00010206327133108365
1469665793080238087,negative,8.577186782532062e-10
1469665793734438916,negative,0.03792004062270731
1469665794598526984,negative,0.1655366164537964
1469665795244498950,negative,0.00472469341365441
1469665796263657475,neutral,0.5017289260858006
1469665800583794695,negative,0.08735907061381515
1469665803746398211,neutral,0.5994764194460626
1469665805134667784,negative,0.024714472130582428
1469665806401343489,negative,0.00032685190080199253
1469665806631985155,negative,0.015962490650020058
1469665807533699074,negative,0.10176567961712395
1469665807764537344,negative,0.00010206327133108365
1469665807995219976,negative,0.00014187885146565855
1469665809328971783,negative,1.2744641209232806e-06
1469665811702980610,positive,0.9803770710108319
1469665811879055366,negative,0.10793221811524452
1469665812801888257,negative,0.001029053378529251
1469665813426810885,negative,0.006049172120589156
1469665816958357511,neutral,0.48898080829766044
1469665817453383687,negative,0.16646469073229755
1469665819093356550,negative,0.013138611007132775
1469665820620042241,negative,3.7515472327744505e-06
1469665821098192898,negative,0.050332740392074006
1469665821098229765,positive,0.7240972964896673
1469665821282770954,negative,3.928041252929294e-05
1469665821660229635,negative,0.006210312776848148
1469665822671085570,negative,0.04414397929001299
1469665824214503432,negative,0.03423029193087073
1469665825024004108,negative,0.012100096763618041
1469665826852724741,negative,0.0030399914658015767
1469665827276402689,negative,0.06662548124573474
1469665828094234624,negative,0.0001333595517114686
1469665833077067788,negative,0.2766676894196998
1469665833483972613,negative,0.0056183789433709224
1469665834205388804,neutral,0.37874993579954885
1469665836218650631,positive,0.7180440460084622
1469665836461928451,negative,0.006049172120589156
1469665836860428291,negative,0.10297541052482632
1469665843806150657,neutral,0.4922415229393677
1469665845039312904,negative,0.004750876137162726
1469665856061902855,negative,4.4575562404063577e-07
1469665859698319365,negative,8.81443759691297e-05
1469665860507865096,negative,0.00011110514400561494
1469665861288013828,neutral,0.35037246870997213
1469665862261129219,negative,0.00010206327133108365
1469665862324043777,neutral,0.45516320844390745
1469665862919593991,negative,0.001029053378529251
1469665863250989059,negative,0.055406868812691336
1469665863544492037,negative,0.0001378718406081912
1469665866442702848,neutral,0.47371072416927557
1469665868585996293,negative,0.003966428442272445
1469665870737772548,negative,0.15029513708155978
1469665872570580992,negative,7.174863525263496e-06
1469665877322866692,negative,2.2886479465162293e-09
1469665878396616712,negative,0.004681562550760198
1469665878656659457,negative,0.000833466675994289
1469665878946074629,negative,0.0007891377969424759
1469665886147682308,negative,5.993599632584001e-06
1469665886286061568,neutral,0.4307963978890869
1469665886680367114,negative,0.0003188959655103126
1469665887456313347,negative,0.02966248749382372
1469665890623008769,negative,0.01964317733836416
1469665892820676611,neutral,0.4547397256508491
1469665895534448648,negative,0.006049172120589156
1469665899468759047,negative,0.14822956217475602
1469665901792346115,negative,0.0005568259662447558
1469665904871067659,negative,0.0003852987730250424
1469665906984955905,negative,0.25050913950563336
1469665908276674569,negative,8.727238113670493e-05
1469665913481875463,negative,0.006049172120589156
1469665913960075266,negative,7.513104861093461e-05
1469665914450853895,negative,0.031152488849722035
1469665915960807425,negative,0.013922910146925946
1469665918477377540,negative,0.006524842872066041
1469665918787665922,negative,0.0049952313262256205
1469665918984859651,negative,1.618462067967298e-09
1469665918997479427,negative,0.0008083928741060908
1469665919286841347,negative,0.09134166861473657
1469665923598594050,negative,0.2122943642069456
1469665923900575744,negative,0.0004649692786249934
1469665925746118657,negative,0.002848539801757382
1469665926236811267,negative,0.0369643837690742
1469665927092482051,negative,0.03432184611873509
1469665929223188481,negative,0.04395745887931387
1469665929629995015,negative,0.006524842872066041
1469665929789333510,positive,0.9997534332827445
1469665930024214528,negative,0.029517851269276824
1469665930699550733,negative,0.00011850821855897372
1469665936588390403,negative,0.07982347799332076
1469665936714387460,neutral,0.4922415229393677
1469665937867558915,negative,0.00020510473337740555
1469665938710614019,neutral,0.4624452707015581
1469665939448807426,negative,1.0149208483399189e-05
1469665940774215682,negative,0.23977575112261929
1469665941235589124,negative,0.006118061403405386
1469665941940228111,negative,0.01842579804637301
1469665943622234115,neutral,0.4624452707015581
1469665947887620097,neutral,0.40435881587153305
1469665948625948672,negative,4.055493317868645e-08
1469665949020307460,negative,4.086582824900336e-05
1469665949955637254,negative,0.1484079427921508
1469665951511724037,positive,0.9881197858223876
1469665952971345924,negative,0.022618150585604575
1469665960521080838,negative,0.0008724929448678237
1469665965126344709,negative,0.00040247230923397346
1469665970956517387,negative,0.05643452174331714
1469665972126720008,negative,0.004750876137162726
1469665973535916036,negative,8.88690742047845e-06
1469665973766696965,negative,0.19405629596571444
1469665981010264064,negative,0.30812631056116563
1469665982071324685,negative,0.0019839903572114468
1469665984114044931,negative,8.470023622979269e-07
1469665985288458243,negative,0.006049172120589156
1469665987826008072,neutral,0.47371072416927557
1469665991940612098,negative,0.015770144970442043
1469665993232457728,negative,2.89898103377677e-06
1469665993504874496,positive,0.7195487567089036
1469665994071236608,negative,0.031124843187613063
1469665995879030789,negative,0.0022596502619460987
1469665996206231555,negative,0.12810998683903208
1469665997275729929,negative,0.011553812932554192
1469666001788747779,negative,0.13759670399158416
1469666003713990657,negative,0.001029053378529251
1469666004703846408,positive,0.7214474583498738
1469666005018365954,negative,0.006049172120589156
1469666005848838148,negative,0.0006213075340676291
1469666006125711371,negative,0.01724799358164337
1469666009116250120,negative,5.435176663666071e-08
1469666012010205187,negative,0.01879274675856803
1469666013352448002,negative,0.031580887307158335
1469666014652686341,negative,0.001029053378529251
1469666017014132738,negative,0.0009751914386568945
1469666018637271043,negative,0.13784836882602458
1469666019400638468,negative,0.00047486803049039
1469666019769782275,negative,0.0987661383671803
1469666020948381699,negative,0.1687545479132074
1469666021267189764,negative,1.572667449766837e-08
1469666026036023296,negative,0.00682626175518094
1469666026354847745,negative,0.10176567961712395
1469666027416035331,negative,0.09134166861473657
1469666027646730241,negative,0.01396555224626458
1469666029743730695,negative,0.28944110188321037
1469666029953425408,negative,0.0001074258302160136
1469666034194001920,negative,0.012529124564935426
1469666035058061317,negative,0.055540677026033325
1469666036429602817,negative,0.05566118104698861
1469666039579435009,positive,0.9243384087395539
1469666039881478153,negative,0.003384846781704748
1469666042179997706,negative,0.09268159405131293
1469666043706712068,negative,3.7143723053621828e-09
1469666043920633868,neutral,0.4922415229393677
1469666044855865347,negative,0.006524842872066041
1469666045917110276,negative,0.08719576606746703
1469666047443808256,negative,0.003462814704607827
1469666048136065031,negative,0.001029053378529251
1469666048991539203,negative,0.05970821081991704
1469666050178531334,negative,0.05956040472709464
1469666053596852228,negative,0.10920595662265328
1469666055241019397,negative,0.030602573929088713
1469666055748349952,negative,0.012910917863269082
1469666056549507072,negative,1.7501620899517324e-05
1469666059338850311,negative,0.030460502788289684
1469666059825434628,negative,0.0030399914658015767
1469666060278370317,negative,0.0018670020834476383
1469666061905797121,negative,0.0006925635408647494
1469666063331860482,negative,0.002113253438287953
1469666066070708224,negative,0.1866132759757034
1469666066926297096,neutral,0.4737554465528978
1469666067798765573,negative,0.00010206327133108365
1469666077898592258,positive,0.9997534332827445
1469666079240859658,negative,0.009690576734998266
1469666080616497154,negative,0.025204700537774336
1469666084534075392,neutral,0.4922415229393677
1469666084903137283,negative,0.002854017626149009
1469666085662334982,negative,0.22899264690998503
1469666086073294848,positive,0.8825067454755822
1469666088887758855,neutral,0.3441877553689745
1469666088933859329,negative,8.81443759691297e-05
1469666090729058304,negative,9.774068154449237e-05
1469666091773407236,negative,0.0004921481155701814
1469666092373139462,negative,0.15592142592410774
1469666094680006664,negative,0.25050913950563336
1469666097649655814,negative,0.016750933702078186
1469666098073124866,negative,0.01757334793206433
1469666098211663876,negative,1.4999470481167263e-07
1469666099855822851,negative,0.0018670020834476383
1469666101940346886,negative,0.006049172120589156
1469666104427565061,positive,0.6793137111361452
1469666109330763780,negative,0.017650608960785172
1469666109720862722,neutral,0.49789225920557484
1469666110970769408,negative,0.0905072253293942
1469666111029497856,negative,3.914280698711738e-06
1469666112459751425,negative,3.999557245340065e-12
1469666112560418828,negative,0.0001378718406081912
1469666117899767813,negative,6.522973870464873e-06
1469666124321144839,negative,0.00010206327133108365
1469666124677763074,positive,0.9224552171670162
1469666125394989065,negative,0.01704070940894669
1469666126489604098,neutral,0.4507454498615163
1469666126984626181,negative,1.0544414360281234e-06
1469666127882170376,negative,0.0001333595517114686
1469666129962573827,negative,0.004750876137162726
1469666130369331208,negative,0.00010206327133108365
1469666133074755587,negative,0.0018670020834476383
1469666133141860358,negative,1.6439902343887486e-05
1469666133259214859,positive,0.9821678346820043
1469666134387478537,negative,0.22587287542481294
1469666136061001730,negative,4.055493317868645e-08
1469666137562570760,negative,0.001029053378529251
1469666137772228610,negative,0.016179704597638327
1469666140192395267,negative,1.068162920913805e-05
1469666140393811971,negative,0.1282792325240972
1469666142243409920,negative,3.715183653777375e-08
1469666145527644160,negative,1.6510793721935473e-07
1469666150170693639,negative,0.006524842872066041
1469666150795649031,negative,0.002113253438287953
1469666154411089925,negative,0.006049172120589156
1469666155099049997,negative,0.31757105718231066
1469666156751601670,negative,2.3362664612085148e-09
1469666156915081216,negative,0.3177770776872816
1469666158446092294,negative,0.00010206327133108365
1469666159767134208,negative,0.002727978023560115
1469666163386945536,negative,0.00478002304513142
1469666163797991426,negative,6.627000194300025e-07
1469666165215612934,negative,0.19974668082217029
1469666166096502794,neutral,0.4744541669089408
1469666166276771844,negative,0.062403371835180944
1469666171729420294,negative,0.07537070477518791
1469666172857733126,neutral,0.4922415229393677
1469666174577356808,positive,0.8794400731486101
1469666179262332928,negative,0.0670975128770527
1469666180776529925,negative,5.04692360685991e-08
1469666181720256523,negative,0.021601113727273177
1469666183142162438,negative,0.21436555513160374
1469666184043929600,negative,0.00010516585130774938
1469666184694050816,negative,1.7826943298787937e-06
1469666188087156740,neutral,0.47371072416927557
1469666188657635334,negative,0.0010444442725567734
1469666189408358401,negative,0.001029053378529251
1469666189811068932,negative,0.2753199411514972
1469666191149051908,neutral,0.49789225920557484
1469666191245467650,neutral,0.4922415229393677
1469666193162346496,negative,0.006049172120589156
1469666193460142083,positive,0.91390305739615
1469666193531359236,negative,7.513104861093461e-05
1469666195230105601,negative,0.0001391994414265923
1469666195645337605,negative,0.08486648817223946
1469666197360812033,negative,0.1140444783299203
1469666199231516673,negative,0.06200939247047102
1469666200095502341,negative,0.1041316207632041
1469666207037018119,negative,0.006049172120589156
1469666207628500997,negative,0.011759899782609927
1469666208026869762,positive,0.9325008241894954
1469666208169566212,positive,0.6767599322126876
1469666209679478788,negative,0.1687545479132074
1469666209897529350,negative,2.0011396510759203e-10
1469666210056966147,negative,0.0018670020834476383
1469666210388316173,negative,1.871106433147396e-05
1469666210707034112,neutral,0.4624452707015581
1469666212397391872,negative,0.1811662848703103
1469666214918164484,negative,0.0005973029797894204
1469666218445623296,negative,5.023812236677247e-12
1469666220018438154,positive,0.8182957190071412
1469666224002973697,neutral,0.4922415229393677
1469666224175042567,positive,0.7011238730503154
1469666225420582912,negative,0.005735031339052372
1469666232282591236,negative,0.006049172120589156
1469666233310068737,negative,0.04931558070743723
1469666233410801671,neutral,0.48053460187524555
1469666235885682689,negative,0.0006438753633012434
1469666236430786563,negative,0.013827870464760982
1469666238641147908,negative,0.01172752128516617
1469666239849152517,negative,0.02075810705689078
1469666241094819843,negative,0.006118061403405386
1469666244571713542,negative,0.22926451946998233
1469666246828470277,negative,0.05970821081991704
1469666247218499590,negative,0.03292670978784424
1469666249089110017,negative,0.0011836176855356667
1469666249894473729,negative,0.00010206327133108365
1469666252360724480,negative,9.401141517564754e-06
1469666252738105349,negative,2.2019299646561113e-08
1469666256148127746,negative,0.20987913554800602
1469666256357892100,negative,0.11928031742335563
1469666260891975688,negative,0.039966950296138753
1469666265954402304,negative,0.0022965169298918677
1469666266545856524,negative,0.02545445313493427
1469666269813166088,negative,0.006049172120589156
1469666270073266180,negative,0.0005425095391743677
1469666274699583493,negative,1.4056562054152429e-06
1469666274804383746,neutral,0.3341697100883887
1469666276662341636,neutral,0.3534575539115691
1469666277862031360,negative,0.00035999167414606773
1469666279019753475,negative,0.010445485790962607
1469666280055713792,negative,0.000739478613749031
1469666281456640008,negative,0.0027716704005454848
1469666282068979712,negative,0.02331698721093658
1469666282589114370,negative,0.3077163466691451
1469666286615547909,negative,2.802822525368438e-07
1469666287441874953,positive,0.9650188349994595
1469666292961628160,negative,0.23147264797777153
1469666296296099841,negative,0.001029053378529251
1469666302604328970,negative,0.049163354407399946
1469666304235819014,negative,0.003966428442272445
1469666305238315016,neutral,0.4728282325966259
1469666306031079431,negative,0.19882368870123687
1469666309608722438,negative,2.093788100255144e-06
1469666310468603917,negative,0.06153578140559473
1469666311047286791,neutral,0.48418773984541497
1469666313266151435,negative,0.005113347106528326
1469666318026694658,negative,0.017778414209637716
1469666318995578884,negative,0.14613818312950563
1469666320765571075,negative,0.02741315838269539
1469666321210097665,positive,0.7936752294270059
1469666321214357510,negative,0.02187448997280475
1469666321298341892,negative,0.006509153570410358
1469666323215101956,negative,0.01879274675856803
1469666324364374024,negative,0.04698799527133462
1469666324829900805,negative,0.13759670399158416
1469666325526028290,negative,0.27725087474905075
1469666331955978248,negative,0.006049172120589156
1469666332560007176,neutral,0.47697210391394973
1469666332719431684,negative,1.2744641209232806e-06
1469666334028009474,negative,1.2744641209232806e-06
1469666334359314439,negative,0.0018670020834476383
1469666334577500164,negative,0.16121627442995423
1469666336666267649,negative,0.01172752128516617
1469666337727434768,neutral,0.4922415229393677
1469666338301956096,negative,2.8618451898406364e-11
1469666340348829696,negative,0.0001122087889376989
1469666340529049600,negative,9.933825281026453e-05
1469666341426798596,negative,7.329799122723593e-07
1469666347688812545,neutral,0.49789225920557484
1469666351207886860,negative,0.00022957761329958103
1469666352751390729,negative,0.19558011933134006
1469666353573502978,negative,0.003790121703632758
1469666355926511618,negative,0.00040247230923397346
1469666359034494986,negative,0.0020842762522678988
1469666361756561410,negative,1.2744641209232806e-06
1469666363614679042,negative,0.008050009193651135
1469666364625506311,negative,1.0972670199147706e-05
1469666365288206340,neutral,0.3441877553689745
1469666367204839424,negative,0.000171559051323538
1469666367746027529,negative,0.006049172120589156
1469666368052252675,negative,0.001029053378529251
1469666368316452870,negative,0.09737186528361076
1469666370677837825,neutral,0.513136929509853
1469666370728177664,neutral,0.36001742862195224
1469666371260850178,neutral,0.4894886660404289
1469666371546058752,neutral,0.4922415229393677
1469666371609022466,negative,0.13516334570333927
1469666372221378574,negative,0.0787675875853112
1469666372993130496,negative,0.006524842872066041
1469666373320253443,negative,0.05201105289982327
1469666374113009674,negative,0.13737774160946437
1469666374830239745,negative,0.0040781736432032095
1469666375891361800,negative,0.006049172120589156
1469666378894524425,negative,0.00010206327133108365
1469666384011534345,negative,0.006524842872066041
1469666386410721280,negative,1.671064368171477e-07
1469666386683346950,positive,0.74576314217571
1469666387085996037,negative,0.27354616864156034
1469666387417354248,negative,0.29043863014956667
1469666387962564611,negative,1.8334627236724293e-07
1469666391183798276,neutral,0.3441877553689745
1469666391263531017,negative,1.898589407549191e-08
1469666392865742852,negative,8.88690742047845e-06
1469666392999878656,negative,9.808912961007339e-09
1469666393247428608,neutral,0.5966694205919543
1469666396808306694,negative,0.09604703152051772
1469666398624526336,neutral,0.3734886429250822
1469666399278743562,negative,0.007895782287181973
1469666399731789826,negative,0.0027774093096840768
1469666399794704389,negative,0.0027774093096840768
1469666400600043525,negative,0.010456685815322248
1469666401355026432,negative,0.0008471224652315557
1469666403829616641,negative,1.0149208483399189e-05
1469666406107168775,negative,0.00010206327133108365
1469666406606254084,negative,0.1746429589822056
1469666414592409600,negative,0.0002156844316273161
1469666416794157063,negative,0.1746429589822056
1469666417016463361,negative,2.203066996150131e-07
1469666423597416453,negative,1.6969815537174914e-05
1469666424427847686,negative,0.00027159812995224364
1469666428043341831,negative,0.00010206327133108365
1469666429691740168,negative,0.00010206327133108365
1469666430157217796,negative,0.001029053378529251
1469666431209984005,negative,1.6662513961553647e-09
1469666434234171402,negative,0.25050913950563336
1469666434561286151,negative,0.00030647562727808615
1469666440886333447,negative,0.0005531212691853596
1469666441184129024,negative,5.544746397337526e-06
1469666442194866177,negative,0.08668058926578903
1469666442194956293,negative,3.053903287197986e-06
1469666442316587009,negative,0.011643090580929934
1469666442589216771,positive,0.9803770710108319
1469666443595763717,negative,0.0001378718406081912
1469666444182888465,negative,0.2617031760828936
1469666447647551488,negative,0.023115400925315294
1469666449232957444,negative,0.00010206327133108365
1469666451032317964,negative,0.006049172120589156
1469666451577528322,neutral,0.36001742862195224
1469666451648913414,positive,0.74576314217571
1469666452106100736,negative,2.7170499324902256e-05
1469666453880254469,negative,0.00682626175518094
1469666455213981702,negative,1.516090845535223e-07
1469666457600634886,negative,0.013138611007132775
1469666465351671812,negative,0.2391731696424934
1469666465909555200,negative,0.00010206327133108365
1469666466777677836,neutral,0.4922415229393677
1469666467234861056,negative,0.006049172120589156
1469666468367421441,negative,0.0056183789433709224
1469666469457899530,negative,1.2744641209232806e-06
1469666471538216965,negative,0.03187920522019715
1469666471680917504,negative,0.00682626175518094
1469666471991250948,negative,2.907988237977211e-06
1469666476177211396,negative,0.12348741271006554
1469666476181405699,negative,0.05831843784808232
1469666476290449413,negative,0.006049172120589156
1469666477859119117,positive,0.9890409061225007
1469666478052069388,negative,0.035867503564396525
1469666479901708289,negative,0.00043628422047810984
1469666480950321158,negative,0.001000580016033072
1469666481554264065,negative,0.001029053378529251
1469666483781443595,positive,0.9997534332827445
1469666485199069188,negative,0.03982012979408541
1469666487753490432,negative,0.0006798476424290401
1469666488315428870,negative,0.1767154186593358
1469666489573601285,negative,0.15906990320017803
1469666491134099456,negative,0.009663102612001685
1469666496649605124,negative,0.05136540102374491
1469666498578890754,positive,0.9821678346820043
1469666500193751043,negative,0.0004692993977281612
1469666500571193351,negative,1.6110600256416243e-06
1469666500835524613,negative,0.0017752422325382424
1469666504891408391,negative,0.0027716704005454848
1469666505595969537,neutral,0.36001742862195224
1469666506342551552,negative,0.000917318064745262
1469666507282079744,negative,0.006049172120589156
1469666510692044808,negative,0.0006481093078526398
1469666513460289543,negative,1.7715190949288762e-05
1469666514471116805,negative,7.007147533677442e-09
1469666514924097551,negative,0.11674081656047494
1469666515440082954,negative,0.0027774093096840768
1469666515771437061,negative,9.275573757185128e-06
1469666520070512649,negative,1.0149208483399189e-05
1469666528241061892,negative,0.14133255951854565
1469666528916344835,negative,0.04457079009923304
1469666530912784391,neutral,0.4208162543050742
1469666531386789890,negative,0.0007352751443338098
1469666533257404417,positive,0.9881197858223876
1469666534209597448,negative,0.000818998493294645
1469666535237206020,negative,0.062403371835180944
1469666535765647363,negative,0.14133255951854565
1469666536269004806,negative,8.115086145175949e-05
1469666536554209290,negative,0.00012544737751366632
1469666537439121419,negative,0.03305426831790638
1469666537665609737,negative,0.00010206327133108365
1469666539343253509,negative,0.00013955454645183825
1469666539414724621,negative,0.0001630048519472093
1469666540807241732,negative,0.001029053378529251
1469666541113384967,negative,0.00682626175518094
1469666542535299081,negative,0.013391268034248312
1469666543764221955,negative,0.006049172120589156
1469666544179363849,negative,0.013138611007132775
1469666544452046852,negative,4.3422904828125733e-05
1469666547023163394,negative,0.20771934817642312
1469666547924885515,positive,0.8901932669077898
1469666548843483138,negative,0.02545445313493427
1469666552328896514,negative,0.10824136786459906
1469666558842703880,negative,0.00682626175518094
1469666564265889801,negative,0.0001554547417828894
1469666564953755652,negative,0.03559389509895843
1469666566174388229,negative,0.047694317370660995
1469666569764712449,negative,2.2821023238557775e-11
1469666571471704066,negative,0.00023966637342979463
1469666571995996164,negative,0.019813245784467207
1469666572411281409,negative,0.017738915501196655
1469666573199699968,negative,0.046430951521740156
1469666573652738055,negative,0.00010626819086966852
1469666574516822028,negative,0.08359832265289407
1469666574529437699,negative,0.006049172120589156
1469666575712145408,neutral,0.5966694205919543
1469666576991408128,negative,2.25718821193093e-10
1469666578786668545,negative,0.0025751290111706237
1469666581982720003,positive,0.9672099512267963
1469666583576518662,negative,0.00010206327133108365
1469666583794655239,negative,0.00035824613978788575
1469666585170391041,neutral,0.4922415229393677
1469666591168212996,negative,0.0016341002458922498
1469666591205994496,negative,0.14045791237475558
1469666592841605125,negative,0.04931558070743723
1469666597229199361,negative,0.11563400631932243
1469666601553301508,neutral,0.4507454498615163
1469666605873471493,negative,0.0015155177128849946
1469666607458775041,negative,0.14822956217475602
1469666611216801793,negative,1.2744641209232806e-06
1469666611829395456,negative,5.213342595110183e-05
1469666612370452490,negative,0.18913583924051944
1469666613041451008,negative,0.006049172120589156
1469666613142163458,negative,0.01998970750623326
1469666614010388486,negative,0.001029053378529251
1469666616430542858,negative,0.06103235605536343
1469666618053738504,neutral,0.41730461103984307
1469666618276028421,negative,4.653045525942402e-05
1469666624244531209,negative,0.00010206327133108365
1469666624777117703,negative,0.14133255951854565
1469666625007886339,negative,0.006049172120589156
1469666629365731329,negative,0.07326328331028222
1469666630129049604,neutral,0.49789225920557484
1469666630384988162,negative,1.2744641209232806e-06
1469666630598811648,negative,2.8488408735524113e-10
1469666630720499714,negative,0.0002592682687298767
1469666630909243394,negative,0.001029053378529251
1469666632184344584,negative,7.513104861093461e-05
1469666632205221891,negative,0.010573992973899143
1469666632465371143,negative,0.30952494021007143
1469666632716800003,negative,0.062403371835180944
1469666633153187841,negative,0.17665843692965566
1469666635850080259,negative,0.0019422686183446975
1469666635946631169,negative,0.006049172120589156
1469666636064079872,negative,0.007235251124273518
1469666636307259397,negative,1.729861280903049e-05
1469666638261854210,negative,0.1367066269494262
1469666640862359553,negative,8.631397207893603e-05
1469666641608855557,neutral,0.49789225920557484
1469666644872110081,negative,0.011207052792916155
1469666644922404868,negative,0.014720344376385542
1469666652572766217,positive,0.9997534332827445
1469666653348761601,negative,0.003064906185808083
1469666655605297154,negative,0.00010206327133108365
1469666658545455114,negative,0.1170177617617864
1469666658793005065,negative,2.3362664612085148e-09
1469666659514437633,negative,0.00010206327133108365
1469666659531116550,negative,7.010713492043913e-05
1469666659879239681,negative,0.17665843692965566
1469666660089044993,negative,0.062123799041314584
1469666660307148800,negative,4.351231799472528e-08
1469666660781023232,negative,0.006118061403405386
1469666662672748551,negative,0.0029393255521181264
1469666662894952455,negative,0.000593850744523868
1469666664530776066,negative,0.006049172120589156
1469666664933478400,negative,0.06425285878082204
1469666667538092032,negative,0.003966428442272445
1469666667928211462,neutral,0.36735591573300125
1469666668087554054,negative,0.19882368870123687
1469666668892860420,negative,0.006049172120589156
1469666670599888898,negative,0.01998970750623326
1469666673204645892,neutral,0.4578326133765878
1469666675050037251,negative,0.014590353922935066
1469666675389837314,negative,1.669107831871552e-06
1469666675511418885,positive,0.8970783767681019
1469666678535512073,neutral,0.4344100011858912
1469666678627786759,negative,0.006049172120589156
1469666679340867584,negative,0.011663600409077836
1469666679357677571,negative,0.001117827891804213
1469666684336279557,neutral,0.36001742862195224
1469666684684357634,negative,0.000450183552728969
1469666694616522752,negative,0.001029053378529251
1469666698953478145,negative,1.3352624617679907e-05
1469666699104632832,neutral,0.3441877553689745
1469666700446650369,negative,1.574801653427659e-10
1469666701675532288,negative,0.0004018524637022791
1469666702707331073,negative,0.00438123617764497
1469666703495864329,positive,0.9957074059992566
1469666703680446465,negative,5.13696544238185e-05
1469666707384029184,neutral,0.3441877553689745
1469666708013125634,negative,0.08359832265289407
1469666711083307016,negative,0.003966428442272445
1469666712148713477,negative,0.031580887307158335
1469666712412954631,negative,0.0007528255910379365
1469666713134407689,negative,0.06264964818438722
1469666716456300556,negative,0.09011526937334179
1469666716464693250,negative,0.010720508800947538
1469666721250304007,negative,0.3077163466691451
1469666721707577345,negative,0.003742105624799917
1469666722739372033,negative,0.0005393745864926372
1469666723880177667,negative,0.0023122208479755143
1469666727655096320,negative,0.05258550303530739
1469666727722201098,negative,0.0006383000726257374
1469666727936020481,negative,0.08541398378473192
1469666734504398849,negative,4.0333950850595197e-07
1469666736005918736,neutral,0.5762773205046232
1469666738300145668,negative,0.0029544571038728836
1469666744109346818,negative,0.006049172120589156
1469666745724112896,negative,0.006118061403405386
1469666746357325826,positive,0.9506855573558153
1469666746416177156,negative,0.17423691829849544
1469666747288543233,negative,0.06578333652938091
1469666747489959941,negative,0.0059090562828192335
1469666748915933191,negative,1.2591739804931071e-08
1469666750006542350,neutral,0.3441877553689745
1469666750220234754,positive,0.7914581301336975
1469666750786588673,negative,0.0017752422325382424
1469666752057511937,negative,1.0809269230970988e-06
1469666754217476096,negative,0.0395807328061575
1469666755673047041,positive,0.9954263027705916
1469666758139252737,negative,0.033648678754248144
1469666761104572417,negative,0.006049172120589156
1469666761159188482,negative,0.006486976436528972
1469666762727870472,negative,0.00020510473337740555
1469666764011278338,negative,0.02124407331111299
1469666769212260360,neutral,0.4922415229393677
1469666772139847687,negative,0.08189672390044903
1469666772223733761,negative,0.001029053378529251
1469666772253130753,neutral,0.4922415229393677
1469666772420902912,negative,0.00043988969499496826
1469666775272931338,negative,0.0040781736432032095
1469666777936416774,negative,0.006049172120589156
1469666780784345097,positive,0.8879980808877979
1469666785800732676,negative,0.30812631056116563
1469666791626620935,negative,0.001029053378529251
1469666794096967684,negative,0.006049172120589156
1469666795850240002,negative,0.026092023258383716
1469666800535322626,negative,0.13516334570333927
1469666800887603210,negative,0.003695177558030599
1469666801197981703,neutral,0.4507454498615163
1469666802431139840,negative,0.001029053378529251
1469666804175970305,negative,0.3116361163679863
1469666805773971467,negative,0.03559389509895843
1469666806596055044,neutral,0.49789225920557484
1469666808496070661,negative,0.0027716704005454848
1469666808521277446,negative,0.00034545142264296277
1469666808563224584,neutral,0.36001742862195224
1469666808647069701,negative,0.001117827891804213
1469666810039525381,neutral,0.6505642048457257
1469666812237279236,negative,0.18104883493453514
1469666812287672326,negative,6.216336587310618e-06
1469666813273382913,negative,0.0762645827157711
1469666814011613187,negative,0.2991937409586147
1469666814493872128,negative,0.09812311941732899
1469666816691630081,negative,0.03286343301271197
1469666820743475210,negative,0.0266430145868063
1469666821569667092,neutral,0.5966694205919543
1469666822060392456,negative,0.0670975128770527
1469666826791571460,negative,0.00010206327133108365
1469666827466907650,neutral,0.3441877553689745
1469666829127856134,negative,1.536273322655151e-07
1469666835201241097,negative,0.012910917863269082
1469666835989680131,negative,3.914280698711738e-06
1469666836576931845,neutral,0.4922415229393677
1469666837176766469,negative,0.0015155177128849946
1469666837277421576,negative,5.1561379115728885e-05
1469666838443401220,negative,0.001029053378529251
1469666841073438722,negative,0.00682626175518094
1469666841450659844,negative,0.0018670020834476383
1469666848048398339,negative,9.777110482236559e-06
1469666852456517632,negative,0.006049172120589156
1469666853006020610,negative,1.2620965794365526e-09
1469666855744901122,negative,0.006049172120589156
1469666858861273088,negative,0.00019837817161504623
1469666859016495112,negative,0.0010564908626930446
1469666859704365062,negative,0.16361572772925123
1469666869196075011,negative,1.2576693535860776e-15
1469666869263093761,negative,0.04214867577594396
1469666870366294028,negative,0.046965795641437234
1469666870554935299,negative,0.11343932833435406
1469666871884582912,negative,0.00034545142264296277
1469666876397694976,negative,0.00010206327133108365
1469666876716371975,negative,0.275006479867569
1469666877106528264,neutral,0.44169231754007865
1469666878796804099,positive,0.9997534332827445
1469666879136575491,negative,0.06861439906844344
1469666880461938699,neutral,0.4922415229393677
1469666882001244166,negative,0.00998699081181591
1469666885889404931,negative,0.0056183789433709224
1469666890830290944,negative,0.016141209549366407
1469666892147265545,negative,0.07718900254013557
1469666896379269120,negative,5.544746397337526e-06
1469666896672870404,negative,0.00011282809416689288
1469666898602172418,negative,0.23441672242650394
1469666902037475337,negative,5.541336117182505e-06
1469666904587399180,positive,0.8382006648331833
1469666904625324035,negative,0.009497552500856819
1469666904923115524,negative,0.007379076739982711
1469666905799774211,negative,0.00010206327133108365
1469666908081471489,negative,0.07187307754250588
1469666911357124610,negative,3.3155915693686756e-08
1469666911998910468,negative,0.08036069595251281
1469666914704183302,negative,0.006049172120589156
1469666915777978370,negative,0.015331304780388797
1469666918399238147,negative,0.0014386637171516438
1469666920496570375,negative,0.08359832265289407
1469666926246957064,positive,0.9611958417475951
1469666927584890883,negative,0.1687545479132074
1469666928822296582,neutral,0.5534133316493424
1469666929149370372,negative,0.0017098433732045722
1469666931217158152,negative,1.4859362956247993e-05
1469666933565845504,negative,0.000273046410154122
1469666935122149377,negative,2.130631708101042e-10
1469666935428292613,negative,0.006725874381993433
1469666936963444739,negative,0.006049172120589156
1469666937630298119,negative,0.01817928236513307
1469666937726713856,negative,0.0019546069506113785
1469666939421151240,negative,0.0009234384382147756
1469666943032508416,negative,0.006049172120589156
1469666943846293508,positive,0.8825067454755822
1469666947369472003,negative,6.657293092454318e-05
1469666948904534018,negative,0.006524842872066041
1469666950875955206,negative,0.05970821081991704
1469666951182139397,negative,0.010304315777299365
1469666953438584833,negative,0.006049172120589156
1469666955019927559,neutral,0.3607239142053841
1469666956722814982,negative,0.006367159724429404
1469666961546092548,negative,0.016723103834250276
1469666963509190663,negative,0.006118061403405386
1469666965664980995,neutral,0.4922415229393677
1469666969276276751,neutral,0.5984448085252886
1469666971755106304,negative,0.0009539669288781063
1469666972824707073,neutral,0.6104056719937654
1469666973072166914,negative,0.27395122737989025
1469666979854401543,negative,0.00010206327133108365
1469666981062316032,negative,0.027381975687129797
1469666982056312841,negative,0.023197815421389018
1469666984984031235,negative,0.19340516478764264
1469666985529249795,negative,0.08087063023922621
1469666985646698496,negative,0.0056183789433709224
1469666986175217669,negative,0.016204409648651177
1469666986682630147,negative,0.00031601909609687477
1469666988607913995,negative,4.435394958959178e-08
1469666988679172100,negative,3.7515472327744505e-06
1469666989455319041,negative,0.001029053378529251
1469666990436532225,neutral,0.4922415229393677
1469666990889578504,negative,0.08789978311838655
1469666990973456388,negative,0.018047533994743636
1469666991241838597,negative,0.02187448997280475
1469666992172978180,negative,0.011980967136856239
1469666992428830731,negative,0.20300263663939805
1469666993041289217,negative,0.00010206327133108365
1469666994563817476,negative,0.006524842872066041
1469666998342893570,negative,0.004577048358559603
1469666999362113541,negative,0.003966428442272445
1469667003594117126,negative,6.634159476066824e-06
1469667003753537552,negative,0.006524842872066041
1469667004084891660,negative,0.20055696978033236
1469667005129236491,negative,0.19882368870123687
1469667015497506819,negative,0.030598346585150597
1469667018542616587,negative,0.32113214438057547
1469667027853918208,neutral,0.4922415229393677
1469667028025884672,neutral,0.49789225920557484
1469667028130803719,negative,1.871106433147396e-05
1469667028462100484,negative,0.005161551209045684
1469667029477117957,negative,0.1484079427921508
1469667030030823433,negative,0.32113214438057547
1469667032291414016,negative,0.038433107635710236
1469667032845197312,negative,0.20300263663939805
1469667033193320454,negative,0.003966428442272445
1469667033306615818,neutral,0.4922415229393677
1469667034812268549,negative,0.003966428442272445
1469667035043057665,negative,0.030598346585150597
1469667039426002951,negative,8.88690742047845e-06
1469667039858110465,neutral,0.4737554465528978
1469667041065975816,negative,0.09972828407425688
1469667041456148485,negative,0.0004125982614208013
1469667041623908354,negative,0.00435945123603593
1469667042571788294,negative,2.1311987517267256e-05
1469667043867779072,negative,0.006118061403405386
1469667046635888659,negative,0.006049172120589156
1469667046866796549,negative,0.008050009193651135
1469667052042469380,negative,7.156655243529547e-07
1469667052940050432,negative,0.001029053378529251
1469667053011410947,negative,8.33108572405358e-06
1469667055565692933,negative,0.010573992973899143
1469667055804764167,negative,0.1767154186593358
1469667059588083712,negative,0.0011705350659215602
1469667060359831552,neutral,0.4624452707015581
1469667060561108993,negative,0.0004125982614208013
1469667061349638146,negative,0.0027774093096840768
1469667061639131140,negative,0.11674081656047494
1469667062029201410,positive,0.930963106134412
1469667065384550403,negative,0.006474948473623518
1469667066017984513,negative,0.00682626175518094
1469667068438093830,negative,0.3077163466691451
1469667068731695105,negative,0.02187448997280475
1469667069255954432,negative,0.0004125982614208013
1469667071634157577,negative,9.775508566577305e-10
1469667071701270531,negative,0.19365483246432189
1469667076667232258,negative,0.0006264953351103347
1469667077208391680,neutral,0.4624452707015581
1469667077317353480,negative,0.002320642411861527
1469667084749656069,positive,0.8793273956737012
1469667085701861382,negative,3.755056157212999e-10
1469667086918164481,negative,0.2649341421315229
1469667088679817217,negative,2.6568906411542723e-05
1469667089342504964,negative,0.007025307833795376
1469667094321156105,negative,0.043747103681126796
1469667097684987915,negative,0.17665843692965566
1469667105289252867,negative,0.03187920522019715
1469667105763119105,negative,0.0030399914658015767
1469667106157481987,negative,8.81443759691297e-05
1469667106409140228,negative,0.026828216772994636
1469667107570917377,negative,2.4834887447127877e-07
1469667108812382217,negative,0.016281235825143743
1469667109517021191,negative,0.00010206327133108365
1469667110657970179,positive,0.7997158418810252
1469667114357305347,negative,0.00019089115119732704
1469667115011555328,negative,0.010317105881375386
1469667115485573122,negative,0.15868664757822382
1469667121567346700,negative,1.7698415531305298e-10
1469667123207233542,neutral,0.4922415229393677
1469667124541022208,negative,0.004393195456654963
1469667125400899585,negative,0.00010206327133108365
1469667127493754884,negative,0.00303078159218024
1469667128890568706,negative,0.0018670020834476383
1469667128991170574,negative,0.07573964189764244
1469667129309888514,negative,8.88690742047845e-06
1469667130450845696,negative,5.993599632584001e-06
1469667132808044548,negative,0.015770144970442043
1469667134095646720,negative,0.00462389167030156
1469667136528429057,negative,0.056396532630218946
1469667138982100997,negative,1.5747426802477944e-08
1469667140110278663,negative,0.00010206327133108365
1469667143851687939,positive,0.9957074059992566
1469667145109942272,negative,1.1200992756564338e-05
1469667147634909187,negative,0.00682626175518094
1469667154245083144,neutral,0.4922415229393677
1469667157097254914,negative,0.00020501301084617236
1469667158003232775,negative,0.05970821081991704
1469667158422536195,negative,4.8913146216874326e-05
1469667158821007361,negative,0.02685434763892041
1469667159567699976,negative,0.2492915028447242
1469667161920651264,positive,0.9619365800937459
1469667164445720579,negative,0.0027687933528032973
1469667169088774148,negative,0.040389672873186545
1469667171127099395,negative,0.01388662153096292
1469667174256201735,negative,0.25847575378321763
1469667174545559554,negative,0.00010206327133108365
1469667182401495050,negative,0.08036069595251281
1469667183584325633,negative,0.0006054695133981335
1469667184045608962,negative,0.002854017626149009
1469667186604064768,negative,0.08214244423561386
1469667187463962629,positive,0.8416360411014051
1469667189192114182,negative,0.016750933702078186
1469667193084334084,negative,0.001029053378529251
1469667193608679425,negative,0.0018670020834476383
1469667194216886275,negative,0.062226038773302246
1469667194548142080,negative,0.003966428442272445
1469667194829262850,negative,0.2592514685739116
1469667198276878336,negative,5.993599632584001e-06
1469667198365016072,negative,7.639925051381423e-05
1469667199170322433,positive,0.7561075258438146
1469667200084676608,negative,0.011435000365094115
1469667201313607683,negative,0.0004529691943270975
1469667201397444615,negative,6.424966630265472e-07
1469667202253131784,negative,0.12146426141732296
1469667207609212937,negative,0.011759899782609927
1469667208951476228,negative,0.002063247483225555
1469667209114841092,negative,0.22587287542481294
1469667210423672836,negative,0.04824492543222629
1469667211157680132,negative,6.809112253961136e-05
1469667212541767686,negative,0.001029053378529251
1469667215016267776,negative,3.324983879768795e-06
1469667219558830088,negative,0.0010841810595630884
1469667220703830023,negative,9.205938424957909e-07
1469667222813655044,negative,0.3114147022549303
1469667222872367117,negative,0.18893046946082714
1469667224898179075,neutral,0.49789225920557484
1469667226810781702,positive,0.9997534332827445
1469667228853612545,negative,1.1585909870690702e-10
1469667231671930888,negative,0.09134166861473657
1469667233249083403,negative,0.09719487113665419
1469667235295858692,negative,0.05589584799747824
1469667235878866945,positive,0.999999795420528
1469667236990304260,negative,0.010317105881375386
1469667237896376324,negative,0.00010206327133108365
1469667247581016065,negative,0.025990419579909604
1469667252110778377,negative,0.0017895844564344403
1469667261136916481,positive,0.9927187932816984
1469667262252474370,negative,1.4336333874699572e-09
1469667268229574660,negative,0.0014386637171516438
1469667269169094668,neutral,0.36001742862195224
1469667275498213379,negative,0.0013430394511942416
1469667283391987720,negative,0.00021703117238053686
1469667283844820994,negative,0.2961919205218265
1469667284725731329,negative,0.001029053378529251
1469667287988846597,negative,1.0428917528175451e-08
1469667288584536067,negative,0.0002314241063132886
1469667289347809282,negative,0.0017244060705489395
1469667291075854340,negative,0.006049172120589156
1469667295622483975,negative,0.20771934817642312
1469667296385843202,negative,0.17992997070502223
1469667297157656583,negative,1.5246756224162122e-06
1469667297291874306,negative,0.02830132297100181
1469667300139753478,neutral,0.4624452707015581
1469667302308204552,negative,0.006049172120589156
1469667302941630467,negative,0.006049172120589156
1469667303507861513,negative,7.17538656584735e-06
1469667303956566016,negative,0.2875460286090516
1469667305567178757,negative,0.0018670020834476383
1469667306808786944,negative,0.2628082836683145
1469667312668086275,negative,0.06359757029624863
1469667313817370634,negative,0.00010206327133108365
1469667313989439498,negative,0.001029053378529251
1469667314513678340,negative,0.070015437358503
1469667315310551053,negative,0.0027875733384367645
1469667320209588227,negative,0.22587287542481294
1469667321161601025,negative,0.027381975687129797
1469667327809667074,negative,9.205938424957909e-07
1469667328753340420,negative,0.0014313205535130282
1469667332989624326,negative,0.00010206327133108365
1469667337280405508,negative,0.14016022385306948
1469667342049230849,negative,0.0008629317612186485
1469667345555673091,negative,0.023938985461718416
1469667346612736002,negative,0.029137022702380645
1469667346717581315,neutral,0.49789225920557484
1469667347665465353,negative,9.340211153944103e-08
1469667347686436865,negative,0.00022957761329958103
1469667352312700931,negative,0.23967090107436834
1469667353743011840,positive,0.920138061897414
1469667353780801543,negative,0.001029053378529251
1469667354124689413,negative,0.00011282809416689288
1469667355311714304,neutral,0.4922415229393677
1469667355378733056,negative,0.00164424025471268
1469667355450130436,neutral,0.4922415229393677
1469667355630485507,negative,0.006064827114742059
1469667357639516165,neutral,0.43656055669394306
1469667360625893381,negative,0.04870606696036026
1469667361275920387,negative,0.0006054695133981335
1469667367034707968,negative,8.099185792479131e-08
1469667368666374149,negative,2.117947600237314e-06
1469667368859324416,negative,3.672272730676141e-05
1469667372923596806,negative,0.00010206327133108365
1469667373053407235,negative,0.005720717077619085
1469667374085427200,negative,0.003431153772838901
1469667381756801025,negative,0.016750933702078186
1469667386009784321,negative,0.0008297483088797671
1469667387549138947,negative,0.0029410160076173172
1469667387653906435,neutral,0.46511884455441777
1469667387897257994,positive,0.6966596205032295
1469667388132110341,negative,1.2371437228071943e-10
1469667388601810944,negative,0.20908334747013088
1469667389256122368,negative,0.29664586792394965
1469667394519982087,negative,0.08406868942427267
1469667396747239426,negative,0.0014042948540746018
1469667397741203463,neutral,0.36001742862195224
1469667398634684423,negative,0.006049172120589156
1469667400966623244,negative,0.001029053378529251
1469667403722285068,negative,1.1792789890513196e-08
1469667405253201922,negative,0.19702024368860366
1469667406687649799,negative,1.4578060379036889e-06
1469667407329468417,negative,0.006049172120589156
1469667408671645703,negative,6.842951967419752e-07
1469667413276999688,neutral,0.43330036592589877
1469667414891806723,negative,0.21090249377004808
1469667415684530180,negative,0.006486976436528972
1469667415705460747,positive,0.9950091822772086
1469667416229744642,negative,0.2492915028447242
1469667418289102856,neutral,0.4922415229393677
1469667419111178246,negative,1.4164363770458032e-09
1469667419207741448,positive,0.9957074059992566
1469667422517014539,negative,0.011759899782609927
1469667424358260740,positive,0.91390305739615
1469667424643518466,negative,0.1170177617617864
1469667425654292484,negative,1.6060360734943285e-05
1469667426707157001,negative,0.00019596794075391375
1469667427311136772,negative,0.06677424673871936
1469667430142259202,negative,0.022181840526841246
1469667435364204546,negative,0.00014369114681393486
1469667438186975236,negative,0.02407840069733769
1469667438858018816,negative,0.0034258922502734637
1469667440938389511,negative,0.010583565919832335
1469667441391378437,negative,0.24068558560995842
1469667447154294786,negative,0.0056738439395232765
1469667447850639368,negative,0.00010206327133108365
1469667448119083011,negative,0.006524842872066041
1469667448756527109,negative,0.0012840243874471617
1469667448798466049,positive,0.8893645988993742
1469667450149081088,negative,0.016723103834250276
1469667452749447173,negative,0.0006620896756475398
1469667454817296385,negative,0.3116361163679863
1469667455232614402,neutral,0.4922415229393677
1469667457413435397,negative,1.7606186299699164e-07
1469667459527548937,neutral,0.49789225920557484
1469667459808563200,negative,0.05970821081991704
1469667462937382914,negative,0.007379076739982711
1469667463319150599,negative,0.013138611007132775
1469667463658942468,negative,0.001029053378529251
1469667465835659265,neutral,0.46127768308170247
1469667469136703492,negative,0.1687545479132074
1469667472030769157,negative,7.513104861093461e-05
1469667473431609344,negative,0.0005092112397506101
1469667476648734720,negative,5.221228998228896e-06
1469667477198151682,negative,0.00018625370358766423
1469667478565310466,negative,0.04931558070743723
1469667483602857991,negative,5.993599632584001e-06
1469667484076756992,neutral,0.49789225920557484
1469667484718571529,negative,0.04427871575993139
1469667487121915904,negative,0.1268028451552595
1469667489403576324,neutral,0.49789225920557484
1469667490494132230,negative,0.026373360864950037
1469667491530039302,negative,0.08336430937932765
1469667491890741250,negative,0.031152488849722035
1469667492561932290,negative,0.008466675033536063
1469667496622006276,negative,0.00010206327133108365
1469667498224078854,negative,0.2860720563163077
1469667501600649218,negative,3.677917113403356e-05
1469667502556864522,negative,0.014607207333724928
1469667503303544837,negative,0.00019107541005655658
1469667506998632450,negative,0.030188996232375656
1469667507254538248,negative,1.6969815537174914e-05
1469667507892105219,negative,8.88690742047845e-06
1469667508672151554,neutral,0.4922415229393677
1469667509154586630,negative,0.0762645827157711
1469667509238304768,negative,0.00998699081181591
1469667509573931015,neutral,0.4922415229393677
1469667509922148353,negative,0.017117873723249074
1469667510144454661,negative,0.0030399914658015767
1469667510773596167,negative,0.09604703152051772
1469667513151721474,negative,0.006524842872066041
1469667515303403527,neutral,0.42318300141031795
1469667515391430656,negative,0.0040781736432032095
1469667516339339268,negative,0.010573992973899143
1469667518876995586,negative,3.7515472327744505e-06
1469667519816290306,negative,0.003998040964860498
1469667521800323080,negative,2.2235444284460164e-11
1469667522286862338,negative,0.0816638260701951
1469667523402600452,negative,0.003848626978404644
1469667524988092416,negative,3.138309260957006e-10
1469667526267256833,negative,1.1623886411269213e-05
1469667529241112579,positive,0.8326307259515421
1469667529417236492,negative,0.19476388943097114
1469667530386010115,negative,0.06578333652938091
1469667530994327557,negative,0.011494945834452201
1469667531543699456,negative,7.513104861093461e-05
1469667533213032456,negative,0.0010042121477146578
1469667535603650562,negative,9.211303054709798e-11
1469667535809388548,negative,0.025181565142592382
1469667538867040258,negative,0.01396555224626458
1469667542549635073,neutral,0.49789225920557484
1469667545556869127,negative,0.031580887307158335
1469667547414945797,negative,0.21278343212364906
1469667548304191491,negative,0.12753683721128892
1469667557695270916,negative,0.004393195456654963
1469667559393927173,negative,9.205938424957909e-07
1469667560773894149,negative,0.04214867577594396
1469667561268785155,negative,0.00010206327133108365
1469667564284366850,negative,0.00013642514878683474
1469667565358428169,negative,0.00010206327133108365
1469667567132418053,negative,0.3077845861309015
1469667570710155266,negative,0.10069491468637846
1469667572798955531,negative,0.003787041088809569
1469667573449035779,negative,0.000792883305643213
1469667578092130306,negative,9.62284823817851e-10
1469667579350376452,negative,0.0018670020834476383
1469667579686002693,negative,0.00010206327133108365
1469667582433181703,negative,0.05779088621229466
1469667582684848131,negative,0.007212456976993625
1469667584337489924,negative,0.007341499702908857
1469667585146994691,negative,0.006049172120589156
1469667585788506119,neutral,0.49789225920557484
1469667588494053384,negative,0.03195640389524921
1469667594714193923,negative,7.513104861093461e-05
1469667595934650371,negative,0.15647333584364925
1469667596207329280,negative,0.24672323886690875
1469667597134278656,negative,0.1619704026678487
1469667597650214913,negative,0.0018364825993477803
1469667598195470337,negative,0.016141209549366407
1469667599055130625,negative,0.0010042121477146578
1469667599646658560,negative,0.001029053378529251
1469667604088475658,negative,0.02545445313493427
1469667604285558793,positive,0.8132333474641624
1469667604809883650,negative,0.006049172120589156
1469667612179124225,neutral,0.49789225920557484
1469667612363796485,negative,1.2744641209232806e-06
1469667612888027144,negative,5.3367818623436026e-05
1469667615471804425,neutral,0.49789225920557484
1469667616495050752,negative,8.88690742047845e-06
1469667616725901316,negative,1.2053102750347014e-07
1469667617656946696,negative,0.24672323886690875
1469667619368284163,negative,0.2193695533087474
1469667620244836355,negative,0.0021392666668764615
1469667620525912066,negative,0.046593447791155145
1469667622111395840,negative,0.012910917863269082
1469667622648221700,negative,2.3362664612085148e-09
1469667627769417736,negative,0.00022957761329958103
1469667629237473281,negative,0.06482972858338998
1469667630701334543,negative,0.10069491468637846
1469667634354528262,negative,0.001029053378529251
1469667636019703814,negative,0.00010206327133108365
1469667638213230595,negative,0.07847555266533267
1469667639781994500,negative,0.016723103834250276
1469667640486596609,neutral,0.3688120122074838
1469667646463426565,negative,0.0006987537301485198
1469667647176515596,negative,0.00010206327133108365
1469667650649395205,negative,9.205938424957909e-07
1469667652612337665,negative,0.001029053378529251
1469667652809502727,negative,0.00010939384726736381
1469667655925829635,negative,3.672272730676141e-05
1469667658580824067,negative,0.02062031179967218
1469667659675586563,negative,0.05970821081991704
1469667660434604035,neutral,0.5870674674921494
1469667661894328323,negative,2.950278347768772e-05
1469667666763952135,negative,0.006049172120589156
1469667668827459585,negative,0.006486976436528972
1469667669876088832,neutral,0.40774023211794586
1469667670446460930,negative,0.05439906944736702
1469667670756843526,negative,0.006049172120589156
1469667675269906439,negative,0.00019039277890945015
1469667678025564166,neutral,0.3441877553689745
1469667678650515457,neutral,0.6074255629958722
1469667685751574537,negative,1.9403157046611297e-07
1469667685864808449,negative,1.6576105773762044e-11
1469667688909844480,positive,0.9803770710108319
1469667689656373250,negative,0.006049172120589156
1469667690390433800,neutral,0.3441877553689745
1469667691883597824,negative,0.0015755016671507973
1469667693200617477,negative,0.0005491540593261457
1469667693729140738,neutral,0.4922415229393677
1469667694022737922,positive,0.7195487567089036
1469667694718894081,negative,0.0003179601743385985
1469667700033171462,negative,0.04879790270727754
1469667700922368008,neutral,0.49789225920557484
1469667701526257666,negative,0.011663600409077836
1469667704265191426,negative,0.00010206327133108365
1469667705540292613,negative,0.24672323886690875
1469667708249821195,negative,0.006049172120589156
1469667713643601925,negative,1.8756864277586915e-05
1469667714444709897,negative,0.0014313205535130282
1469667714935447555,negative,0.00044506841660493595
1469667717825261568,negative,0.0007492425359554594
1469667718903353352,negative,0.02545445313493427
1469667723605164034,neutral,0.49789225920557484
1469667725018550276,negative,0.10379923843171514
1469667727346479107,negative,0.005909385473613734
1469667728495722505,negative,0.006118061403405386
1469667730089521152,negative,0.006524842872066041
1469667732090146819,negative,3.1828062553337585e-05
1469667732589322243,neutral,0.4922415229393677
1469667735999336449,neutral,0.36001742862195224
1469667737588977667,negative,9.565096223990853e-06
1469667737635065865,negative,0.05727696746174092
1469667741183451144,negative,0.03187920522019715
1469667741506457606,neutral,0.42693774172327703
1469667743544844290,neutral,0.49789225920557484
1469667744270458880,negative,0.17686030525197385
1469667746518487042,negative,0.007341499702908857
1469667752952672257,negative,0.011663600409077836
1469667756534648841,negative,0.004740574941585217
1469667757524504581,negative,0.0009995898788245383
1469667760393408519,negative,0.00011839102953767619
1469667761508995075,negative,0.0007352751443338098
1469667763681644550,negative,5.993599632584001e-06
1469667764029767680,negative,0.0040781736432032095
1469667764407349253,negative,0.0022965169298918677
1469667765229391882,negative,4.1501862424524077e-07
1469667766504505348,neutral,0.34468262762075397
1469667771927732232,negative,0.005056103296950707
1469667776977584136,negative,0.00022957761329958103
1469667777342439427,negative,0.00011076223566951322
1469667780362477578,negative,0.001029053378529251
1469667781318787075,neutral,0.3441877553689745
1469667782572888071,negative,0.05436570233705363
1469667784531582979,negative,9.205938424957909e-07
1469667784930037770,positive,0.6817573463822996
1469667784938377218,negative,0.006049172120589156
1469667785160773635,negative,0.006524842872066041
1469667787345829894,negative,0.0014869916252340757
1469667787899609089,negative,0.006049172120589156
1469667790021967874,neutral,0.4922415229393677
1469667791464800257,negative,0.24672323886690875
1469667792639176707,negative,2.1798847031754665e-12
1469667793201246210,positive,0.8825067454755822
1469667796900589569,negative,0.05428855401397832
1469667800084099072,negative,0.022792179459334184
1469667801786896386,negative,0.00010926525069070072
1469667802701254657,neutral,0.6206195321742122
1469667803020120064,negative,0.05970821081991704
1469667805775683585,negative,0.006049172120589156
1469667806585233413,negative,0.006049172120589156
1469667809097666564,negative,0.22695931989589457
1469667810817282051,negative,0.007341499702908857
1469667811928809473,negative,0.033473080431966847
1469667819512078337,negative,0.004737913435647135
1469667822171271172,negative,0.08645239102687068
1469667822745931786,negative,0.003384846781704748
1469667828194234369,negative,0.006049172120589156
1469667830417272844,negative,7.601554315429444e-09
1469667831868440584,negative,0.07350140977068434
1469667832531243011,negative,6.192105983164428e-09
1469667834242514949,neutral,0.49789225920557484
1469667838029930498,negative,0.011980967136856239
1469667838189309955,neutral,0.36001742862195224
1469667840022118400,negative,0.22587287542481294
1469667840559095809,negative,0.00019837817161504623
1469667843100790786,negative,0.014573478865280485
1469667843281145863,negative,2.7170499324902256e-05
1469667850264662023,negative,3.25634849735281e-05
1469667851409805315,negative,0.0019546069506113785
1469667851493588994,negative,0.02187448997280475
1469667852127031296,negative,0.2153517083826668
1469667853137846282,negative,0.10065380415235704
1469667853746032643,neutral,0.4663917579447527
1469667854299676676,negative,1.2744641209232806e-06
1469667855205646342,negative,0.014720344376385542
1469667855285334020,negative,0.0010042121477146578
1469667856040214530,negative,0.00034545142264296277
1469667856300322818,negative,0.00036020470259123864
1469667856300363785,negative,0.08522656055030887
1469667858825240579,negative,0.0008297483088797671
1469667859144097796,neutral,0.4744541669089408
1469667863816458249,negative,0.00013642514878683474
1469667864751874049,negative,0.0027915052105641374
1469667866861613058,negative,0.00010206327133108365
1469667866991595523,negative,0.04745562086064398
1469667870317686791,negative,0.0202709159037578
1469667883630350337,negative,0.0049952313262256205
1469667884200771591,negative,0.00034067789418246397
1469667890731405313,negative,1.7916967331438666e-08
1469667890991403010,negative,0.002996920862102139
1469667892560027652,negative,0.02122093301846517
1469667893126311943,negative,0.01571651857849781
1469667895068311554,negative,0.007341499702908857
1469667895605141508,negative,0.12146426141732296
1469667895743598594,negative,0.007528257470363658
1469667898733969408,positive,0.7895559354216365
1469667899740672006,negative,0.0007887382055140515
1469667899862310922,negative,0.1432218495343265
1469667902580219904,negative,0.016723103834250276
1469667906455805958,neutral,0.4922415229393677
1469667910247407624,negative,0.00013536122220529146
1469667911946092550,negative,0.03187920522019715
1469667915821633542,negative,0.001029053378529251
1469667916555694082,neutral,0.5528730710034264
1469667916782129154,negative,3.672272730676141e-05
1469667923363049474,negative,0.1140444783299203
1469667930405228548,negative,4.2098864866638335e-07
1469667945018105862,negative,0.00010923787444182143
1469667949661372420,negative,0.1552459317208619
1469667952861536257,negative,0.007235251124273518
1469667956238041090,neutral,0.6280653702737921
1469667956447715335,negative,0.007341499702908857
1469667959354404868,negative,0.24672323886690875
1469667961854210059,negative,0.011266974040549724
1469667965637386242,positive,0.810459627327351
1469667974529306627,negative,0.042553950178587596
1469667975431086088,neutral,0.38882730219058736
1469667976702050309,negative,0.2766676894196998
1469667977775796224,neutral,0.4922415229393677
1469667985661046787,negative,1.6969815537174914e-05
1469667992644505605,positive,0.9243384087395539
1469668001398067208,negative,0.032104141453392604
1469668002878660617,negative,0.0018717890089278001
1469668004233367559,negative,0.023938985461718416
1469668004304719877,negative,9.205938424957909e-07
1469668004376064003,positive,0.9224552171670162
1469668004787015687,negative,0.003208043932217724
1469668018322132992,neutral,0.46127768308170247
1469668020494741506,negative,0.17853816916083312
1469668021094473730,negative,0.00011282809416689288
1469668024617783301,neutral,0.43330036592589877
1469668025636950024,neutral,0.49789225920557484
1469668027088187402,negative,0.19882368870123687
1469668028442886156,negative,5.544746397337526e-06
1469668030607147010,negative,0.004922824266878351
1469668039780184069,neutral,0.6049822936051457
1469668040715423747,negative,3.406580641968219e-07
1469668042481221640,negative,1.6969815537174914e-05
1469668044540719107,positive,0.6866582123666666
1469668046650413060,neutral,0.519589769220795
1469668060017614849,negative,0.013847408828695099
1469668061011664899,negative,0.00011282809416689288
1469668064128126987,negative,0.01224567771749932
1469668066858524675,positive,0.9957074059992566
1469668073439473664,negative,0.0018717890089278001
1469668077516341249,negative,0.20908334747013088
1469668080485904384,negative,0.06861439906844344
1469668082327166976,negative,0.00861314889743496
1469668082792734722,negative,0.000939095054277267
1469668085716164609,negative,0.0010891087698427404
1469668088165588994,neutral,0.4345728806901198
1469668089612718088,negative,2.3362664612085148e-09
1469668093999910912,positive,0.6651874218271335
1469668094217961472,neutral,0.47889519075126585
1469668095123931137,negative,0.005161551209045684
1469668096151638025,negative,0.003966428442272445
1469668106750550023,negative,0.006486976436528972
1469668107774042128,negative,0.15351043707082795
1469668117345415170,negative,0.32391532478171353
1469668134307074048,negative,7.513104861093461e-05
1469668142502891526,negative,0.011435000365094115
1469668142540636169,neutral,0.4898631585877994
1469668143174156293,negative,0.011845903058649984
1469668148337074183,negative,0.010033884695098385
1469668148391690241,negative,0.004922824266878351
1469668155228409856,negative,0.1679900752435623
1469668166687207424,negative,0.010111238646026442
1469668172198518786,positive,0.8326978044965819
1469668172475293701,negative,0.00035927074801660153
1469668172571852802,negative,5.8147442936286594e-06
1469668173440077826,negative,0.007341499702908857
1469668178142056448,negative,0.0001378718406081912
1469668183778942985,negative,9.205938424957909e-07
1469668184676569088,negative,0.02423849075234303
1469668190351470596,negative,0.006238206737577928
1469668190372384768,neutral,0.5942714856071368
1469668198371020809,neutral,0.5212163187857229
1469668208307314689,negative,0.002854017626149009
1469668214389018631,negative,0.02582947995732994
1469668222567919621,negative,0.003966428442272445
1469668229287055362,negative,0.009080193889299145
1469668234530021386,negative,2.3362664612085148e-09
1469668238665687048,neutral,0.49789225920557484
1469668243002511366,negative,0.19850020700633764
1469668243107422213,negative,0.05248642271458182
1469668254717288456,negative,0.00036507827576080245
1469668259851030530,positive,0.9933078080361396
1469668267879022592,negative,0.0003475726660105772
1469668274837274629,negative,9.205938424957909e-07
1469668276296990720,negative,0.00016335916037742441
1469668278406680576,negative,0.00022957761329958103
1469668281237790727,neutral,0.49789225920557484
1469668282651267084,negative,0.1767154186593358
1469668287810351106,neutral,0.4922415229393677
1469653190928998400,negative,0.002115797541660033
1469653191989944322,negative,0.0018286982059342923
1469653193604964355,negative,0.10297541052482632
1469653194313805826,negative,0.0660161634869282
1469653194854703109,negative,0.00011428813349805774
1469653196180238344,negative,4.9069838962624084e-05
1469653196549369856,negative,0.00022362693494521726
1469653196620578816,negative,0.23090606554678497
1469653197254008833,negative,0.00047261649761849305
1469653197979471872,negative,0.018994054198410784
1469653198017232897,negative,5.123070632376351e-07
1469653198474563584,neutral,0.35984133819461467
1469653226408529926,negative,0.0059388737693147065
1469653227188719618,negative,0.13688662224247677
1469653239062798336,negative,0.14666119268349212
1469653248483205124,negative,0.30287930444369116
1469653261804261382,negative,4.409125620114494e-05
1469653276568297473,neutral,0.48728019602140255
1469653284281622531,negative,0.14694608759178363
1469653290052902912,neutral,0.48728019602140255
1469653290673524736,negative,0.17211475128033624
1469653301620875273,neutral,0.3353500257179539
1469653358830972929,neutral,0.43700193594599357
1469653360479543297,positive,0.9817826686528505
1469653366229942275,negative,0.00010776997345840784
1469653401466290177,negative,0.024714472130582428
1469653438858514433,negative,0.0017783523078652066
1469653441098170369,negative,0.0077674352902176984
1469653442914394116,negative,0.059994358517797094
1469653469984399364,negative,0.0590273603329134
1469653502062473216,negative,0.011491146880782274
1469653504197283849,negative,0.0590273603329134
1469653513701675008,negative,0.00010776997345840784
1469653542361354249,negative,0.048621805059164316
1469653566495375360,neutral,0.48728019602140255
1469653574732992517,negative,0.0458594940809561
1469653579506016262,neutral,0.48728019602140255
1469653599164710913,negative,0.06712586963977257
1469653625878241286,negative,0.09199464462601915
1469653636129202177,negative,0.019415624548984284
1469653661265448962,negative,0.024714472130582428
1469653770598551558,negative,0.0458594940809561
1469653867709145089,negative,0.00018815975602671505
1469653873274982401,neutral,0.4393511919962615
1469653884004040710,negative,0.03300963452142882
1469653904208306176,neutral,0.43700193594599357
1469653911611060224,negative,0.0077674352902176984
1469653912949080066,negative,0.10297541052482632
1469653918321983491,negative,0.00010636341699612652
1469654012077252612,negative,0.008178362527209763
1469654056327122947,negative,0.0504245006122602
1469654123926675463,negative,8.326268098500605e-07
1469654160035483657,neutral,0.3649584762608054
1469654241505693700,neutral,0.4103688273445835
1469654252918394884,neutral,0.5136446707795853
1469654257494368258,negative,0.03300963452142882
1469654453770936321,negative,4.4635434901703316e-05
1469654458749665282,positive,0.6794799287873381
1469654525137014786,negative,0.12268935102007728
1469654565469442048,negative,0.10297541052482632
1469654567151452162,negative,0.023426206668243
1469654619148140547,negative,0.08645239102687068
1469654627205398536,negative,6.445938899273563e-07
1469654641713557504,negative,0.04187181041093833
1469654683404877828,neutral,0.48588289662780504
1469654696801583107,negative,0.006992444237962699
1469654701230759938,negative,0.00016343028870334365
1469654739226791938,negative,0.00010776997345840784
1469654755815346188,negative,0.04288834497496657
1469654772437430273,negative,0.10297541052482632
1469654781148946435,negative,0.011692166018843968
1469654807929663489,positive,0.954499003655487
1469654808843935748,negative,0.001818339239876377
1469654841777606665,negative,0.0074582385362484864
1469654851500056578,negative,0.0073751967974332085
1469654881225125896,negative,0.001467362943132916
1469654885310373897,negative,0.08645239102687068
1469654888443490309,negative,1.7783568913830285e-12
1469654919481339908,negative,8.17962909255805e-05
1469654921276538891,negative,0.08645239102687068
1469654922400567299,negative,0.010833310802852216
1469654971322970115,negative,0.23834679269576262
1469654997487005702,negative,0.10297541052482632
1469655008262066180,negative,0.08229737716179487
1469655034401116167,negative,0.15458638845299186
1469655050385604612,negative,0.00010776997345840784
1469655057658527747,negative,0.12828973225907245
1469655060334485505,neutral,0.35984133819461467
1469655140542160896,neutral,0.49789225920557484
1469655141188046852,negative,5.397360859830563e-07
1469655189506428929,negative,0.0067987162561330885
1469655232414162945,negative,1.649748882132336e-05
1469655265842708488,negative,0.024714472130582428
1469655287590232064,negative,0.04288834497496657
1469655300617564165,negative,0.12478058845281143
1469655328950214659,negative,0.02728419657941424
1469655360063606784,positive,0.8402784789371627
1469655399225831424,negative,0.10975291931126645
1469655423527575556,negative,0.18907341118953172
1469655440921403397,positive,0.8402784789371627
1469655496026116101,negative,0.0074582385362484864
1469655519262613508,negative,0.024714472130582428
1469655522416775172,negative,0.12232502162770546
1469655524278947841,negative,0.024714472130582428
1469655566595338247,negative,0.04767895123856439
1469655606965510147,negative,0.018492587238998437
1469655685285781512,negative,0.024714472130582428
1469655685516480513,neutral,0.5011823150793782
1469655703379972100,negative,0.10297541052482632
1469655707611848718,negative,0.025072905155099273
1469655712460587011,negative,6.445938899273563e-07
1469655716784795649,neutral,0.47296803178152713
1469655717321879562,positive,0.7979102477018112
1469655726616461316,negative,0.0026260645937359996
1469655750435815433,negative,6.5021237311964115e-06
1469655766533554182,negative,0.024714472130582428
1469655859911401474,positive,0.8402784789371627
1469655885727293442,negative,0.00018815975602671505
1469655889103790083,negative,0.10369220877186403
1469655894422134784,negative,0.0077674352902176984
1469655959148634116,negative,0.15352201398067672
1469655959341576192,negative,0.0007031922248843885
1469656001804701700,negative,0.004090110121397901
1469656007114727424,negative,0.00439970405655999
1469656073091092481,neutral,0.567029157726189
1469656079353237505,negative,0.00011258626322698977
1469656110655164418,negative,0.00011258626322698977
1469656115206045705,negative,1.8912990061004738e-07
1469656126564225028,negative,0.3278586051571951
1469656137138114565,negative,0.04767895123856439
1469656182994444294,negative,0.07010269059676597
1469656202724397061,negative,0.14666119268349212
1469656220713816073,negative,0.15352201398067672
1469656237797257216,negative,0.0025337934454048605
1469656252145967106,negative,0.19569517080036206
1469656258391289859,negative,0.08645239102687068
1469656278381256709,negative,0.00508518729953656
1469656292365148163,neutral,0.340094996196035
1469656331770638337,negative,0.0074582385362484864
1469656363378827265,negative,0.0009554946489170297
1469656393011499008,negative,0.12828973225907245
1469656423311228934,negative,0.0964850318367641
1469656435860684801,negative,0.15370129296562632
1469656505024720899,negative,0.0458594940809561
1469656531813687298,neutral,0.6370811098316601
1469656552730771464,negative,0.04187181041093833
1469656589107879937,negative,0.15352201398067672
1469656595676209153,neutral,0.37874993579954885
1469656628693770245,negative,0.1951248407316721
1469656654807543822,negative,0.1951248407316721
1469656669370134534,negative,0.10297541052482632
1469656709216059393,negative,0.0015199776725105276
1469656709702373376,negative,0.10297541052482632
1469656732846759941,negative,0.08645239102687068
1469656746767564806,negative,0.1471533698053508
1469656748906713094,negative,0.12140530488889356
1469656799284502529,negative,0.2663431548326076
1469656830280409094,neutral,0.502813175397542
1469656877030064141,negative,0.0590273603329134
1469656883489169414,negative,0.13795022435309726
1469656887658434561,negative,3.1736889129709605e-09
1469656894428135430,negative,0.04288834497496657
1469656899704532996,negative,0.0074582385362484864
1469656936744374272,negative,0.11588496959217205
1469656963814502402,positive,0.7649174246370296
1469657001923944449,negative,0.0852250291228604
1469657020231991302,negative,0.15383075181906936
1469657025462345737,negative,0.003658814061193187
1469657054595923972,negative,0.024714472130582428
1469657067220869120,neutral,0.502813175397542
1469657085113683971,neutral,0.5288188119235204
1469657088108412928,negative,8.531912003031037e-05
1469657143938854913,negative,0.15352201398067672
1469657204164804609,negative,8.531912003031037e-05
1469657222305222663,negative,0.226815793870263
1469657291540602880,negative,0.00010776997345840784
1469657305931206659,negative,2.0451977952409816e-05
1469657309919989764,negative,0.11641956241036064
1469657315796258823,negative,2.435580856920629e-05
1469657345340887048,negative,0.028564259582005567
1469657383727247363,negative,0.0008796786786043068
1469657529059794952,negative,0.00010499477494092432
1469657564338139137,negative,0.0157305132063506
1469657574287069192,negative,0.11405115261821841
1469657584122667009,neutral,0.4507454498615163
1469657606046240775,negative,0.15383075181906936
1469657614506237958,negative,0.00010776997345840784
1469657652254941186,negative,0.015733314468734994
1469657674811940865,negative,0.00011258626322698977
1469657702041280518,negative,0.15817948230016657
1469657715765035011,negative,3.928543137543743e-05
1469657745909497863,negative,0.0157305132063506
1469657780202225664,negative,0.19255026248754664
1469657859684188163,negative,0.10297541052482632
1469657860242092040,positive,0.7028546073145642
1469657889937711117,negative,0.10297541052482632
1469657891414192128,negative,0.04301469498844914
1469657911844556808,negative,0.12268935102007728
1469657927917219841,negative,0.030169607774598917
1469657944027537410,negative,0.0557562556096435
1469658009366405124,neutral,0.49789225920557484
1469658565770158083,negative,0.002241571409191683
1469658580618031104,negative,0.16931822595035248
1469658624867901443,negative,0.001399221731045286
1469658674662621184,negative,0.0034450827771821953
1469658711165702153,negative,0.00010776997345840784
1469658719541678089,negative,0.10369220877186403
1469658722054152204,negative,0.045594465224388335
1469658742014857217,negative,0.032116455808588046
1469658778266185730,negative,0.10369220877186403
1469658809522139139,neutral,0.49789225920557484
1469658867357290497,negative,0.00011258626322698977
1469658892049203201,negative,0.20422378725274692
1469658897120219144,negative,0.24355337477356753
1469658972466683904,negative,9.575619707675032e-07
1469659058965733379,negative,0.2264204066274343
1469659078746066953,negative,0.00505296375688481
1469659083133186057,neutral,0.43795816681501476
1469659095171047429,negative,0.0199008215456444
1469659108282404865,negative,0.021369831934158
1469659109729480713,negative,0.0017663983385506675
1469659119019859977,negative,0.1061772560687861
1469659132315815946,negative,0.011198449756637115
1469659209130258434,negative,0.10297541052482632
1469659210937995266,negative,0.005405236941704776
1469659226637320197,negative,2.6413922539084345e-10
1469659230814674945,negative,0.006985810439424903
1469659248955121670,negative,0.10297541052482632
1469659266206380038,neutral,0.40435881587153305
1469659297038716931,negative,0.10297446470345632
1469659306324901889,positive,0.7393617578898023
1469659322678448129,negative,0.10297541052482632
1469659329502535685,negative,6.511308090450764e-06
1469659346539892737,negative,0.10297541052482632
1469659350075686916,negative,0.30351869142710675
1469659390571687942,negative,0.10297541052482632
1469659405679480835,neutral,0.5163609942442857
1469659458297028608,negative,0.3065849663505296
1469659477507035142,positive,0.9117008579017197
1469659490098286598,negative,0.025924681348256273
1469659490517766149,negative,0.00020909302677690536
1469659498377891863,neutral,0.5163609942442857
1469659512604958726,negative,0.00505296375688481
1469659529889693731,negative,0.011692166018843968
1469659546465542161,negative,3.2323321289114274e-07
1469659645216239628,negative,0.006858791415358682
1469659654485680138,negative,0.06963800768224077
1469659723020578816,negative,5.74701849631739e-07
1469659769300467715,negative,0.06128223926182681
1469659808768970758,negative,0.003777323171015034
1469659834438008832,neutral,0.4649736671738578
1469659866964897797,negative,8.17962909255805e-05
1469659892558581766,negative,0.10369220877186403
1469659901626654724,negative,0.0002145796455409607
1469659917510393859,negative,0.02527577519350469
1469659954747518979,negative,0.06482319918933233
1469659958744551431,negative,0.016827970221631558
1469660003355308036,negative,0.06902885548356658
1469660050893381637,negative,0.02592432217053956
1469660073391706112,negative,0.06640580396218047
1469660075790852101,negative,0.0067987162561330885
1469660112046665735,negative,0.00010636341699612652
1469660172146683907,negative,0.10297541052482632
1469660203935223810,negative,0.021070390318721877
1469660210377609217,negative,0.1417138071954692
1469660281907429381,neutral,0.43700193594599357
1469660295685619712,negative,0.037615527822344605
1469660317076631554,neutral,0.35984133819461467
1469660352052871175,negative,0.10297541052482632
1469660384424611841,negative,0.0790507909194203
1469660418587217925,negative,0.10297541052482632
1469660423750361097,negative,0.08462308215169691
1469660428099854346,negative,0.10297541052482632
1469660434659745796,neutral,0.4649736671738578
1469660442331123713,negative,0.00010776997345840784
1469660462061076485,negative,0.024714472130582428
1469660528096198658,negative,0.10297541052482632
1469660563982753793,negative,0.0458594940809561
1469660623856300042,negative,0.019564944942551503
1469660661022081024,negative,2.43888932934171e-05
1469660662334951429,negative,0.14677178855665504
1469660674318123008,negative,0.06482319918933233
1469660720304427010,negative,0.10297541052482632
1469660741879746565,negative,0.10297541052482632
1469660742236266501,negative,0.0072797792728653676
1469660742953619459,negative,0.005978408696043183
1469660743461179401,negative,0.05855808572540434
1469660793058865152,negative,0.0067987162561330885
1469660797811007490,neutral,0.44793116771268626
1469660973946527746,neutral,0.4377896312766332
1469660977817952261,positive,0.9374093645884195
1469660988333080580,negative,0.10297541052482632
1469661002929262596,negative,1.888053021528697e-07
1469661011510767630,negative,0.001531430593776934
1469661014954332162,negative,0.0074582385362484864
1469661073653612544,negative,0.06250356477588359
1469661122726965251,negative,0.00011258626322698977
1469661144147283968,negative,0.00010636341699612652
1469661185398222849,negative,0.06482319918933233
1469661267908513798,negative,0.03873223796981742
1469661270559371265,negative,0.0006644268894148691
1469661301240700929,negative,0.024714472130582428
1469661310837272587,negative,0.10297541052482632
1469661323302686721,negative,0.09011632466747742
1469661341283725313,negative,0.10297541052482632
1469661346539130881,negative,0.0077674352902176984
1469661348762116096,negative,0.20422378725274692
1469661356911730689,negative,0.0012542559272057632
1469661416319823877,negative,0.03187708199139733
1469661451208036354,negative,0.12670421991323352
1469661511618826240,negative,0.1719777466869665
1469661526537637894,negative,0.1719777466869665
1469661545168789506,negative,0.0001890971586372955
1469661566060548096,negative,0.30388150864149155
1469661631206629380,negative,0.00241697010024539
1469661648239710210,negative,0.10297541052482632
1469661667290136582,neutral,0.502813175397542
1469661683211776017,negative,0.11748231177588063
1469661690069491723,negative,0.10297541052482632
1469661824450711554,negative,0.10297541052482632
1469662673776386052,negative,0.00019464438542730861
1469662677702164480,negative,1.0775486588929106e-08
1469662769465073666,negative,3.0910661722649146e-11
1469662800729591819,negative,0.10661550957152932
1469662801794842625,neutral,0.4836615648449466
1469662818026852353,negative,0.16261032939216008
1469662830127374352,negative,6.511308090450764e-06
1469662847596732424,negative,6.511308090450764e-06
1469662848607420424,negative,0.04288834497496657
1469662856060846082,negative,0.18395121986733237
1469662865816707075,negative,6.511308090450764e-06
1469662888667369477,negative,6.511308090450764e-06
1469662890475065348,negative,0.16737949630164103
1469662910611955712,negative,6.511308090450764e-06
1469662911408877568,negative,0.14884542675999726
1469662919474491397,negative,0.0004214508388367734
1469662930203549699,negative,6.511308090450764e-06
1469662952987021318,negative,6.511308090450764e-06
1469662961211953159,negative,0.06482319918933233
1469662969583833090,negative,6.511308090450764e-06
1469663011317112833,negative,6.511308090450764e-06
1469663023715467266,negative,0.21993962297108166
1469663035757408256,negative,6.511308090450764e-06
1469663040429862920,negative,0.10369220877186403
1469663061481078796,negative,6.511308090450764e-06
1469663089356423175,negative,0.0006812737819433669
1469663089448689664,negative,6.511308090450764e-06
1469663116447334404,negative,6.511308090450764e-06
1469663126756995072,neutral,0.35267027828332864
1469663133505658886,negative,6.511308090450764e-06
1469663142011719684,neutral,0.43700193594599357
1469663148714172420,negative,0.12268935102007728
1469663164300210184,negative,9.190620116899717e-05
1469663178887995394,negative,6.511308090450764e-06
1469663182696427527,negative,0.0059388737693147065
1469663198282493954,negative,0.00035127532846232544
1469663198437687296,negative,0.00011258626322698977
1469663205920235529,negative,6.511308090450764e-06
1469663249729830915,negative,6.511308090450764e-06
1469663266976714765,negative,0.0225398170034694
1469663276447547395,negative,6.511308090450764e-06
1469663305115570182,negative,6.511308090450764e-06
1469663325462179851,negative,0.20653872387142003
1469663330281340935,negative,6.511308090450764e-06
1469663383351873537,negative,0.09199464462601915
1469663384920633344,negative,0.21659778699945895
1469663389949513734,negative,0.03983470457371865
1469663453241507846,negative,6.511308090450764e-06
1469663465392553986,negative,0.10297541052482632
1469663482626953217,negative,0.10297541052482632
1469663521252294661,negative,0.10297541052482632
1469663521352962049,negative,6.511308090450764e-06
1469663561081397252,negative,6.511308090450764e-06
1469663581331496964,negative,0.00010499477494092432
1469663586863755282,negative,6.511308090450764e-06
1469663597932552193,negative,0.10297541052482632
1469663633634430976,negative,0.15458638845299186
1469663648721387532,negative,6.511308090450764e-06
1469663650147360770,negative,0.004054138348555666
1469663666840739846,negative,6.511308090450764e-06
1469663677506887680,negative,0.16653608139075893
1469663683135557640,negative,0.10297541052482632
1469663697333276676,negative,6.511308090450764e-06
1469663724378144771,negative,6.511308090450764e-06
1469663734427791374,negative,3.1361816490631397e-09
1469663760164040705,negative,6.511308090450764e-06
1469663760684093449,negative,0.30388150864149155
1469663776735739914,negative,6.511308090450764e-06
1469663796394401794,negative,9.774068154449237e-05
1469663819500863493,negative,6.511308090450764e-06
1469663840224874498,negative,6.511308090450764e-06
1469663869283053579,negative,6.511308090450764e-06
1469663871715663878,negative,0.0077674352902176984
1469663885942743045,negative,6.511308090450764e-06
1469663907782529025,negative,0.10297541052482632
1469663911070912514,negative,6.511308090450764e-06
1469663945048969217,negative,6.511308090450764e-06
1469663962602123266,negative,0.022656924255170345
1469663970533466113,negative,0.15458638845299186
1469663980583100417,negative,0.0003527442732650589
1469664000027906054,negative,0.10297541052482632
1469664005983817730,negative,6.511308090450764e-06
1469664044625895424,negative,9.774068154449237e-05
1469664050728550400,negative,0.00010776997345840784
1469664072761323525,negative,9.774068154449237e-05
1469664075093323778,negative,0.23972773971202263
1469664076133552130,negative,6.511308090450764e-06
1469664092331905025,negative,6.511308090450764e-06
1469664103115468802,negative,0.0038380247919811766
1469664107439611908,negative,0.00011258626322698977
1469664118068195340,negative,6.511308090450764e-06
1469664136812453903,negative,6.511308090450764e-06
1469664166122332160,negative,6.511308090450764e-06
1469664173751779332,negative,0.037523546747540916
1469664201396346884,negative,6.511308090450764e-06
1469664245809877004,negative,6.511308090450764e-06
1469664265623588867,negative,0.008178362527209763
1469664273874006016,negative,1.1370655137606346e-07
1469664286796566532,negative,6.511308090450764e-06
1469664299887046658,negative,0.21993962297108166
1469664303007649795,negative,1.4300930533362103e-05
1469664306526625796,neutral,0.4425098178911721
1469664317956104195,negative,2.686833645750735e-05
1469664320808271873,negative,6.511308090450764e-06
1469664342039748618,negative,6.511308090450764e-06
1469664368170348544,negative,0.30388150864149155
1469664376621780994,negative,6.511308090450764e-06
1469664383848566786,negative,0.024714472130582428
1469664398960742403,negative,6.511308090450764e-06
1469664400369987586,negative,0.06482319918933233
1469664414378954758,negative,0.24355337477356753
1469664423107301378,negative,0.24355337477356753
1469664432221573125,negative,6.511308090450764e-06
1469664454140964866,negative,6.511308090450764e-06
1469664455072038912,negative,4.694403079284525e-06
1469664484843307009,negative,6.511308090450764e-06
1469664485656829953,negative,0.10297541052482632
1469664505118572545,negative,6.511308090450764e-06
1469664515532865536,positive,0.8750486211373728
1469664525842628608,negative,6.511308090450764e-06
1469664592074878977,negative,6.511308090450764e-06
1469664617362300933,negative,6.511308090450764e-06
1469664625012752384,negative,0.08214244423561386
1469664636534505478,negative,6.511308090450764e-06
1469664678267785223,negative,6.511308090450764e-06
1469664685138255874,negative,0.0015275658372678421
1469664704486428692,negative,6.511308090450764e-06
1469664705979592707,negative,0.10297541052482632
1469664729740320768,negative,6.511308090450764e-06
1469664730566610946,neutral,0.35325918976260035
1469664762560753678,negative,6.511308090450764e-06
1469664767279132681,neutral,0.4425098178911721
1469664770009837571,negative,0.001027474029843063
1469664770873769988,neutral,0.4274047939449264
1469664773369475076,negative,0.015051200388285132
1469664774367682574,negative,0.00010776997345840784
1469664784408662018,negative,0.22470354504728526
1469664808056332292,neutral,0.49789225920557484
1469664809033555968,negative,0.11748231177588063
1469664812040921092,negative,6.511308090450764e-06
1469664843477180420,negative,6.511308090450764e-06
1469664859604324359,negative,0.29835939543150414
1469664866084532229,negative,6.511308090450764e-06
1469664875462987780,negative,0.044241929564039766
1469664899618033669,negative,6.511308090450764e-06
1469664944228552706,negative,6.511308090450764e-06
1469664964814245896,negative,0.11748231177588063
1469664968031313920,negative,0.025586982780145054
1469664977732739078,negative,5.8441764364092005e-05
1469664980761030659,negative,0.14677178855665504
1469664980777713672,negative,0.30388150864149155
1469664996363841539,negative,0.0015199776725105276
1469665011220062208,negative,6.511308090450764e-06
1469665033470812163,negative,0.10297541052482632
1469665040743780353,negative,6.511308090450764e-06
1469665043792941058,negative,0.30388150864149155
1469665060457005056,negative,6.511308090450764e-06
1469665083898966023,negative,6.511308090450764e-06
1469665101351370763,negative,6.511308090450764e-06
1469665114706128906,negative,0.04133577628981657
1469665117428137985,negative,5.571633167172181e-05
1469665130753544193,negative,6.511308090450764e-06
1469665150361911298,negative,6.511308090450764e-06
1469665176563691524,negative,0.0026763776738783903
1469665176718880773,negative,6.511308090450764e-06
1469665197992419328,negative,6.511308090450764e-06
1469665199795933186,negative,0.023225833510088015
1469665202325143565,negative,0.0014719546755597225
1469665204774572032,negative,0.0014034464674572912
1469665215356809222,negative,6.511308090450764e-06
1469665242208735236,positive,0.954499003655487
1469665245392220166,negative,6.511308090450764e-06
1469665251360755723,neutral,0.48588289662780504
1469665263587049477,negative,6.511308090450764e-06
1469665276417372164,negative,0.00019464438542730861
1469665284361527303,negative,0.0074582385362484864
1469665292431380485,negative,6.511308090450764e-06
1469665339948605449,negative,0.00011258626322698977
1469665372131536906,negative,0.30388150864149155
1469665395544100877,negative,0.00010776997345840784
1469665397603450880,negative,0.022656924255170345
1469665435717099524,neutral,0.35325918976260035
1469665487248318465,negative,0.12670421991323352
1469665491182661636,positive,0.7269461425349514
1469665495372730373,negative,0.14747578485994248
1469665509843116036,negative,0.0019150873355204517
1469665519431258119,negative,0.021369831934158
1469665550838161415,negative,0.024714472130582428
1469665596791009282,negative,0.002257560143111415
1469665680819634183,negative,0.00026900071342901214
1469665713854066689,negative,0.0077674352902176984
1469666130608504838,positive,0.7638055165838263
1469666159649714177,negative,0.10183769474184393
1469666175655333892,negative,0.028980041962294586
1469666181909032962,negative,0.14747578485994248
1469666242554478597,negative,0.04909820201515697
1469666251672858630,negative,6.511308090450764e-06
1469666260459864073,negative,0.2080069320105487
1469666286728847364,negative,0.10297541052482632
1469666315547779078,negative,0.0001816331907992033
1469666346543759362,negative,0.0023655807999003317
1469666351723827203,negative,0.002257133788811362
1469666378051371012,negative,0.006689803712588802
1469666388868358145,neutral,0.4547397256508491
1469666417062686721,negative,0.02246285850305825
1469666431130349574,negative,0.015570915496962087
1469666441838448643,negative,0.30388150864149155
1469666476307193861,negative,0.14747578485994248
1469666539032952840,negative,0.00010776997345840784
1469666546796609542,negative,0.0015199776725105276
1469666556460290060,neutral,0.5288188119235204
1469666560587575302,negative,0.30388150864149155
1469666561443000325,neutral,0.4271634080131917
1469666562361729027,neutral,0.49789225920557484
1469666573254213634,negative,0.11343932833435406
1469666579445080064,negative,0.12120613831016647
1469666585694638084,negative,3.2323321289114274e-07
1469666591906353158,negative,0.2031218527706539
1469666610692726792,negative,0.04098369236676542
1469666621627109380,negative,0.30388150864149155
1469666635439038465,negative,6.511308090450764e-06
1469666666023903232,negative,0.10297541052482632
1469666668674695172,negative,0.14747578485994248
1469666693442158596,neutral,0.49789225920557484
1469666695220502534,negative,0.30388150864149155
1469666736022724612,negative,0.028980041962294586
1469666758399348737,negative,5.571633167172181e-05
1469666769019314182,negative,0.0074582385362484864
1469666783695192072,negative,0.0008607891812166655
1469666787944026112,negative,0.1816277754270887
1469666821653602311,negative,0.054375974912587145
1469666831006846982,negative,0.10297541052482632
1469666850304937984,negative,0.12828973225907245
1469666886254137345,negative,0.30388150864149155
1469666889450373124,neutral,0.5668086177602719
1469666896173752327,negative,0.023426206668243
1469666907057963009,negative,0.10297541052482632
1469666973504221184,negative,1.1821412033105544e-05
1469666975727202306,negative,4.219155675580353e-05
1469667008396599306,negative,0.0007335398555898143
1469667009298370561,negative,0.19939638076998792
1469667039249932292,negative,0.041515674601046576
1469667039631581184,negative,0.032534084907367374
1469667047176949760,negative,0.01388662153096292
1469667049383342089,negative,7.931507170494063e-07
1469667052755554314,negative,0.00011131645358034347
1469667062691729410,negative,0.08214244423561386
1469667132409409538,negative,0.0019669226491426045
1469667171261464578,negative,6.511308090450764e-06
1469667193134538757,negative,0.2477379013422821
1469667196506886147,neutral,0.5288188119235204
1469667215305809922,negative,0.0077674352902176984
1469667251020349448,negative,0.0077674352902176984
1469667285522653192,negative,0.10297541052482632
1469667298155941893,negative,0.00010776997345840784
1469667310722031618,negative,6.511308090450764e-06
1469667319504936960,negative,0.04187181041093833
1469667324068339722,negative,0.0077674352902176984
1469667348349136900,negative,0.059523626483292326
1469667352124002316,negative,0.15800557490285064
1469667489307107329,negative,1.734216149881893e-09
1469667500048752644,negative,0.00010499477494092432
1469667564145889283,negative,0.025466622023089774
1469667599424405511,negative,0.06971727605037865
1469667666973671428,negative,0.00024003182257554694
1469667672879407104,negative,0.025466622023089774
1469667690281373697,negative,0.0009198772350784553
1469667720429977601,negative,5.571633167172181e-05
1469667744471736324,negative,0.04767895123856439
1469667765032296450,negative,0.10297541052482632
1469667815388971008,negative,0.04187181041093833
1469667833093230594,negative,0.006473273930936456
1469667846951219204,negative,0.03132802138618391
1469667875942248456,neutral,0.3344907163681226
1469668008197033991,positive,0.9605476767666811
1469668025452347398,negative,6.511308090450764e-06
1469668041998966787,negative,0.0001607402227036849
1469668045161476103,negative,0.03450820291573688
1469668065747087363,negative,1.4543632372537955e-07
1469668098869506053,neutral,0.4547397256508491
1469668108671541248,negative,0.03207664933507554
1469668108935782405,negative,6.511308090450764e-06
1469668109598720001,negative,3.2757703807521915e-07
1469668131111149575,negative,0.15458638845299186
1469668183338541057,negative,0.3228970661640784
1469668199771820039,positive,0.7269461425349514
1469668201994891269,negative,0.25844381437904396
1469668205186756612,negative,0.15596206937402207
1469668254687772676,neutral,0.4547397256508491
1469653191876694017,positive,0.7997158418810252
1469653193046978564,positive,0.7997158418810252
1469653193638305795,neutral,0.34188884897354205
1469653193709686787,negative,0.242199136619997
1469653194317996043,negative,0.020351456821727197
1469653195777445891,negative,0.04689764420009878
1469653195916038145,negative,0.19331370644763565
1469653196708597765,negative,0.0002094251841531772
1469653197107122180,negative,0.027578215509544778
1469653197392392205,negative,0.002221547418403091
1469653197694201858,negative,0.015755111302233036
1469653198126211081,negative,0.1023782270868179
1469653198625513477,negative,0.001029053378529251
1469653198860431365,negative,0.0010298186199560488
1469653199011434498,negative,0.008269634830610476
1469653199069933570,negative,0.13730821813607058
1469653199090905088,neutral,0.64838537251392
1469653199137095691,negative,0.028393765788259778
1469653199166529536,negative,0.001029053378529251
1469653199288250377,negative,0.0018830770308259919
1469653199393075204,negative,5.280497981700002e-06
1469653199493730305,negative,0.000246672587828791
1469653199887880195,negative,0.0042087452031802424
1469653199963320323,negative,0.11451579198607573
1469653200483454979,negative,0.17997582418194216
1469653200496066560,negative,0.017542624879243105
1469653202366869507,negative,5.1372158165276044e-05
1469653207081271307,neutral,0.4922415229393677
1469653207995588613,negative,0.19558011933134006
1469653208901603333,negative,0.010124656316417647
1469653213678915586,negative,7.4923822410517155e-06
1469653214630928385,negative,0.05970821081991704
1469653215172038656,neutral,0.6034130691460076
1469653215771869194,positive,0.9443821937444538
1469653219118882824,negative,0.004680619411337996
1469653236399448065,negative,0.0007432627564837635
1469653237024370689,positive,0.9997534332827445
1469653237175398408,negative,0.009839161915645553
1469653238806765568,negative,0.0003046306565581766
1469653243508654081,negative,0.007828252876047524
1469653247828934659,negative,0.014194809157205439
1469653250005733377,negative,1.2744641209232806e-06
1469653250370523139,neutral,0.5273166212311818
1469653251649900556,negative,0.0027774093096840768
1469653255026266123,negative,0.0033611642201154764
1469653256058118146,negative,0.029481068370909524
1469653260483055629,negative,0.05953698406554835
1469653267873517573,negative,0.05970821081991704
1469653272743104515,negative,9.345077334028793e-10
1469653275104485385,negative,0.010951874711530286
1469653276526325763,negative,2.5060120630672935e-10
1469653276798947333,negative,0.003810694304864564
1469653280242425860,negative,0.016141209549366407
1469653281412689929,negative,0.001029053378529251
1469653281844699140,neutral,0.36001742862195224
1469653282893221894,neutral,0.4922415229393677
1469653284151513090,neutral,0.4285366425475492
1469653284839378949,negative,3.4339444449759325e-11
1469653287863566342,neutral,0.4327373491590218
1469653291109949443,negative,0.018039517698682516
1469653292166922252,negative,0.00010206327133108365
1469653298491924485,negative,3.672272730676141e-05
1469653304724664321,negative,0.0066144610481185
1469653306616303618,negative,0.17848102011554134
1469653307723501568,negative,0.07627850848394617
1469653310437273603,positive,0.774378866808659
1469653314509881348,negative,5.643930973360006e-05
1469653315898200071,negative,0.17528028599726325
1469653322231652353,negative,0.30150727762758406
1469653324861526016,negative,1.2744641209232806e-06
1469653329919762445,negative,0.001029053378529251
1469653330016280582,negative,0.22374744905611785
1469653330137862151,negative,0.002417022383601962
1469653331782115330,negative,0.004342864150000923
1469653332159602692,neutral,0.4922415229393677
1469653335049388040,negative,0.010554549129913497
1469653338648027136,negative,0.3056633207916829
1469653339797434368,negative,1.308355911600369e-06
1469653339914870789,negative,0.0027774093096840768
1469653341131218946,negative,0.12146426141732296
1469653344213950465,negative,0.006118061403405386
1469653344293736451,positive,0.9542043903517397
1469653344490864640,negative,0.0017429527402658244
1469653345115721731,negative,0.13605048711491027
1469653352275456005,negative,0.011435740407692423
1469653354292957184,negative,0.001029053378529251
1469653355672838149,negative,0.0026380648524405577
1469653358323675139,negative,0.001029053378529251
1469653363759452164,negative,0.011663600409077836
1469653367886598159,negative,0.011663600409077836
1469653368364806145,negative,6.805028659432621e-06
1469653369186832384,neutral,0.3441877553689745
1469653370222825478,negative,0.00043988969499496826
1469653371393085441,negative,0.0006656778770435158
1469653373674831878,negative,0.3056633207916829
1469653376543690755,negative,0.005537707152917746
1469653377437126659,neutral,0.6366208844550786
1469653378045206533,negative,0.010951874711530286
1469653382935851011,negative,6.278328861011595e-07
1469653385536315402,negative,0.0018670020834476383
1469653385624305673,negative,2.265491114560955e-05
1469653389353095171,positive,0.6933256679321718
1469653392733708292,negative,4.36019792486732e-05
1469653396051406856,negative,0.0246785487578686
1469653396693078016,negative,0.10542051257586092
1469653401080315906,negative,0.12146426141732296
1469653401768185865,negative,0.05970821081991704
1469653442935197697,negative,0.0073336966678584975
1469653444847976452,negative,0.0015117707207727268
1469653445623877634,negative,0.003698783029922384
1469653445917528069,negative,0.27092000760929014
1469653447041556482,negative,0.00040247230923397346
1469653448325058561,negative,0.0007228345910827338
1469653449902116868,positive,0.9997534332827445
1469653451579740166,positive,0.9997534332827445
1469653453269966850,negative,0.2921345961065012
1469653453446209538,neutral,0.5652144012458306
1469653454633246722,negative,1.8928137695930872e-06
1469653457015648261,negative,0.12940202327014352
1469653462346575876,negative,0.0004357016697578898
1469653466662551560,negative,0.08198887780862589
1469653468122128388,negative,0.0027716704005454848
1469653472337223680,negative,0.2921345961065012
1469653472698150913,positive,0.9997534332827445
1469653475529302016,negative,2.7057257526614493e-05
1469653476137447436,negative,0.001029053378529251
1469653481762041860,positive,0.7090522855839745
1469653481858514948,negative,4.695452793015561e-05
1469653484505083906,negative,0.001029053378529251
1469653486577061895,negative,0.08538037419617008
1469653490125451264,negative,0.001029053378529251
1469653490855206912,negative,0.004239329644767441
1469653491257905155,positive,0.9997534332827445
1469653491983466506,negative,2.1013784879242905e-05
1469653492063158277,negative,1.0652567890674482e-05
1469653492423958531,negative,0.00038086184659856
1469653492553949186,negative,0.14133255951854565
1469653494542086155,negative,0.002716065726802961
1469653496341438478,negative,3.7416950528668666e-08
1469653497717141505,negative,0.00640756392498087
1469653501219422210,negative,0.06153841828333601
1469653501991129096,negative,2.78828826037117e-06
1469653502708363264,negative,0.0014150275214392448
1469653503949873155,negative,0.0003911872468906501
1469653505812148227,negative,0.10766137782627634
1469653508936933380,negative,0.061434063672601694
1469653510207770631,negative,0.028338805895816836
1469653514834132995,negative,0.00640756392498087
1469653519686844420,negative,0.001029053378529251
1469653523306627077,negative,6.917152123986554e-08
1469653523453386753,negative,0.001029053378529251
1469653524443242498,negative,0.06213654664862139
1469653524665573382,negative,0.030408266226407868
1469653525261172748,negative,0.019203424117736085
1469653525902811141,negative,0.0040781736432032095
1469653526775218177,neutral,0.4922415229393677
1469653530285850624,negative,0.006985479607394698
1469653531246407681,negative,0.022792179459334184
1469653532152406017,negative,0.00640756392498087
1469653532685086738,negative,0.10921659285043106
1469653535042248706,neutral,0.4922415229393677
1469653536397045764,negative,0.0006339964612198855
1469653537722351627,negative,3.371822055910514e-05
1469653547641978880,negative,0.0009989632832752722
1469653550464528391,negative,0.003020166833699011
1469653550850527233,negative,0.0001630048519472093
1469653551416754184,negative,0.004342864150000923
1469653551861403649,negative,0.033648678754248144
1469653554260500488,negative,2.987519772749954e-07
1469653556399677451,negative,0.001029053378529251
1469653565417349121,neutral,0.4922415229393677
1469653567996899328,negative,0.001029053378529251
1469653569469128705,negative,1.1867236332268245e-08
1469653576901402626,negative,6.558170383584771e-05
1469653579963248644,neutral,0.64838537251392
1469653585407401986,negative,5.85606983646978e-07
1469653585784983552,neutral,0.4922415229393677
1469653589186707464,negative,1.1608247227897376e-05
1469653590201540615,negative,2.736596345953243e-06
1469653591950565381,negative,0.00682626175518094
1469653601815605248,negative,0.0004357016697578898
1469653601970700288,negative,0.03187920522019715
1469653602243338246,neutral,0.3448789537043245
1469653602566393858,negative,0.0018670020834476383
1469653607444324353,negative,0.18893046946082714
1469653608111255556,neutral,0.3441877553689745
1469653608455192579,negative,0.0003895692768199124
1469653608580927496,positive,0.7849872504905281
1469653612183928832,positive,0.74576314217571
1469653615103156228,negative,0.01396555224626458
1469653615681933313,negative,0.12453704243806227
1469653616663347204,negative,0.001029053378529251
1469653616994750471,negative,0.0019809728174940036
1469653619272302592,negative,9.754924945017089e-08
1469653621528829955,negative,0.001029053378529251
1469653623592439809,negative,6.805028659432621e-06
1469653627728011264,negative,9.85849341512384e-05
1469653627757334532,negative,2.2649626723044844e-08
1469653639706943488,negative,1.2024116424067985e-10
1469653639828586497,neutral,0.4737554465528978
1469653647667744770,negative,0.188573005563206
1469653648506593286,negative,0.00010206327133108365
1469653649186070533,negative,0.01596818549447138
1469653650540748803,negative,0.006524842872066041
1469653651853565957,neutral,0.4922415229393677
1469653655561420800,negative,0.00038086184659856
1469653657146716165,negative,0.18795859623648656
1469653657239138308,positive,0.9997534332827445
1469653663161462784,negative,6.657847553297885e-08
1469653663907909633,negative,0.003908944706213048
1469653668211404803,negative,0.0021148705798751137
1469653672338628612,neutral,0.5492209301922055
1469653673705934848,negative,0.001029053378529251
1469653680966311938,negative,0.001029053378529251
1469653685928087552,negative,0.20568989136550409
1469653693331128326,neutral,0.6082825947718752
1469653694786514947,negative,2.5368583731988136e-14
1469653696145506311,negative,0.001029053378529251
1469653696451686404,negative,0.00010056237406599414
1469653697261187079,negative,0.2913863640634792
1469653697298944004,negative,1.232559046555107e-09
1469653698536214534,neutral,0.5026136864836971
1469653704303386630,negative,0.05970821081991704
1469653705414918146,neutral,0.4922415229393677
1469653705993641986,neutral,0.4922415229393677
1469653706291486723,negative,0.003020166833699011
1469653708422230016,negative,1.3764751304703708e-05
1469653708929748992,negative,0.00010206327133108365
1469653712243073029,negative,0.020351456821727197
1469653712805277697,negative,1.4551099158214624e-12
1469653719935504389,negative,0.00010206327133108365
1469653721915265024,negative,0.0030399914658015767
1469653727250460672,neutral,0.4922415229393677
1469653728844300290,negative,2.5294061545529384e-09
1469653733466382336,negative,0.2921124184937526
1469653738134642698,negative,0.007129765214543528
1469653739506176003,negative,0.0005656484761593459
1469653741162876938,neutral,0.46127768308170247
1469653741171351553,negative,0.012910917863269082
1469653746191896581,negative,0.01730158384860855
1469653748272275460,negative,1.0176486795845011e-05
1469653750000328712,negative,0.00010206327133108365
1469653750457544705,negative,0.002288034557958833
1469653751136927749,neutral,0.450324331949821
1469653752844099593,neutral,0.3441877553689745
1469653753053728768,negative,0.0010384440564727066
1469653753410330629,negative,0.0027716704005454848
1469653755503288324,negative,6.72920096765328e-09
1469653756707057668,neutral,0.5324490463289497
1469653762390302720,negative,9.052581746607454e-06
1469653762746814466,neutral,0.4258672216328618
1469653762876878848,negative,0.0010785986342861196
1469653765766754305,negative,0.00038086184659856
1469653766932738054,negative,4.4006129209224165e-06
1469653766949515269,negative,0.14822956217475602
1469653767645708298,negative,0.3235466514245424
1469653773589037057,negative,0.00010206327133108365
1469653774457315331,negative,0.03085351038845301
1469653775140933635,negative,4.6661787511499113e-07
1469653775321337859,negative,0.21659070216520487
1469653778609713156,negative,7.667736051124769e-06
1469653782871035908,negative,0.16667480379578
1469653784838164481,negative,0.14877888402208955
1469653786088157186,negative,0.011663600409077836
1469653788655030273,negative,0.10122635816923403
1469653789246472196,negative,0.001029053378529251
1469653797739941888,positive,0.9997534332827445
1469653799535058945,negative,3.914280698711738e-06
1469653799702876163,negative,0.0027875733384367645
1469653812155719682,negative,1.2744641209232806e-06
1469653813996961797,negative,2.279002772779075e-07
1469653816391913474,negative,0.0027875733384367645
1469653816739975175,negative,0.27487808077227294
1469653824025645056,negative,0.00682626175518094
1469653827301384193,negative,0.3226114395835132
1469653828043784192,negative,0.0001630048519472093
1469653829360697345,negative,0.03162988886820899
1469653837606752265,negative,4.4696741345963276e-05
1469653839771049986,negative,0.11154443292387338
1469653839930400771,negative,0.0002480076410271465
1469653843977936898,negative,0.05199781630950239
1469653848042180608,negative,1.5246756224162122e-06
1469653849380167691,negative,0.03710966915339021
1469653849946349568,positive,0.9994203779760621
1469653853217951744,negative,7.326903473344331e-05
1469653858704101382,negative,1.0782608962582632e-06
1469653859190677505,negative,0.006064827114742059
1469653859626803204,negative,0.06662548124573474
1469653861962944512,negative,1.5807618392096268e-05
1469653864609718276,negative,0.04599435480861964
1469653876668350466,negative,0.0010598132914513417
1469653876907425795,negative,0.0002949285263838268
1469653891793014784,negative,0.00010206327133108365
1469653903834812417,negative,0.010539836978667493
1469653904023556107,negative,9.991509311198165e-06
1469653904216539141,negative,0.09231980924644335
1469653912642895874,negative,0.05846218393211074
1469653936873295879,negative,3.672272730676141e-05
1469653938643390466,neutral,0.4922415229393677
1469653944955777029,negative,0.038432991310155255
1469653950123151363,negative,0.0027774093096840768
1469653951326924803,negative,0.0652343466675806
1469653955357597696,negative,0.0056183789433709224
1469653956330676228,negative,0.001029053378529251
1469653957312237569,negative,0.006524842872066041
1469653961682657285,negative,0.15029513708155978
1469653964891303937,neutral,0.4410740452267583
1469653969320521730,negative,0.0056183789433709224
1469653976333303817,negative,0.000739478613749031
1469653983186898944,negative,1.83560394835516e-07
1469653983669243906,negative,3.7121248542009993e-07
1469653984197713922,negative,0.008573182805128083
1469653985330085894,negative,0.0008834651630548917
1469653986483613699,negative,8.112966092151081e-06
1469653986500354050,negative,0.1587745765405946
1469653987758465029,negative,0.005415023509573141
1469653988178071559,negative,0.00030473808789402055
1469653988505276426,negative,0.09701144964839203
1469653995648073736,negative,0.00010206327133108365
1469654002250002438,negative,0.04300971808026838
1469654003386617861,negative,0.00918711528739364
1469654010344914962,negative,0.03665725553330877
1469654012672851969,negative,2.883112465107852e-06
1469654013155151875,negative,0.012337998831432611
1469654014992257025,negative,0.0005549309391979134
1469654016028454915,negative,0.00010206327133108365
1469654018041524225,negative,1.4780912254711768e-06
1469654019194957824,negative,0.25050913950563336
1469654030683193345,negative,0.00682626175518094
1469654033916997639,negative,0.001029053378529251
1469654036924309505,negative,0.001029053378529251
1469654037431783437,neutral,0.5296425095966316
1469654037628952579,negative,0.0019625412074673566
1469654041101803529,positive,0.9997534332827445
1469654044058992641,negative,0.01772649251106754
1469654044348141570,negative,0.008086045497808309
1469654044448890885,negative,0.004403720907015949
1469654047812636675,negative,0.27487808077227294
1469654051201724419,positive,0.7195487567089036
1469654055962165254,negative,2.5566993993694915e-06
1469654058105511944,negative,0.00031384165314877755
1469654059888136198,neutral,0.5429808804161166
1469654061125455874,negative,6.372227697398901e-07
1469654062597611526,negative,1.4575493058360765e-12
1469654071351001088,negative,0.00020649951832175673
1469654071850188808,negative,0.0012899366460325155
1469654074010357763,negative,0.000273046410154122
1469654076858187783,negative,0.016141209549366407
1469654077105754117,negative,1.2744641209232806e-06
1469654089025966087,negative,0.25050913950563336
1469654089122336768,negative,5.45895318340596e-10
1469654099314491398,neutral,0.4922415229393677
1469654105635397640,negative,0.001029053378529251
1469654107237482497,negative,7.079715720514039e-05
1469654107891945472,negative,2.4795374442191895e-05
1469654111381512195,negative,1.7424264593842273e-11
1469654133607215111,negative,0.0003911872468906501
1469654135767285765,negative,1.0592868301799324e-09
1469654138887757827,negative,2.5696990661311923e-11
1469654140372635659,negative,1.2744641209232806e-06
1469656537601875979,negative,0.005099626071233541
1469656538424004608,neutral,0.4922415229393677
1469656539271208974,negative,0.00040247230923397346
1469656542463119360,negative,0.0003686556416686553
1469656543037726721,negative,0.19558011933134006
1469656544299995137,negative,0.3040199122569793
1469656544329576452,negative,0.16073271281061452
1469656547018088451,neutral,0.5273166212311818
1469656547022233601,negative,0.12645830254053617
1469656549027102721,negative,0.00013642514878683474
1469656549698199552,negative,0.012442875072801635
1469656550021251075,negative,0.001029053378529251
1469656557801680897,neutral,0.4922415229393677
1469656559663910915,negative,1.4917325130798798e-06
1469656564009078784,negative,0.022792179459334184
1469656570074128388,negative,0.0011705350659215602
1469656572523687943,positive,0.8825067454755822
1469656576030134279,negative,0.0494769262876866
1469656576944492547,negative,0.00918711528739364
1469656584360017922,negative,0.0012854492896116675
1469656587249885189,positive,0.74576314217571
1469656593436454913,negative,0.00010206327133108365
1469656599014920201,negative,0.04707399931314457
1469656602928205833,neutral,0.5273166212311818
1469656603624411140,neutral,0.6107723552362255
1469656605507600387,negative,0.012337998831432611
1469656609379004427,negative,0.0027774093096840768
1469656612537352199,negative,0.0050469919002625405
1469656612772196360,negative,0.10065380415235704
1469656615624323074,negative,0.007927013547115737
1469656618048573442,negative,0.006524842872066041
1469656618400989185,negative,0.001117827891804213
1469656619327922182,negative,8.88690742047845e-06
1469656625581596680,neutral,0.4507454498615163
1469656625770344457,negative,0.09604703152051772
1469656626231746565,neutral,0.3441877553689745
1469656626911236103,negative,0.14133255951854565
1469656631583588357,negative,0.014720344376385542
1469656633215266816,negative,1.8576850453660347e-07
1469656634926510082,negative,0.01396555224626458
1469656635417190401,negative,1.2744641209232806e-06
1469656639234007040,negative,0.00010206327133108365
1469656645147967490,positive,0.9997534332827445
1469656646389575682,negative,0.017117873723249074
1469656648394412032,negative,0.0026380648524405577
1469656653947621378,negative,0.012442875072801635
1469656654857871360,neutral,0.36001742862195224
1469656658397777929,negative,1.2744641209232806e-06
1469656659194781697,negative,0.05619293246460506
1469656667424010243,negative,0.10065380415235704
1469656672700350464,negative,0.036182720601030983
1469656674294190080,negative,0.21000343813913533
1469656674680066048,negative,0.0056183789433709224
1469656679381929991,negative,0.007731088820080088
1469656680992546818,negative,0.006118061403405386
1469656681005023232,negative,3.7917515502833156e-06
1469656685396508672,neutral,0.4147342023902695
1469656689880145920,negative,3.672272730676141e-05
1469656691553800207,negative,0.00010206327133108365
1469656691696406535,negative,0.0027875733384367645
1469656692065550339,negative,3.672272730676141e-05
1469656694007414787,negative,8.606871295376545e-06
1469656694225616899,negative,0.22648888647153445
1469656695651590145,negative,0.10065380415235704
1469656696616325131,negative,0.1301722705861213
1469656697333501955,negative,2.3519344065831934e-08
1469656702295449607,negative,0.14822956217475602
1469656708469465094,negative,0.001029053378529251
1469656708783951876,neutral,0.5212163187857229
1469656709354618883,negative,0.0003881433812848937
1469656714261708801,negative,5.280497981700002e-06
1469656714303598593,negative,5.280497981700002e-06
1469656715045998596,negative,0.00192065471341986
1469656724219047937,negative,0.00010206327133108365
1469656725112471553,negative,0.27689718129246665
1469656726681100288,negative,0.00048001049786386304
1469656734285406213,negative,9.037036895327467e-08
1469656735388471303,negative,0.0026380648524405577
1469656736927735808,negative,0.00010206327133108365
1469656744360124420,negative,0.001029053378529251
1469656749951102985,negative,0.001029053378529251
1469656750949384197,negative,0.000273046410154122
1469656752895496192,negative,0.0003895692768199124
1469656753600188416,negative,0.25050913950563336
1469656756695486469,negative,1.578252134076868e-14
1469656762668171270,negative,0.3040931683569463
1469656764870189057,negative,0.10065380415235704
1469656768330485773,negative,0.010849777221105222
1469656773019815945,negative,1.467628973664698e-09
1469656774483615746,negative,2.281552530953038e-08
1469656775041466377,negative,2.3519344065831934e-08
1469656776308105225,negative,1.2744641209232806e-06
1469656780380651521,negative,0.04156027876840083
1469656780418469892,negative,0.0025821786544470535
1469656788937105409,negative,0.00038086184659856
1469656792179384324,negative,0.0040781736432032095
1469656796415635463,negative,0.14740882203274375
1469656803935981569,neutral,0.3441877553689745
1469656805903118343,neutral,0.4922415229393677
1469656807731830790,negative,0.001029053378529251
1469656822139297795,negative,0.2664861458861063
1469656823078825991,positive,0.9997534332827445
1469656824836153352,negative,0.05970821081991704
1469656826153246722,negative,0.1268028451552595
1469656829596782604,negative,0.02683337565483974
1469656840019615745,negative,0.0015498044967749286
1469656844331360257,negative,0.10065380415235704
1469656845438570496,positive,0.9994203779760621
1469656848303337480,negative,0.020922071063875794
1469656857266565123,positive,0.7214474583498738
1469656863335718918,negative,0.006524842872066041
1469656868138233861,negative,0.008577502900828314
1469656868893167617,negative,0.15626114399306087
1469656869010608130,negative,4.1002247247232684e-07
1469656869782364163,negative,0.10065380415235704
1469656870474457091,negative,0.25050913950563336
1469656874735833091,negative,2.2375334407590427e-06
1469656878145753094,negative,0.001029053378529251
1469656878842003464,negative,0.0010598132914513417
1469656879806640128,neutral,0.36440385825114957
1469656881169793028,neutral,0.36440385825114957
1469656884999249924,negative,0.00682626175518094
1469656885242601476,negative,8.42922446375806e-12
1469656886505054208,negative,1.8623560870649046e-10
1469656906255925250,negative,2.279002772779075e-07
1469656910001549317,neutral,0.42693774172327703
1469656914598449157,negative,0.22517254787537092
1469656917370880000,negative,0.009337105148338475
1469656917433888774,negative,0.001029053378529251
1469656921695207426,neutral,0.4922415229393677
1469656923775635459,negative,0.0056183789433709224
1469656925063286787,negative,0.07513702922592065
1469656934412431361,negative,0.00012924941285960656
1469656938136883204,negative,0.18795859623648656
1469656940330373128,negative,0.03187920522019715
1469656944021544963,negative,0.00017320931723815338
1469656945208565760,negative,1.2744641209232806e-06
1469656946412335110,negative,0.04003007136604338
1469656947620294656,negative,5.558296810413906e-05
1469656951005061121,negative,0.08617286636547172
1469656953274179588,negative,7.601554315429444e-09
1469656965391749120,negative,0.07718900254013557
1469656965857128455,negative,0.007067143625538599
1469656965882257412,negative,0.014216765136278257
1469656965982814208,negative,0.007817035116831978
1469656966003761153,negative,0.007817035116831978
1469656966003834883,negative,0.25050913950563336
1469656966024814592,negative,5.280497981700002e-06
1469656966029000708,negative,5.280497981700002e-06
1469656966419124224,negative,0.004216943920369517
1469656966431600643,negative,0.005364801413809255
1469656972341530625,negative,0.05970821081991704
1469656973876543493,negative,0.0056183789433709224
1469656975642349577,negative,0.3226114395835132
1469656979710881800,negative,0.2501753499138487
1469656981916962819,negative,3.4675533512346876e-08
1469656985490628612,negative,6.720678750036715e-13
1469656987981987842,neutral,0.4922415229393677
1469656988233699336,neutral,0.36001742862195224
1469656990171418633,negative,0.007034780962359654
1469656997876453384,neutral,0.4922415229393677
1469656998094557186,negative,0.13605048711491027
1469656999524765706,negative,0.2916055219468502
1469656999835152387,neutral,0.4083500468567559
1469657005900144644,neutral,0.4922415229393677
1469657006390882310,negative,0.25050913950563336
1469657007066169347,neutral,0.4922415229393677
1469657016553676809,negative,1.0495712118772396e-05
1469657017476423682,negative,0.0018670020834476383
1469657021288955905,negative,3.7410900183027714e-07
1469657021637181453,neutral,0.3441877553689745
1469657024548032512,negative,0.0027716704005454848
1469657025604993026,negative,0.31035987121735287
1469657025743310857,negative,4.938627777189254e-07
1469657025923661830,negative,0.0010042121477146578
1469657028759109634,negative,0.00738127892484873
1469657030034132999,negative,0.002360061077806689
1469657040696246274,negative,0.07564524627183827
1469657047759310851,negative,1.308355911600369e-06
1469657048937910275,negative,0.01998970750623326
1469657055065694210,positive,0.91390305739615
1469657055552323593,negative,0.10750451988725539
1469657057385144323,neutral,0.638833018486053
1469657061080412161,negative,0.0001721620292055572
1469657066650411012,negative,1.2744641209232806e-06
1469657066683961349,negative,0.2875460286090516
1469657068151967746,neutral,0.4922415229393677
1469657069812916225,negative,0.056396532630218946
1469657075001307136,negative,7.3224036684936505e-06
1469657075319984142,negative,0.006524842872066041
1469657081682743306,positive,0.9997534332827445
1469657084409094148,positive,0.7884050755685563
1469657085633863682,negative,0.08123188302504127
1469657086409728007,negative,4.726562698408406e-08
1469657087982587906,negative,0.00010206327133108365
1469657125425229825,negative,0.00016450024939477904
1469657127325216772,negative,0.011663600409077836
1469657134837207040,negative,0.09604703152051772
1469657138503069702,negative,0.0026380648524405577
1469657141564911623,negative,0.017936198522313377
1469657143993323531,negative,6.805028659432621e-06
1469657149106274309,negative,4.3882296311624086e-13
1469657152059056131,negative,0.25236746106793756
1469657153363484676,negative,0.00010206327133108365
1469657154856665092,negative,0.16734056031978842
1469657158543306754,negative,0.002360061077806689
1469657161081016323,negative,0.00192065471341986
1469657161521315845,negative,0.25050913950563336
1469657169331208193,negative,0.006524842872066041
1469657170799063042,negative,0.010761191335105004
1469657171528929288,negative,1.83560394835516e-07
1469657181150760965,negative,0.05948715716743144
1469657185848201218,negative,0.01988445151368577
1469657188511662080,negative,0.017117873723249074
1469657190940266504,negative,0.006118061403405386
1469657191405735944,neutral,0.4922415229393677
1469657194866040836,negative,0.057150964459619764
1469657195717537796,negative,0.09719487113665419
1469657198666080260,negative,0.003855922266317801
1469657199781765120,negative,0.1220151447298213
1469657203376373762,negative,0.000273046410154122
1469657204101980160,negative,8.008895957391362e-09
1469657210024202240,neutral,0.5273166212311818
1469657210867310593,negative,0.012910917863269082
1469657217074962441,negative,0.25050913950563336
1469657217632665602,negative,0.1128447179847468
1469657217783771137,neutral,0.46127768308170247
1469657217897058305,positive,0.74576314217571
1469657218006110222,negative,0.03187920522019715
1469657219704700929,neutral,0.4922415229393677
1469657220640088066,positive,0.7195487567089036
1469657221197881345,negative,0.06587729480997125
1469657221487333386,neutral,0.36001742862195224
1469657226289856522,negative,0.0001598074801237712
1469657228194066450,negative,0.00038086184659856
1469657233051033602,negative,0.001029053378529251
1469657238415552520,neutral,0.4922415229393677
1469657239103451138,negative,0.001029053378529251
1469657241351512069,neutral,0.6537671247557767
1469657242689540100,negative,0.00013642514878683474
1469657243167641610,negative,1.2744641209232806e-06
1469657247286538243,negative,0.2022700057164389
1469657250256285698,negative,1.2744641209232806e-06
1469657255054352386,negative,0.0014219422530218943
1469657255519952898,negative,0.2887700970415127
1469657257700958208,negative,0.09765317817630201
1469657257797464068,negative,0.00034545142264296277
1469657260423098371,negative,0.001029053378529251
1469657263929696260,negative,0.13438145512178573
1469657265548505090,negative,0.00019141866345943285
1469657269851889666,neutral,0.36001742862195224
1469657270426476544,neutral,0.4922415229393677
1469657273756790787,negative,0.10065380415235704
1469657275912568840,negative,0.016141209549366407
1469657278123069444,negative,0.001029053378529251
1469657281230950405,negative,0.01998970750623326
1469657283902820354,negative,0.09134166861473657
1469657284473143296,negative,0.00010104138992064492
1469657293784559616,negative,0.0017429527402658244
1469657295810347009,negative,0.03766717038552293
1469657301330153477,negative,0.09604703152051772
1469657302793916424,negative,0.0009731819027091961
1469657307848003620,neutral,0.4922415229393677
1469657308129075206,negative,0.006524842872066041
1469657315163127809,negative,0.012442875072801635
1469657315850788867,negative,0.10312658967016033
1469657318044450818,positive,0.9997534332827445
1469657326567280645,negative,0.001029053378529251
1469657327246753793,negative,0.0027774093096840768
1469657329020903425,negative,0.04599435480861964
1469657330556022785,negative,0.001029053378529251
1469657330715443201,negative,0.0360891522498574
1469657334419005446,negative,0.07307912693263284
1469657335182381058,negative,0.0005360115226416014
1469657335866040320,negative,0.22702206691269408
1469657344757927939,negative,0.00031384165314877755
1469657350399217664,negative,7.999461863917181e-05
1469657351150084104,negative,0.28562909819317045
1469657358540238848,negative,0.00010206327133108365
1469657358771101698,negative,0.03390027833668543
1469657358821384195,neutral,0.4564578472590881
1469657366408753156,negative,0.01596818549447138
1469657369797873668,negative,0.09134166861473657
1469657373644103686,neutral,0.6505642048457257
1469657376718528518,negative,0.10065380415235704
1469657378954043393,negative,0.21257030680255992
1469657381168721927,negative,0.001029053378529251
1469657381743300608,negative,0.25050913950563336
1469657384259891200,negative,0.00013901541299731038
1469657391616692232,negative,0.01504818526770807
1469657393051189249,neutral,0.4922415229393677
1469657393860599810,negative,3.672272730676141e-05
1469657395433713666,negative,2.727470735079124e-11
1469657397450924032,negative,0.0010384440564727066
1469657402832306176,negative,0.007563833236957844
1469657405000753154,negative,0.00010206327133108365
1469657405558558723,negative,0.001325742185325758
1469657405931855872,negative,0.23547448214396235
1469657408305876993,neutral,0.4922415229393677
1469657426907512834,negative,2.49487072242121e-08
1469657427352166403,neutral,0.4922415229393677
1469657428505640967,negative,0.00010206327133108365
1469657434058903567,negative,0.016141209549366407
1469657436533362690,negative,2.279002772779075e-07
1469657439591145479,neutral,0.48053460187524555
1469657446482333698,negative,0.03187920522019715
1469657450160791564,negative,2.129957992976039e-09
1469657450177519621,negative,0.005979431165822949
1469657454988472320,negative,0.09134166861473657
1469657455399424004,negative,0.10065380415235704
1469657457173663744,negative,0.0018670020834476383
1469657458259988491,negative,0.10065380415235704
1469657458314555400,positive,0.8055569051460469
1469657459728031745,positive,0.91390305739615
1469657460327784450,neutral,0.4922415229393677
1469657460973649927,negative,0.026246272583440353
1469657462416551936,neutral,0.36001742862195224
1469657463112753155,negative,1.7708867618778683e-07
1469657465319051273,negative,0.3116361163679863
1469657465625235466,negative,0.00010206327133108365
1469657467520962573,neutral,0.5212163187857229
1469657468431212549,negative,0.001029053378529251
1469657468808667141,negative,0.00031384165314877755
1469657474261209090,negative,0.0056183789433709224
1469657474345152514,negative,0.0018670020834476383
1469657474345181185,neutral,0.4922415229393677
1469657479017807875,negative,0.006524842872066041
1469657480963706884,negative,1.1291958939868994e-10
1469657481995448320,neutral,0.6542820572129848
1469657484168212484,negative,0.04675555294592682
1469657485996920839,negative,0.0027875733384367645
1469657494444294145,negative,0.003124012057683649
1469657496231022598,negative,2.260719673352021e-12
1469657498332409869,negative,0.00032685190080199253
1469657500660256768,negative,0.10614058842369602
1469657500668641280,negative,0.0018364825993477803
1469657506540572674,negative,0.25050913950563336
1469657510596517890,negative,0.0005572176043670611
1469657512345579526,negative,0.03187920522019715
1469657518775406601,negative,0.0027716704005454848
1469657520025260032,negative,6.805028659432621e-06
1469657534411776008,negative,0.27725087474905075
1469657542280335362,negative,0.001029053378529251
1469657544142598150,neutral,0.42693774172327703
1469657547569307649,negative,0.00017207639410664354
1469657549230202880,negative,0.00022106349205520463
1469657552543752194,neutral,0.4922415229393677
1469657554871541764,negative,2.9984832952106004e-11
1469657558969462791,negative,3.62661884695835e-05
1469657563021127683,negative,0.006524842872066041
1469657566535995394,negative,0.009497552500856819
1469657567601299464,neutral,0.3441877553689745
1469657574186356746,negative,1.8866292534063178e-05
1469657583254441984,negative,9.686813993825403e-07
1469657586224009220,neutral,0.354138655754986
1469657587440398340,positive,0.9997534332827445
1469657590519013381,positive,0.9997534332827445
1469657605228441604,negative,0.20771934817642312
1469657606713221126,negative,2.2389431116260012e-13
1469657607044575236,negative,0.2617031760828936
1469657607547797509,negative,0.00026307100122640535
1469657610525847557,negative,0.026359797095186984
1469657611192737793,negative,0.00010206327133108365
1469657611851251712,negative,0.0001630048519472093
1469657616095883269,negative,0.00010206327133108365
1469657617685364741,negative,0.00024056655638689424
1469657621552668675,negative,0.09134166861473657
1469657622643105792,negative,0.005137332824297965
1469657623544872969,negative,0.002301621988226568
1469657624115388419,negative,0.05970821081991704
1469657625616740362,negative,0.00904017244400574
1469657631539310593,negative,0.319073613866272
1469657631757414400,negative,0.002863998461573753
1469657633942609927,neutral,0.4922415229393677
1469657635498647554,neutral,0.36001742862195224
1469657640548683780,negative,0.0016341002458922498
1469657642285281286,negative,0.00020649951832175673
1469657644495482880,negative,3.0293011049878622e-05
1469657648450711557,negative,0.20908334747013088
1469657648937287684,negative,0.016141209549366407
1469657650350731271,negative,0.0013078711521381044
1469657653064441861,negative,0.00032685190080199253
1469657656403050496,negative,0.001029053378529251
1469657656562495492,negative,0.2423244572520591
1469657662853947393,neutral,0.5404660147258412
1469657671523573764,negative,7.496657322157061e-10
1469657672148570118,negative,0.0018670020834476383
1469657672718991369,negative,0.00010206327133108365
1469657677647298560,negative,0.001029053378529251
1469657683875741697,negative,0.0026380648524405577
1469657686996406274,negative,8.88690742047845e-06
1469657687034052610,neutral,0.3681794410447741
1469657687982022659,negative,0.0027716704005454848
1469657689844326404,negative,0.011435740407692423
1469657689932406785,neutral,0.4922415229393677
1469657690502750211,negative,0.08259253841676183
1469657690662219789,negative,0.02078976713389393
1469657692272742400,negative,0.054939539324225135
1469657692549652486,negative,8.902508266797045e-06
1469657692721537025,negative,1.1959008973946222e-05
1469657692910366724,neutral,0.48053460187524555
1469657693325565966,neutral,0.36001742862195224
1469657693325598725,negative,0.0017752422325382424
1469657695229775879,negative,0.00010206327133108365
1469657699822485510,negative,0.2030117566988481
1469657701835751426,positive,0.9997534332827445
1469657704746602501,neutral,0.35785643069366135
1469657705824411649,negative,8.88690742047845e-06
1469657708743864322,negative,0.02539219313506469
1469657711969189890,negative,0.0020112131734315235
1469657712761851907,negative,0.2887700970415127
1469657715739922438,neutral,0.4922415229393677
1469657718290006020,negative,0.0026380648524405577
1469657718701137928,neutral,0.3499352441185855
1469657724405391372,positive,0.7268669663506777
1469657724585746441,negative,0.03530418458722392
1469657725344706563,negative,2.426573522134596e-06
1469657727223926785,negative,0.00010206327133108365
1469657728226365441,neutral,0.5026136864836971
1469657729384038404,negative,5.81650452613685e-08
1469657730919145474,negative,0.2186019946113962
1469657735071506433,negative,0.00010206327133108365
1469657737856536576,negative,0.001029053378529251
1469657740691845127,neutral,0.4922415229393677
1469657742231097350,negative,0.04599435480861964
1469657748296110090,negative,3.5209795806818887e-08
1469657750372335624,negative,0.15626114399306087
1469657750632341506,neutral,0.5740670935700728
1469657752083513344,neutral,0.4922415229393677
1469657753094348802,neutral,0.4922415229393677
1469657760962916356,positive,0.9997534332827445
1469657766377795585,negative,3.792612067142472e-07
1469657766629457932,negative,0.08946837471331799
1469657769682870286,negative,0.0014403333273060117
1469657777794535438,negative,0.04931558070743723
1469657781280161795,negative,0.0009550022908267694
1469657781854781442,negative,0.000273046410154122
1469657783083671558,negative,0.0021148705798751137
1469657783331180545,negative,0.002742737727651258
1469657786338492420,negative,0.117414810313685
1469657789945495556,negative,0.00918711528739364
1469657800695586818,negative,0.004654980854278918
1469657801286983683,negative,0.14133255951854565
1469657806508806144,negative,0.006118061403405386
1469657809298067459,negative,0.000560060747513402
1469657814826201089,negative,0.05970821081991704
1469657817971888130,negative,0.0021630008889154738
1469657825785700356,negative,0.15029513708155978
1469657828499636228,negative,4.33439180630026e-05
1469657829980053762,negative,0.00010206327133108365
1469657834434572288,neutral,0.4922415229393677
1469657834816221185,negative,6.408096558119247e-05
1469657841048903680,neutral,0.36001742862195224
1469657842525384706,negative,0.03252422602350815
1469657844475588608,negative,0.3276199779738335
1469657853145276419,neutral,0.4922415229393677
1469657854202322949,negative,0.00010206327133108365
1469657855628296197,negative,0.00010206327133108365
1469657863987544067,negative,0.00010206327133108365
1469657865761796106,neutral,0.3441877553689745
1469657868731392007,negative,0.14133255951854565
1469657869264076803,negative,3.7416950528668666e-08
1469657870421696516,negative,0.05970821081991704
1469657875840647171,negative,0.002320709488005531
1469657876654440452,neutral,0.4663917579447527
1469657877350686725,negative,0.07350140977068434
1469657878386679808,negative,0.0017752422325382424
1469657880941010947,negative,0.0018670020834476383
1469657884514557960,negative,0.00010206327133108365
1469657886125137920,negative,0.00020493601617815787
1469657887035244547,negative,0.025335212373632354
1469657887966314497,neutral,0.49789225920557484
1469657895138729993,neutral,0.4922415229393677
1469657896422150152,negative,0.0006956983967536767
1469657898506760194,negative,1.2744641209232806e-06
1469657907725750276,negative,0.024491622974303018
1469657909449658373,negative,0.20908334747013088
1469657927606837254,negative,0.19799783762481668
1469657927745163268,negative,0.00010206327133108365
1469657930794512386,negative,0.006524842872066041
1469657931675316229,negative,1.1868132878472247e-07
1469657946749607938,negative,0.003417211074719273
1469657946812559362,neutral,0.5136446707795853
1469657948532191243,negative,0.25050913950563336
1469657958783062017,negative,2.966341342406289e-12
1469657962797019136,negative,2.039532002305681e-10
1469657964214693888,negative,0.117414810313685
1469657964512301057,negative,2.8069122819491797e-08
1469657964516683778,negative,0.00010206327133108365
1469657968476045312,negative,0.04343921479241118
1469657970187325442,positive,0.7346848832928751
1469657971139428356,neutral,0.4663917579447527
1469657975035998215,positive,0.8320689852105416
1469657975740588035,negative,0.0872684810627769
1469657976051015684,neutral,0.4922415229393677
1469657979226144775,neutral,0.3441877553689745
1469657979779698694,negative,0.000739478613749031
1469657982522822663,negative,0.032272393599225596
1469657984125095937,negative,0.0001942687444445083
1469657985148456963,negative,0.00013642514878683474
1469657988411580421,neutral,0.39364229721059646
1469657992274534400,negative,0.002360061077806689
1469657998129831950,negative,0.05014046332234762
1469657998549307392,positive,0.74576314217571
1469657999291691017,negative,0.001029053378529251
1469658003146166278,negative,0.12669369413814557
1469658004459036674,negative,0.0828272843687451
1469658004584816641,negative,0.04599435480861964
1469658004656115718,negative,0.0030399914658015767
1469658004962304007,negative,0.0018670020834476383
1469658009056038915,negative,7.861422127837097e-07
1469658012294000644,negative,0.09134166861473657
1469658014583902212,negative,0.04931558070743723
1469658016555405313,neutral,0.4737554465528978
1469658018845450241,negative,0.0011221362131167984
1469658020883873793,negative,5.73669851259722e-08
1469658021093597186,negative,0.05567284204291151
1469658021789937671,negative,0.00010206327133108365
1469658022603591680,neutral,0.4922415229393677
1469658023568228366,negative,0.0056183789433709224
1469658023798968321,negative,0.20771934817642312
1469658023958396931,neutral,0.4922415229393677
1469658036918697987,negative,0.15999333027213916
1469658044288192515,positive,0.9997534332827445
1469660500157886470,negative,2.279002772779075e-07
1469660513982459908,neutral,0.4258672216328618
1469660515819524104,neutral,0.4922415229393677
1469660523092484100,negative,0.0009941602228487256
1469660523759341573,negative,0.046965795641437234
1469660525500014594,negative,0.10900826544945923
1469660536640098317,positive,0.7195487567089036
1469660542780456966,negative,3.914280698711738e-06
1469660548065378307,negative,4.33439180630026e-05
1469660548723888139,negative,0.0017752422325382424
1469660548992274434,negative,1.448798973967162e-05
1469660549747130374,negative,0.2875460286090516
1469660551693455360,negative,1.0085766026814226e-08
1469660553744461830,negative,0.12899361241749954
1469660556420423682,neutral,0.4344100011858912
1469660559515783174,negative,0.011663600409077836
1469660564934770689,negative,0.0005755030392677281
1469660575135420417,neutral,0.4922415229393677
1469660575206625283,negative,0.001029053378529251
1469660576364310535,negative,0.0006438753633012434
1469660577777831949,positive,0.9997534332827445
1469660578281140239,negative,0.00012111022529572958
1469660580264960001,negative,0.031654617202899145
1469660580663463939,negative,1.2744641209232806e-06
1469660580839661570,negative,0.00020649951832175673
1469660581514854401,negative,0.11824223738396986
1469660584148967425,negative,0.003742105624799917
1469660586644492288,negative,0.001029053378529251
1469660587470827522,neutral,0.5740670935700728
1469660592445267981,negative,0.0003817654156476988
1469660592977989636,negative,0.010706368727839864
1469660593170919425,neutral,0.4922415229393677
1469660600129228800,negative,2.078624051124273e-05
1469660605133037575,negative,0.0011756633338339674
1469660606898872327,negative,0.005700583199436618
1469660609763442688,neutral,0.3842633982604623
1469660616621277192,negative,2.6067178263191536e-06
1469660622807871491,negative,0.00010206327133108365
1469660625546661896,negative,0.00010206327133108365
1469660627283193861,positive,0.945934951364784
1469660633754972167,negative,1.1635001062704267e-11
1469660635457806339,negative,0.0006213075340676291
1469660636439359488,negative,0.11824223738396986
1469660637873819649,negative,5.13696544238185e-05
1469660639085932550,negative,0.18842315298541884
1469660639316660228,negative,1.040688166102686e-09
1469660639648006149,neutral,0.565244291820404
1469660641354989572,positive,0.7031258449490846
1469660643318026251,positive,0.9997534332827445
1469660643531890689,negative,0.09075877265319947
1469660647382212615,negative,0.10523554861868997
1469660648623722500,negative,0.006049172120589156
1469660651211698176,negative,0.0023349087362419213
1469660658094555139,negative,0.006049172120589156
1469660665635819533,positive,0.74576314217571
1469660667233853452,neutral,0.3441877553689745
1469660668127322116,negative,0.20875982241717492
1469660670727761922,negative,0.00010206327133108365
1469660676150992899,negative,0.006049172120589156
1469660683948199942,negative,1.2744641209232806e-06
1469660684258586633,negative,0.20908334747013088
1469660684313145347,negative,0.009475732536192003
1469660687299448832,negative,0.0027716704005454848
1469660695344123910,negative,0.0027774093096840768
1469660698959568896,negative,0.0018670020834476383
1469660700083736576,negative,8.88690742047845e-06
1469660702478643204,negative,0.001029053378529251
1469660705062273031,negative,0.017677855568831388
1469660705737654272,negative,0.12782803623431427
1469660706085781513,negative,0.006524842872066041
1469660706563932168,negative,0.041647757891438035
1469660706995941377,negative,0.2035391565692336
1469660710477221896,negative,2.9252263470689624e-10
1469660711303405573,negative,1.1579942938945809e-08
1469660713245458439,neutral,0.4922415229393677
1469660716017795077,negative,0.001029053378529251
1469660718249222144,negative,4.0728559423714714e-06
1469660721545981960,neutral,0.5504512681163436
1469660725132021768,neutral,0.37669199176865087
1469660732258230276,negative,8.663793437966251e-13
1469660737794674691,negative,1.3029306451757002e-05
1469660739833114629,negative,0.0002360089385097138
1469660740269260801,negative,0.006049172120589156
1469660740781023236,negative,0.1465748903491803
1469660740944424963,negative,1.7969881725325664e-06
1469660741737218050,positive,0.7803687643504613
1469660742341246978,negative,0.10347846971715949
1469660742643290116,negative,0.22617583732865823
1469660742915923972,negative,0.11451579198607573
1469660742932738056,negative,0.0023190013864858995
1469660743104561152,negative,0.02005805650533072
1469660743524143104,negative,3.672272730676141e-05
1469660743901589508,negative,0.001029053378529251
1469660743964495875,negative,0.0347003437198626
1469660745524776964,negative,0.00046821554087210894
1469660749316313088,negative,6.805028659432621e-06
1469660750348275714,negative,0.21864667643952182
1469660753976254473,negative,0.011663600409077836
1469660754370564105,negative,1.308355911600369e-06
1469660755733712907,negative,1.2744641209232806e-06
1469660755805065218,neutral,0.4208162543050742
1469660765154123776,negative,0.001217780461715724
1469660765405814785,negative,0.0016341002458922498
1469660768538804232,negative,0.09134166861473657
1469660769239416834,negative,0.20540810866262715
1469660769377820683,negative,0.00010206327133108365
1469660770443186186,negative,0.0004529691943270975
1469660771181281289,negative,0.07065249999250142
1469660771906850818,negative,0.006049172120589156
1469660779095937025,negative,0.13277466985940822
1469660780706603010,negative,0.0009124219198845328
1469660783315492866,negative,0.001029053378529251
1469660789695029254,positive,0.91390305739615
1469660792626814980,negative,0.03261925188500599
1469660795894214662,negative,0.006049172120589156
1469660797525798920,negative,0.0018670020834476383
1469660802487574532,positive,0.7041043675884364
1469660802827358209,neutral,0.6212922596067524
1469660803548827648,negative,0.004547924816320719
1469660805398507528,negative,0.03530418458722392
1469660806090534913,neutral,0.4922415229393677
1469660807990497287,negative,0.0040781736432032095
1469660811153088513,negative,0.006524842872066041
1469660811559944192,negative,3.4446158668472183e-07
1469660812935680007,negative,0.0012660179063906877
1469660814630166528,neutral,0.385736736882101
1469660817092190215,negative,0.001029053378529251
1469660818656661504,positive,0.9997534332827445
1469660818992250885,negative,0.009489522147433765
1469660820858675200,negative,0.0004166327022458472
1469660822465044491,negative,0.006049172120589156
1469660824876814342,negative,3.2347778705438645e-07
1469660826206289925,negative,3.672272730676141e-05
1469660831491231744,negative,0.002967288897456027
1469660831554191372,negative,0.00010206327133108365
1469660835148619777,negative,0.13605048711491027
1469660835660419075,negative,0.0056183789433709224
1469660837245865984,negative,0.0017752422325382424
1469660846204899333,negative,7.12432431048993e-05
1469660846502596608,negative,0.24731478566880022
1469660846955671558,negative,0.001029053378529251
1469660850562740230,negative,0.014935659710805209
1469660852198383623,neutral,0.5273166212311818
1469660857701392387,negative,1.2744641209232806e-06
1469660858452164614,negative,0.03026155087050709
1469660863204372482,negative,0.006049172120589156
1469660863418310659,negative,0.00010206327133108365
1469660869202173958,negative,0.08189672390044903
1469660870615646208,negative,0.19097236700943493
1469660871014105089,negative,0.001029053378529251
1469660871085502472,negative,0.0033397315759379174
1469660873564295168,negative,0.006049172120589156
1469660873627217932,negative,0.00682626175518094
1469660874306637840,negative,0.00014187885146565855
1469660879021092866,negative,5.963219323968916e-05
1469660879398617091,negative,0.006049172120589156
1469660881487290368,negative,2.1639663970513164e-05
1469660883899060231,negative,0.0056738439395232765
1469660884045815809,negative,0.006524842872066041
1469660885765476358,negative,0.0033611642201154764
1469660890744201218,neutral,0.4922415229393677
1469660891264307207,negative,0.006118061403405386
1469660892937826308,negative,0.024973790861909952
1469660898923098121,negative,2.9360945938643454e-09
1469660901502603265,negative,5.13696544238185e-05
1469660903083855880,neutral,0.6212922596067524
1469660909924716546,negative,0.04003007136604338
1469660912122486792,positive,0.74576314217571
1469660912449736706,negative,0.03187920522019715
1469660913099812865,negative,0.0026380648524405577
1469660913120825348,negative,0.00590626694695945
1469660917499678729,negative,0.016875572427848994
1469660918686662669,negative,0.006049172120589156
1469660919223488512,negative,0.00713351197818111
1469660920062349319,negative,1.1391964179697691e-06
1469660922662821892,negative,0.001029053378529251
1469660923434610688,negative,0.006049172120589156
1469660924072148996,negative,1.2744641209232806e-06
1469660927536549889,negative,7.971239867326879e-10
1469660931542167553,negative,1.5393173033704308e-05
1469660933240852481,negative,0.006049172120589156
1469660945102352389,negative,0.004680619411337996
1469660947782459399,negative,0.024668887746936315
1469660948675932162,negative,1.6026450287868527e-10
1469660952933060608,neutral,0.36001742862195224
1469660953277042689,negative,2.7013275378271163e-08
1469660954573082626,negative,0.006049172120589156
1469660957039374336,negative,3.871129790374674e-09
1469660957764993027,negative,0.019293983592508897
1469660958670864387,neutral,0.513136929509853
1469660959690182668,neutral,0.4922415229393677
1469660961489489923,neutral,0.47367750368051326
1469660968917647367,negative,0.00010206327133108365
1469660970633117697,negative,0.001029053378529251
1469660970725351425,negative,1.1208770113412777e-06
1469660971719352322,negative,0.00018191574328369807
1469660972071673863,negative,0.0004357016697578898
1469660972776398852,negative,0.001029053378529251
1469660974315679755,positive,0.920138061897414
1469660974563082241,negative,8.289423558881988e-05
1469660976413048834,negative,6.645814008739484e-08
1469660977889263618,neutral,0.6212922596067524
1469660978992275458,negative,0.006524842872066041
1469660979101372426,negative,0.0040781736432032095
1469660980351279112,negative,0.04300971808026838
1469660982662336517,neutral,0.6582874682175737
1469660983090110470,negative,9.105283857793293e-05
1469660984918818820,negative,0.00022106349205520463
1469660987443879937,negative,1.577988198585977e-05
1469660988790214662,negative,0.00010206327133108365
1469660990992232451,positive,0.9097889380218989
1469660992514625536,negative,0.032693826163774996
1469660992833392643,negative,0.0025201692993554285
1469660997883510794,negative,0.05970821081991704
1469661002417516549,negative,0.19191184315232385
1469661003025633282,negative,8.33108572405358e-06
1469661010986520579,negative,0.0004529691943270975
1469661012152438791,neutral,0.5316624617817726
1469661020826357760,negative,0.20908334747013088
1469661023166734340,negative,0.0027774093096840768
1469661026845179910,negative,1.9961106964193263e-06
1469661028241838088,negative,0.14822956217475602
1469661028287979531,negative,0.0008076576586044897
1469661033476329474,negative,0.006725874381993433
1469661037314068485,neutral,0.5969608636039944
1469661039566462979,negative,0.006049172120589156
1469661040824799242,negative,0.006049172120589156
1469661041118298124,negative,3.715183653777375e-08
1469661041240023041,negative,0.006775498059619881
1469661042779332611,negative,0.006049172120589156
1469661044205367308,neutral,0.4922415229393677
1469661049058066433,negative,2.32676507215359e-16
1469661056402587654,negative,0.04599435480861964
1469661056880582662,negative,0.001029053378529251
1469661058830942211,negative,0.006049172120589156
1469661059246133248,negative,0.006049172120589156
1469661062203072518,neutral,0.4922415229393677
1469661066330361858,negative,0.04599435480861964
1469661066640732160,negative,0.25050913950563336
1469661068025040897,neutral,0.47367750368051326
1469661069585137672,negative,0.046639500443310215
1469661073523372039,negative,2.279002772779075e-07
1469661075868164096,negative,0.00010206327133108365
1469661078321868808,negative,0.006049172120589156
1469661081962434577,negative,0.002531359032239318
1469661082742571008,negative,0.003384846781704748
1469661083195559937,negative,0.006049172120589156
1469661084697120773,negative,0.006049172120589156
1469661085049438208,negative,0.06244751127364788
1469661089981943810,negative,0.05970821081991704
1469661090174885888,negative,0.00019837817161504623
1469661090770567173,negative,0.0037434273630507233
1469661092544753671,negative,0.006049172120589156
1469661092968378377,negative,1.308355911600369e-06
1469661094050516997,negative,0.006049172120589156
1469661094780276743,positive,0.7195487567089036
1469661094843195397,negative,0.001029053378529251
1469661101054959627,negative,0.005071825293231766
1469661101071736835,negative,4.014337874176014e-12
1469661101830848513,negative,0.00034545142264296277
1469661104687226885,negative,0.02075810705689078
1469661107904208909,negative,2.02861137821033e-06
1469661108579491848,negative,0.006049172120589156
1469661110303404034,negative,0.006049172120589156
1469661112824217602,negative,0.006049172120589156
1469661117089783808,negative,1.844090891050164e-06
1469661117639057413,negative,0.020224385547040893
1469661119430156297,negative,0.0027774093096840768
1469661122169131011,negative,1.2863100317595966e-06
1469661124442435593,negative,0.00010206327133108365
1469661124605919238,negative,1.7149262160147416e-05
1469661133145575426,negative,0.00010206327133108365
1469661133191581701,negative,1.0809269230970988e-06
1469661134391328772,negative,0.03956084090966757
1469661137394356229,negative,0.006049172120589156
1469661138954641408,negative,1.2744641209232806e-06
1469661144541446150,negative,0.0015574842786840858
1469661145334267904,negative,0.000739478613749031
1469661148060561420,negative,0.117414810313685
1469661151072030725,negative,0.006049172120589156
1469661157317394436,negative,5.318445944560656e-07
1469661157912944643,negative,1.4949616939327967e-05
1469661160647573510,negative,1.2744641209232806e-06
1469661169833197584,negative,0.06472995238636732
1469661170307153926,neutral,0.36001742862195224
1469661171200499716,negative,0.2423244572520591
1469661174614695942,negative,2.9530744364627083e-08
1469661183015796746,negative,0.002783089169697098
1469661183909236742,negative,0.0004293099031631546
1469661184978829319,negative,0.002716065726802961
1469661186589401091,negative,8.88690742047845e-06
1469661189898743812,neutral,0.6141720922667978
1469661194801889280,negative,0.3116361163679863
1469661196504731649,negative,0.018039517698682516
1469661199180742656,negative,2.9360945938643454e-09
1469661199793102848,negative,0.00682626175518094
1469661200086716417,negative,0.006049172120589156
1469661201479176193,negative,0.0030399914658015767
1469661205874761730,negative,0.0027875733384367645
1469661207007318020,negative,0.19097236700943493
1469661210727657480,negative,1.308355911600369e-06
1469661220441665538,negative,0.09235949691347814
1469661223683768322,negative,0.07257525875658849
1469661224736595969,negative,0.062294051790310154
1469661226099777537,neutral,0.6141720922667978
1469661236992303109,negative,0.0010793859443649083
1469661245347348488,negative,2.5661231860642442e-08
1469661246077083649,negative,3.672272730676141e-05
1469661247104770048,negative,0.006049172120589156
1469661249617252358,negative,0.00682626175518094
1469661249956950017,positive,0.7577479287876457
1469661251429142536,negative,0.004654980854278918
1469661256562974725,negative,0.012910917863269082
1469661256994988038,negative,0.0010042121477146578
1469661257464786944,negative,0.19558011933134006
1469661259708747791,negative,0.006049172120589156
1469661259960311817,positive,0.920138061897414
1469661262833459200,negative,0.07805840032794026
1469661265412907012,negative,0.006081848612610558
1469661265907916804,negative,0.30547878958101005
1469661267669487616,negative,0.006049172120589156
1469661284266172416,negative,2.265491114560955e-05
1469661296270483463,negative,0.09134166861473657
1469661300548591618,negative,0.022181840526841246
1469661300645052424,negative,0.00010206327133108365
1469661303618818050,negative,0.00010516585130774938
1469661306961776648,neutral,0.3441877553689745
1469661309021171718,negative,0.006049172120589156
1469661309113409546,negative,0.006049172120589156
1469661317808197645,negative,1.308355911600369e-06
1469661318231871493,positive,0.8773961567102776
1469661319888613377,negative,0.0030399914658015767
1469661320026992640,neutral,0.48221727996944014
1469661323491479553,negative,0.0743652769209082
1469661323638284290,negative,0.0008097759573954946
1469661323881504773,negative,0.006049172120589156
1469661325794197519,neutral,0.3441877553689745
1469661326259666946,negative,1.2744641209232806e-06
1469661331079024642,neutral,0.4922415229393677
1469661332555411456,negative,0.006049172120589156
1469661333142581251,positive,0.7901416026370773
1469661333872390148,positive,0.920138061897414
1469661338305708037,negative,0.117414810313685
1469661338305765380,negative,0.0040781736432032095
1469661339757031437,negative,0.006049172120589156
1469661340696559625,negative,0.0013253647006727526
1469661342328107021,negative,0.006049172120589156
1469661345142476804,negative,1.2744641209232806e-06
1469661348904775685,negative,0.006118061403405386
1469661351865954308,negative,0.06023341661136114
1469661351903641600,negative,9.548491419040847e-05
1469661352134430723,negative,0.06091641273790155
1469661352918663168,neutral,0.3968856891347911
1469661353690517510,negative,0.0009539669288781063
1469661353782747142,negative,0.006049172120589156
1469661354957099008,neutral,0.4922415229393677
1469661357456994304,neutral,0.3441877553689745
1469661358278987783,positive,0.7714244914804362
1469661362775277569,neutral,0.6505642048457257
1469661365874921472,negative,0.032693826163774996
1469661367783280651,neutral,0.4922415229393677
1469661370857762817,negative,2.1228793826892458e-07
1469661370941677568,negative,0.06978811889856658
1469661371180666887,negative,0.006049172120589156
1469661373064151040,positive,0.91390305739615
1469661378361315331,negative,1.278947066018142e-06
1469661379695108096,neutral,0.4629332201728429
1469661381360340992,positive,0.91390305739615
1469661383125975042,negative,0.0030399914658015767
1469661383595900935,neutral,0.3968856891347911
1469661386494164996,negative,0.2709547985300102
1469661388809256971,negative,0.04194490494886093
1469661393129512964,neutral,0.36001742862195224
1469661393301524483,positive,0.9280282330350862
1469661393414676481,negative,0.00010206327133108365
1469661395516071949,negative,0.0023349087362419213
1469661396237524993,negative,0.00010206327133108365
1469661397843861510,negative,0.00033968039935409854
1469661400087859207,negative,0.0023457131081255802
1469661401253924875,negative,0.012580723225116604
1469661401362968584,negative,8.928631641842839e-07
1469661402159886337,positive,0.7890719790754037
1469661402839326721,negative,0.001029053378529251
1469661404022124544,negative,0.0006326110094247913
1469661409579610117,positive,0.9997534332827445
1469661409696956417,neutral,0.6537671247557767
1469661410443599876,negative,0.0018364825993477803
1469661412217794566,negative,1.308355911600369e-06
1469661423265619971,negative,0.21278343212364906
1469661425312440327,negative,6.801234876598905e-16
1469661426478469125,negative,0.006049172120589156
1469661427212464134,negative,0.01757334793206433
1469661428151894025,negative,0.006049172120589156
1469661431750709254,negative,0.07099897171878625
1469661435110301698,negative,0.22039027350915785
1469661439250083843,negative,0.00010206327133108365
1469661439698874372,neutral,0.4507454498615163
1469661440005099523,negative,0.07329003436770717
1469661440172871685,negative,0.062403371835180944
1469661441238179841,negative,0.1282792325240972
1469661442777530372,negative,0.3226114395835132
1469661445436710912,positive,0.9371739722002745
1469661445809967112,negative,0.016141209549366407
1469661447324119046,negative,4.042463883561751e-05
1469661449324679169,negative,0.00032773126719574063
1469661449438040067,negative,0.006049172120589156
1469661450222415872,positive,0.945934951364784
1469661451061276673,positive,0.9997534332827445
1469661452797628427,negative,0.00013642514878683474
1469661454244667393,negative,0.001029053378529251
1469661454563528705,negative,0.09134166861473657
1469661457302581248,negative,0.25050913950563336
1469661458233446400,negative,0.13730821813607058
1469661461471449091,negative,1.2744641209232806e-06
1469661463816163339,negative,0.15592142592410774
1469661464734552064,negative,0.0005085052968249305
1469661468933115913,negative,1.2744641209232806e-06
1469661470204084225,negative,0.00010206327133108365
1469661472527724549,negative,0.001029053378529251
1469661514990772226,negative,0.032735496627622214
1469661515406094352,negative,0.04599435480861964
1469661516257501185,negative,1.2744641209232806e-06
1469661518270771203,neutral,0.3441877553689745
1469661523442384908,negative,0.01757334793206433
1469661523689697280,negative,0.0006213075340676291
1469661528576122881,negative,0.0004836159820777863
1469661532418154498,negative,0.07350140977068434
1469661533017976834,negative,0.00038086184659856
1469661536188866563,negative,0.047916226279580656
1469661539355578368,negative,0.00010206327133108365
1469661540353777666,negative,0.014624909350137888
1469661543944097796,positive,0.6933256679321718
1469661546540421129,negative,0.20908334747013088
1469661549191118857,negative,0.15999333027213916
1469661550822703109,negative,3.7416950528668666e-08
1469661555017007114,negative,0.26522026039245394
1469661557848162307,negative,1.308355911600369e-06
1469661562914938885,negative,0.022792179459334184
1469661563917410310,negative,0.009599155576116281
1469661564080988165,negative,1.217671917656515e-07
1469661570292662274,negative,0.0009794695725086333
1469661570485698563,negative,0.0008666482848028657
1469661577179717636,negative,0.0027774093096840768
1469661578761015304,negative,0.062403371835180944
1469661583504777222,negative,7.601554315429444e-09
1469661588470775815,negative,0.001029053378529251
1469661590995746819,negative,0.0674349105915447
1469661593046851586,negative,0.0739101120328647
1469661598377811971,negative,0.08681813969413128
1469661599782912004,negative,0.001029053378529251
1469661601447956480,positive,0.9997534332827445
1469661602043543554,negative,9.275573757185128e-06
1469661602815352835,negative,0.002428238290934211
1469661604392443908,neutral,0.5144189185046342
1469661606275596288,negative,0.25050913950563336
1469661606413885444,negative,1.0809269230970988e-06
1469661606883860487,negative,0.00010206327133108365
1469661607471034374,negative,0.0003817654156476988
1469661608217567232,negative,0.0009694439884701124
1469661608787992588,negative,0.00012664486072219144
1469661611216486406,negative,0.003251951744766937
1469661612047015939,negative,0.001029053378529251
1469661616161579012,negative,0.002783089169697098
1469661619990970368,negative,0.20908334747013088
1469661620750139393,negative,0.25050913950563336
1469661621568118796,negative,0.0030399914658015767
1469661622923034627,neutral,0.4922415229393677
1469661624126656523,negative,0.0022725162317285153
1469661626299203586,negative,0.001029053378529251
1469661628786515969,negative,0.006049172120589156
1469661630309048325,negative,0.006049172120589156
1469661633073102849,neutral,0.4208162543050742
1469661634352271360,negative,0.07776367873520001
1469661636218793985,negative,0.006118061403405386
1469661636864712706,negative,0.0018364825993477803
1469661640572473350,negative,0.00023221471213837562
1469661640870268931,negative,0.006049172120589156
1469661648340361222,neutral,0.42765730342432634
1469661654661185545,negative,0.00010206327133108365
1469661654845640713,negative,0.031212729527966644
1469661657098035208,negative,0.006049172120589156
1469661657689464833,negative,1.9812726721622487e-06
1469661660533116931,negative,0.0013253647006727526
1469661664630947841,negative,0.00026402562188015727
1469661667567022091,positive,0.7195487567089036
1469661670255566850,negative,0.20908334747013088
1469661670549204999,negative,0.006049172120589156
1469661675028729857,neutral,0.4922415229393677
1469661677998297088,neutral,0.556894451680746
1469661678291894276,negative,0.0018364825993477803
1469661681278234624,negative,0.15848268733992615
1469661682364555264,positive,0.9997534332827445
1469661684025409539,negative,0.006049172120589156
1469661685145387009,negative,4.3902313913361214e-05
1469661687653486594,neutral,0.49789225920557484
1469661688068816908,negative,0.0005652835902939986
1469661691055165442,negative,0.0001771115410905396
1469661696499277837,negative,0.00023685619592764493
1469661698298626054,negative,0.03546438906118472
1469661699997327367,negative,0.0010042121477146578
1469661703575121924,negative,0.13790610695580122
1469661704342622211,negative,0.05727696746174092
1469661705030537221,negative,0.06458318019418001
1469661706364375044,negative,0.05970821081991704
1469661708255825920,negative,0.3226114395835132
1469661713851158545,negative,0.006049172120589156
1469661714442600450,negative,0.009418185653464374
1469661719312150542,positive,0.9323242187731662
1469661722067755018,neutral,0.3441877553689745
1469661724257230850,negative,0.14133255951854565
1469661725368758278,negative,0.0017752422325382424
1469661730410491908,negative,0.3226114395835132
1469661730850713611,negative,0.006049172120589156
1469661731597209604,negative,0.006049172120589156
1469661734994653185,neutral,0.4922415229393677
1469661736017883137,negative,0.04931558070743723
1469661738001907715,negative,0.11350027972601606
1469661739331563521,negative,2.5594961290875962e-09
1469661740371693574,neutral,0.6107723552362255
1469661747468328960,negative,0.31736110868345374
1469661750190649355,negative,0.001029053378529251
1469661751822196740,negative,0.08783920713663598
1469661755056037892,negative,0.0005393745864926372
1469661755748007940,neutral,0.34533447752142954
1469661757673201666,negative,0.00010206327133108365
1469661758063271945,negative,1.2744641209232806e-06
1469661758189047810,negative,6.744620882925018e-07
1469661759652958216,negative,1.9711886406356472e-05
1469661760521134086,negative,0.006049172120589156
1469661764484796422,negative,0.00010206327133108365
1469661764660998145,negative,0.05727696746174092
1469661765202071566,negative,0.006049172120589156
1469661766409936903,neutral,0.3441877553689745
1469661767462703107,negative,3.762183740738302e-05
1469661767903109125,negative,0.06458318019418001
1469661773582192640,negative,0.0008130525852152061
1469661777411850244,negative,0.00018408258305850517
1469661777965236226,negative,0.0018670020834476383
1469661777969356804,negative,0.0326892380055421
1469661779743719427,negative,0.09604703152051772
1469661780700024835,negative,0.0019546069506113785
1469661784172806145,negative,0.001029053378529251
1469661787557662728,negative,0.03085351038845301
1469661789700956162,negative,0.006049172120589156
1469661792532299780,negative,0.00010206327133108365
1469661794591547396,negative,1.2744641209232806e-06
1469661794612486149,negative,0.059326240693998174
1469661801881255936,negative,0.006049172120589156
1469661802250264587,negative,0.0056183789433709224
1469661810114629636,negative,0.0007891377969424759
1469661811305848833,negative,0.0019546069506113785
1469661814682177538,negative,0.007186037460410977
1469661826451443714,negative,0.0018815350553875291
1469661828615524354,negative,0.011663600409077836
1469661831983775749,neutral,0.5273166212311818
1469661833284005894,neutral,0.3441877553689745
1469661840493973511,negative,0.06062516730565888
1469661842301718538,negative,0.006524842872066041
1469661842373021705,negative,7.548071279652255e-07
1469661847271919617,negative,0.0056183789433709224
1469661849922715651,negative,0.20908334747013088
1469661850849660933,negative,0.001029053378529251
1469661855245291529,negative,0.06504804988458841
1469661856008744968,negative,0.2530149387884605
1469661857262841861,negative,0.001029053378529251
1469661858579767298,negative,0.00010604789458214031
1469661862862204928,negative,0.0003895692768199124
1469661864195940353,negative,0.0743652769209082
1469661865215238151,negative,1.2744641209232806e-06
1469661869757677570,negative,0.09134166861473657
1469661873704509444,positive,0.7901416026370773
1469661875642195971,negative,0.001029053378529251
1469664245398872072,negative,0.010033884695098385
1469664247789486084,negative,0.004421475816943052
1469664248058068996,negative,0.06456702301303717
1469664253913309188,negative,0.001029053378529251
1469664258216632320,negative,0.06978811889856658
1469664261450387463,negative,0.006049172120589156
1469664262058561540,negative,0.0005393745864926372
1469664262574465028,negative,0.023109362957734716
1469664270325534729,negative,0.017117873723249074
1469664272888254471,negative,0.00418657949658623
1469664275023204364,negative,0.001029053378529251
1469664275954343937,negative,1.6818921598757253e-05
1469664277556572166,positive,0.9210873737465911
1469664280194781184,negative,0.0003817654156476988
1469664281109139466,neutral,0.4922415229393677
1469664281994186758,negative,0.1568342305244606
1469664285261537281,neutral,0.4985928500860049
1469664287413182468,negative,0.00010206327133108365
1469664290269384705,negative,0.0040781736432032095
1469664293557788672,negative,0.01879274675856803
1469664306451161095,neutral,0.4922415229393677
1469664315733159937,negative,0.01879274675856803
1469664315963756545,negative,0.12451229766364101
1469664321747697667,negative,0.0005755030392677281
1469664323475812359,negative,0.0056183789433709224
1469664325694541824,negative,0.006524842872066041
1469664326898311170,negative,0.19097236700943493
1469664327472848896,negative,2.520660252457258e-06
1469664332363759616,negative,0.00010206327133108365
1469664337996689409,negative,0.011663600409077836
1469664338587828232,negative,0.006725874381993433
1469664339577683974,negative,0.011663600409077836
1469664341473603592,neutral,0.5273166212311818
1469664341561679874,negative,0.001029053378529251
1469664344967426049,negative,0.025181565142592382
1469664352391340036,neutral,0.4922415229393677
1469664353901293568,negative,0.003384846781704748
1469664355989999617,negative,0.0014150275214392448
1469664363002974212,positive,0.91390305739615
1469664366735810567,negative,0.006049172120589156
1469664367662796803,negative,0.000143382720644316
1469664368627535878,negative,0.001029053378529251
1469664369487319045,negative,0.003908944706213048
1469664370296770560,negative,0.14133255951854565
1469664374398894082,negative,0.2875460286090516
1469664380790972416,negative,0.0027774093096840768
1469664387078230029,negative,0.023872253342937074
1469664388810522626,negative,0.001029053378529251
1469664389565407232,neutral,0.5966694205919543
1469664398423830536,negative,0.001029053378529251
1469664400793554944,negative,0.19311067094070053
1469664401091436544,positive,0.7214474583498738
1469664401930309634,negative,0.001029053378529251
1469664408339193859,negative,0.006118061403405386
1469664410520199170,negative,0.07016074655889297
1469664418778726404,negative,0.0027774093096840768
1469664419445886983,negative,0.0027875733384367645
1469664422725619712,neutral,0.4436127277538859
1469664424445284357,negative,0.0049952313262256205
1469664459555749901,negative,0.16555313198682725
1469664459635499010,negative,0.001029053378529251
1469664460222652417,negative,0.006049172120589156
1469664462219194370,negative,1.2021128358663292e-08
1469664463162941442,negative,1.2744641209232806e-06
1469664465020989449,negative,6.166885051675518e-08
1469664468934275073,negative,0.00010206327133108365
1469664470163202055,negative,0.00010206327133108365
1469664472663011329,negative,0.00018519857807618677
1469664473736781833,negative,0.0056183789433709224
1469664475359887364,negative,0.001029053378529251
1469664481668124676,positive,0.91390305739615
1469664484994158597,negative,0.01879274675856803
1469664485468160007,negative,0.006049172120589156
1469664489037516800,negative,0.00031846550315522623
1469664495064649729,negative,0.3116361163679863
1469664495169683460,positive,0.91390305739615
1469664495706554369,negative,0.025049507028737695
1469664502157385730,neutral,0.4922415229393677
1469664506594930691,positive,0.7090522855839745
1469664510420168709,negative,0.0003829631587563787
1469664513695883270,neutral,0.3441877553689745
1469664513997869056,negative,1.5178505659881718e-06
1469664514216009733,positive,0.9734423257077665
1469664515910508548,neutral,0.4728282325966259
1469664520083623939,negative,0.03423001945362124
1469664521186951172,neutral,0.4922415229393677
1469664522541494274,negative,3.5907591836414165e-10
1469664523498012678,positive,0.9488890420202221
1469664526735921152,positive,0.9824105045024271
1469664527390236679,negative,0.0021630008889154738
1469664530103951366,negative,0.19311067094070053
1469664534906421251,negative,0.00661907104633611
1469664537100050439,negative,1.2744641209232806e-06
1469664537519566856,negative,0.00682626175518094
1469664539050455053,negative,0.014720344376385542
1469664539771904003,negative,0.0027774093096840768
1469664540069707784,negative,0.04639286362529852
1469664540556242952,negative,0.059326240693998174
1469664541042745346,neutral,0.4276849572942938
1469664545073512452,negative,0.0027774093096840768
1469664545295712260,negative,0.20908334747013088
1469664547644624907,negative,0.06786467447186582
1469664550643539973,positive,0.9890409061225007
1469664550987382792,neutral,0.3460115390229113
1469664555550883848,negative,1.2744641209232806e-06
1469664564061081606,negative,0.15592142592410774
1469664570587426819,negative,0.18760693662253133
1469664581190569991,neutral,0.6227273776633155
1469664584948715530,negative,0.13605048711491027
1469664589092909062,negative,0.00038086184659856
1469664591865069573,negative,0.011901073419002196
1469664596797669383,negative,1.7624192958262205e-11
1469664606083821568,negative,0.0010384440564727066
1469664609544122372,negative,1.2744641209232806e-06
1469664611205058566,positive,0.9997534332827445
1469664611272065027,negative,1.5987812047550496e-13
1469664611712610311,negative,0.00043988969499496826
1469664612165595137,neutral,0.4258672216328618
1469664616334692353,neutral,0.3441877553689745
1469664617978859524,negative,0.0012861527094661395
1469664619547484162,negative,0.04470496690715022
1469664625264406533,negative,0.19311067094070053
1469664625335623685,neutral,0.49789225920557484
1469664626803630082,negative,0.19311067094070053
1469664627785146373,neutral,0.5966694205919543
1469664628166823947,neutral,0.45718483340691285
1469664634986803202,negative,0.059326240693998174
1469664637104836616,negative,0.09768128156798485
1469664638509981704,neutral,0.4922415229393677
1469664639097217026,negative,3.672272730676141e-05
1469664641689260038,negative,0.002900516399042404
1469664651541729282,negative,0.001029053378529251
1469664666255339524,negative,0.027156438850638072
1469664666649518088,neutral,0.3441877553689745
1469664667257745408,negative,0.05970821081991704
1469664668717359105,negative,4.938627777189254e-07
1469664669216423937,negative,1.0801572740864345e-06
1469664670583771136,negative,4.831923349539055e-09
1469664672827809796,negative,0.0209432038638994
1469664675755405323,negative,0.0007891377969424759
1469664677005299712,neutral,0.4922415229393677
1469664681803538435,negative,0.09134166861473657
1469664682139131909,neutral,0.4901441474255754
1469664683896487939,negative,0.001029053378529251
1469664684622163973,positive,0.7846386636484673
1469664684857073668,negative,0.006049172120589156
1469664688451510273,negative,0.002878336362653694
1469664689344897032,neutral,0.4663917579447527
1469664693820268561,negative,0.21227040052689714
1469664694608834566,negative,0.00010206327133108365
1469664700216619017,neutral,0.3441877553689745
1469664701101576194,negative,0.0011705350659215602
1469664702888398858,negative,0.006524842872066041
1469664704150843402,negative,0.19483420653051078
1469664705761492995,negative,0.25050913950563336
1469664711323144196,negative,0.00010206327133108365
1469664712426196993,negative,0.016141209549366407
1469664717144739845,negative,0.0001988619738100358
1469664720466714629,negative,0.006049172120589156
1469664721221603340,negative,0.00034545142264296277
1469664722333097988,negative,0.013893576662516744
1469664729077469184,negative,0.09291933278784459
1469664731107672069,neutral,0.3441877553689745
1469664731866800134,negative,1.0809269230970988e-06
1469664735696236559,negative,0.00010206327133108365
1469664737722089473,negative,0.00682626175518094
1469664737902440460,negative,0.006049172120589156
1469664744202125313,negative,0.00682626175518094
1469664746110660611,negative,1.4959702903191857e-07
1469664747066957829,negative,0.016533812881135996
1469664748279152646,negative,0.013893576662516744
1469664752112701450,negative,0.015249464682395027
1469664752330752005,negative,0.003742105624799917
1469664754163662856,negative,2.0351317806022718e-07
1469664754776039427,negative,4.128377364393999e-08
1469664756403515392,neutral,0.4922415229393677
1469664757037019136,negative,0.001674665024064837
1469664757414338564,negative,0.00010206327133108365
1469664759276617738,negative,5.13696544238185e-05
1469664760484573191,neutral,0.3808980725285147
1469664762661330948,neutral,0.4922415229393677
1469664763084951558,negative,3.672272730676141e-05
1469664764024565763,negative,0.001029053378529251
1469664767254142980,negative,0.014424208817015045
1469664768550064131,negative,0.002727978023560115
1469664770487951367,negative,0.0003817654156476988
1469664771456839688,negative,0.002716065726802961
1469664775114264581,negative,2.5788020845424652e-09
1469664776825581574,positive,0.711361707317299
1469664785377775616,negative,0.0035081418479914247
1469664789433618434,negative,0.006049172120589156
1469664790469611520,negative,0.2492915028447242
1469664792860368900,negative,0.006049172120589156
1469664800154206209,negative,0.001029053378529251
1469664801324515330,negative,4.377291439916689e-08
1469664802649821184,negative,0.0005827653287588571
1469664802863824902,neutral,0.5026136864836971
1469664805241991173,negative,0.001029053378529251
1469664814117138434,negative,0.0007352751443338098
1469664817413767173,positive,0.958771947560276
1469664818143576070,negative,1.7916967331438666e-08
1469664824053440514,negative,0.006049172120589156
1469664825705910276,negative,4.785352216347053e-05
1469664827610218504,negative,0.006049172120589156
1469664828696506369,negative,0.006049172120589156
1469664829128556550,positive,0.7195487567089036
1469664830864908288,negative,0.001029053378529251
1469664831418650625,negative,0.21227040052689714
1469664832005844993,neutral,0.36001742862195224
1469664837944942596,negative,0.001334991641242301
1469664837982695425,negative,0.006524842872066041
1469664838460841992,negative,3.735860488143984e-07
1469664840058908673,negative,0.0027875733384367645
1469664844605538310,negative,0.00021493636006295695
1469664846631292934,negative,9.202230486923293e-05
1469664848015499266,negative,0.0056183789433709224
1469664853417619466,negative,0.0005118851712128809
1469664865644068869,negative,0.00015848575079506434
1469664870341779466,negative,0.001988255295146431
1469664870463324168,negative,0.04703243650847902
1469664883033755655,negative,0.006049172120589156
1469664888393977856,negative,0.0056183789433709224
1469664890365300743,negative,0.00640756392498087
1469664893817159682,neutral,0.5862081678112712
1469664895138418689,negative,0.00010206327133108365
1469664896132558850,negative,0.006049172120589156
1469664900716900358,negative,0.00010206327133108365
1469664907696254979,negative,0.21175498936133694
1469664910242111492,negative,0.00010206327133108365
1469664912003764224,negative,0.017292479277134634
1469664914910363648,negative,0.0009784796779243236
1469664917414371332,negative,0.25050913950563336
1469664923319951365,negative,0.11511596006644809
1469664925773705218,negative,0.00010206327133108365
1469664927208153096,negative,0.1268028451552595
1469664928483192840,negative,0.01361428517508204
1469664933923233795,negative,0.0040781736432032095
1469664935319904258,negative,0.006049172120589156
1469664937148563460,negative,0.0029393255521181264
1469664939019325443,neutral,0.5569623031814571
1469664941527416834,negative,0.117414810313685
1469664942458556418,negative,0.003908944706213048
1469664944249622533,positive,0.91390305739615
1469664945558237189,negative,0.15029513708155978
1469664946577448965,positive,0.8362707570118398
1469664957029658634,negative,0.22310255846469315
1469664961785905152,negative,0.07968145049011045
1469664966341021706,negative,9.275573757185128e-06
1469664967020396548,negative,9.533009311447708e-05
1469664969352527874,negative,4.2959517125350855e-05
1469664975555809287,neutral,0.4922415229393677
1469664976734502931,negative,0.0018670020834476383
1469664976889655302,negative,0.013893576662516744
1469664977820606464,negative,0.04213756083121185
1469664987593510913,negative,0.006049172120589156
1469664988092641288,positive,0.920138061897414
1469664991364136968,negative,0.21919709906778792
1469664991611699200,neutral,0.49789225920557484
1469664996518936577,negative,0.0027774093096840768
1469664996917448705,negative,0.006049172120589156
1469665004869718018,negative,3.026001919716668e-06
1469665005327032322,negative,1.2744641209232806e-06
1469665005578633220,negative,0.00010206327133108365
1469665010477633541,negative,1.308355911600369e-06
1469665011945648131,negative,0.00034545142264296277
1469665013866639360,neutral,0.49789225920557484
1469665014491586568,negative,4.89225696568214e-07
1469665018413264899,negative,0.0005947144731771919
1469665019461873666,negative,0.001117827891804213
1469665021609361410,negative,0.062403371835180944
1469665027540111361,negative,0.0023457131081255802
1469665030794878982,negative,0.0027875733384367645
1469665031566639107,negative,0.14126724792859952
1469665033726664707,negative,3.3839328461314454e-10
1469665034720665616,negative,0.006049172120589156
1469665036612288530,negative,0.007186037460410977
1469665044577271812,negative,0.25904246346744453
1469665049715392517,negative,0.001029053378529251
1469665050260652039,negative,0.21227040052689714
1469665055100788742,neutral,0.36001742862195224
1469665056262602757,positive,0.920138061897414
1469665057382576133,negative,0.001029053378529251
1469665057428680715,negative,0.033648678754248144
1469665060738015232,positive,0.7350640556459914
1469665061002260487,negative,3.9014770443608164e-07
1469665061824258050,negative,4.4575562404063577e-07
1469665063359373316,negative,0.06451753826346171
1469665065313968128,negative,2.6107808065662833e-07
1469665066991722499,negative,0.002125179917079351
1469665067755053056,neutral,0.4922415229393677
1469665068778463239,negative,0.000273046410154122
1469665068900040710,negative,0.04372996081288329
1469665069395030021,negative,0.021526181105048624
1469665075485188096,negative,0.006049172120589156
1469665075732660230,negative,0.06978811889856658
1469665077347377160,negative,0.003384846781704748
1469665083257147394,negative,0.0017752422325382424
1469665083521474561,negative,0.0003983089056167944
1469665084809035777,negative,0.006049172120589156
1469665085190778881,negative,0.0005705407538808456
1469665088151953408,negative,0.028897072665491845
1469665094791540750,negative,0.06446109548135678
1469665099937890314,negative,0.0021148705798751137
1469665103968673793,positive,0.874073451439104
1469665104182620167,negative,0.0011705350659215602
1469665107210907649,negative,7.0749824900713446e-06
1469665110583132167,neutral,0.4922415229393677
1469665129839140864,negative,7.068358084742468e-10
1469665131189702665,positive,0.7577479287876457
1469665136390594563,neutral,0.4507454498615163
1469665142875074568,negative,2.0660045088084344e-05
1469665143994957835,negative,0.1639038734629459
1469665151209115650,negative,0.0018670020834476383
1469665151863476238,negative,0.00010206327133108365
1469665157257252864,negative,0.006524842872066041
1469665164119384079,negative,0.006049172120589156
1469665168393228295,negative,0.04599435480861964
1469665168728678407,neutral,0.4922415229393677
1469665170041540611,negative,2.026883996473609e-05
1469665172407078914,negative,0.06081494787200265
1469665182515273730,negative,0.006049172120589156
1469665186957119496,negative,0.00010206327133108365
1469665190493011972,negative,0.0040781736432032095
1469665192627818497,negative,0.006524842872066041
1469665206909513743,neutral,0.3441877553689745
1469665210160095234,negative,0.006924404199517435
1469665210411765771,neutral,0.4922415229393677
1469665210743103488,negative,0.001029053378529251
1469665213716656129,negative,0.0040781736432032095
1469665218015997957,neutral,0.5966694205919543
1469665219697946627,negative,0.001029053378529251
1469665219718926338,neutral,0.4624452707015581
1469665220276723721,neutral,0.3441877553689745
1469665220759011337,negative,0.02911171716484642
1469665221698633730,negative,0.0009124219198845328
1469665223334367239,negative,0.20568989136550409
1469665223850266632,negative,0.006049172120589156
1469665225569931268,negative,0.0010384440564727066
1469665230212976641,negative,0.006049172120589156
1469665231722930180,negative,2.5594961290875962e-09
1469665233807552519,negative,0.00010206327133108365
1469665242590466050,neutral,0.4922415229393677
1469665242942685185,negative,0.006049172120589156
1469665244867964932,negative,0.006049172120589156
1469665245077684227,negative,0.0002480076410271465
1469665246415659014,negative,1.583461957946743e-05
1469665247988432901,neutral,0.36001742862195224
1469665253306810369,negative,7.329301786064675e-08
1469665258100957185,negative,0.006049172120589156
1469665258943954944,negative,0.00031384165314877755
1469665259728379904,negative,0.00034545142264296277
1469665259795501058,positive,0.9259371934399527
1469665261561204739,negative,0.001029053378529251
1469665261821345793,negative,0.006118061403405386
1469665263981252608,neutral,0.6366208844550786
1469665266175025153,negative,0.1885417718146349
1469665268733468679,negative,0.012623222586865915
1469665271023644674,negative,0.006049172120589156
1469665271593979904,negative,6.0501337261242583e-05
1469665273414258693,neutral,0.44877533083690335
1469665274047746057,negative,0.04931558070743723
1469665278598516740,negative,0.0010384440564727066
1469665279093399557,negative,0.22039027350915785
1469665281320669187,negative,2.027679118803542e-07
1469665281572315151,negative,0.0027774093096840768
1469665283052908545,neutral,0.36440385825114957
1469665287716974599,neutral,0.37310024714439943
1469665292473315330,negative,0.006049172120589156
1469665296998965249,negative,0.1687545479132074
1469665300471762950,negative,0.00022106349205520463
1469665300761268227,negative,4.87298246366846e-07
1469665301277065217,negative,0.006049172120589156
1469665303172993025,negative,0.0023457131081255802
1469665308474580992,negative,0.21227040052689714
1469665311070818308,negative,0.00026352081287937714
1469665311355985924,negative,0.006049172120589156
1469665311536394243,negative,0.006049172120589156
1469665314266882051,negative,0.00028858824310170787
1469665320537231360,negative,1.0809269230970988e-06
1469665321191714816,negative,0.0005271825558307919
1469665321279705099,neutral,0.4922415229393677
1469665322395488257,negative,0.001029053378529251
1469665322479271942,negative,0.006049172120589156
1469665324140277760,positive,0.9974683531151787
1469665331312537610,negative,0.00015103762282106918
1469665331593375744,neutral,0.4624452707015581
1469665338895781888,positive,0.99999883036128
1469665340321796098,negative,4.705267319045509e-05
1469665346714017794,positive,0.9997534332827445
1469665352116322306,negative,0.0002949285263838268
1469665352611205125,negative,3.833906448251992e-06
1469665354892910595,negative,0.2166655401399046
1469665355400417285,negative,0.02863214024517308
1469665356822241281,negative,0.016141209549366407
1469665358718156807,negative,0.0056183789433709224
1469665359707914240,neutral,0.49789225920557484
1469665360270049280,positive,0.9997534332827445
1469665361045954561,negative,1.2744641209232806e-06
1469665362425831424,negative,0.0056183789433709224
1469665364170756106,negative,0.00998699081181591
1469665367110918150,negative,0.00010206327133108365
1469665367932952582,negative,0.00998699081181591
1469665368054669318,negative,2.332217224846401e-06
1469665368566374401,negative,0.006524842872066041
1469665372991373320,negative,0.020600712958582144
1469665373737955330,negative,0.006524842872066041
1469665388959047681,negative,2.4844090632325068e-05
1469665389512642561,negative,0.04364830284545895
1469665397901344772,negative,0.04931558070743723
1469665402481434628,negative,0.07804429930076733
1469665403538493446,negative,0.001029053378529251
1469665409053958148,negative,1.638495788490294e-05
1469665413499924487,negative,1.7924426569163533e-05
1469665414850428929,negative,7.947293686981036e-05
1469665417467555844,negative,1.7501620899517324e-05
1469665417467600897,negative,1.7501620899517324e-05
1469665431598379010,neutral,0.34390760743775584
1469665431636123652,negative,0.0009916704627209124
1469665431824781316,negative,0.006049172120589156
1469665433456459789,neutral,0.3441877553689745
1469665434760880132,negative,0.0011756633338339674
1469665435041812481,negative,2.7040437352244156e-10
1469665444802056195,negative,0.00010206327133108365
1469665447360487426,negative,0.0010042121477146578
1469665453530357767,negative,0.00010206327133108365
1469665454125985805,negative,0.001029053378529251
1469665455661096963,negative,0.001029053378529251
1469665458248945668,negative,0.05831680506367671
1469665460140580864,positive,0.91390305739615
1469665461336002561,negative,0.21227040052689714
1469665463365943300,negative,0.0816638260701951
1469665464158760966,negative,0.03187920522019715
1469665467103158279,negative,0.001029053378529251
1469665467925159937,negative,0.09134166861473657
1469665468436856838,negative,4.284020793742266e-07
1469665472908046337,negative,0.00019837817161504623
1469665473499385856,negative,3.672272730676141e-05
1469665480780795905,negative,0.143357076735068
1469665482571718663,negative,0.001029053378529251
1469665483859374088,negative,0.006049172120589156
1469665487315509254,neutral,0.4922415229393677
1469665489685291012,negative,0.13759670399158416
1469665491203641347,negative,0.00034545142264296277
1469665491413352452,negative,0.028129578482471954
1469665495376871430,neutral,0.4258672216328618
1469665496698085380,negative,0.03732319143413162
1469665496807231488,negative,0.014720344376385542
1469665500275912709,negative,0.05970821081991704
1469665500716220421,negative,0.00040247230923397346
1469665506730954759,negative,0.006524842872066041
1469665508211539971,negative,0.05005779236283042
1469665511495581702,negative,8.88690742047845e-06
1469665513911508993,negative,0.0003247770686837963
1469665515056607233,negative,8.939839032261944e-10
1469665516193296386,negative,0.00010206327133108365
1469665518470799363,negative,8.88690742047845e-06
1469665519611613195,negative,0.09134166861473657
1469665521209593868,negative,0.006049172120589156
1469665522836979715,neutral,0.3441877553689745
1469665524200128517,neutral,0.36001742862195224
1469665524460232710,negative,0.07507296552851847
1469665525252988930,negative,1.308355911600369e-06
1469665529648631821,negative,4.353085592479591e-07
1469665530403565571,negative,0.001688661005814054
1469665531997396999,negative,0.0018670020834476383
1469665533469642757,negative,1.2744641209232806e-06
1469665536464363521,negative,0.25050913950563336
1469665540985737217,neutral,0.4624452707015581
1469665542462218247,negative,0.006524842872066041
1469665544936771587,negative,0.006049172120589156
1469665546807517189,neutral,0.49789225920557484
1469665548904579076,negative,0.0020251429196912482
1469665552130056197,neutral,0.4624452707015581
1469665555317731329,negative,3.7416950528668666e-08
1469665555489689600,negative,7.591884647298645e-09
1469665557901414409,positive,0.9532350079136641
1469665563345850368,negative,2.1986098462286066e-09
1469665568466812936,negative,9.055467869883093e-05
1469665568840196100,negative,0.00018408258305850517
1469665573713944581,negative,0.001029053378529251
1469667922465411080,negative,4.22290974973002e-07
1469667922729750538,negative,0.00385032824135761
1469667924281544723,negative,1.7658734639040045e-07
1469667926076796933,positive,0.9997534332827445
1469667926575886346,negative,0.0006054695133981335
1469667926840156160,negative,0.14822956217475602
1469667927737749515,negative,0.000739478613749031
1469667927850991620,neutral,0.5391371911639813
1469667937950830594,positive,0.9999999665938765
1469667938789699587,negative,0.0022602413750241346
1469667942388445195,negative,0.007517216955318898
1469667944460439563,negative,0.0003817654156476988
1469667945190154240,negative,0.006049172120589156
1469667945970339840,negative,0.03288273400138982
1469667956628107275,positive,0.920138061897414
1469667956758138883,negative,0.07388884686434437
1469667957202722820,negative,0.10065380415235704
1469667959123623939,negative,0.00918711528739364
1469667961275404289,neutral,0.4922415229393677
1469667961405419522,neutral,0.4788407443101165
1469667963863195650,negative,0.0007705198766568515
1469667970632802312,neutral,0.36001742862195224
1469667970993594373,negative,3.2320298045115052e-06
1469667977767407627,negative,0.00037082121205804264
1469667980783108098,negative,0.006049172120589156
1469667981949030402,negative,0.006049172120589156
1469667984029495299,negative,0.006049172120589156
1469667986487271436,negative,0.006049172120589156
1469667988794183689,positive,0.8779882066275277
1469667989054230537,negative,0.10065380415235704
1469667999435141121,negative,1.1231343168140437e-05
1469667999988731909,negative,4.773131864431069e-17
1469668003507851265,negative,0.00011110514400561494
1469668004468342785,neutral,0.36001742862195224
1469668005378502658,neutral,0.3441877553689745
1469668007450484737,negative,1.7204689800698127e-06
1469668013544779787,neutral,0.4922415229393677
1469668013901287424,negative,0.20540810866262715
1469668017495760899,negative,0.009663102612001685
1469668018695421954,negative,0.00107443603421501
1469668018816966664,negative,0.05727696746174092
1469668019060330496,neutral,0.49789225920557484
1469668019261607936,negative,0.0209432038638994
1469668021400743949,negative,0.09707814212647112
1469668024827453442,negative,0.00010206327133108365
1469668025544626185,negative,0.25479062266802827
1469668027474092032,negative,0.006049172120589156
1469668027897720839,negative,0.006049172120589156
1469668027931275265,negative,8.88690742047845e-06
1469668036760244233,neutral,0.4922415229393677
1469668037397725184,negative,0.0027716704005454848
1469668038781784066,negative,0.31227378728678923
1469668042099421184,negative,0.3141549051757067
1469668046956634112,negative,4.015480272172868e-05
1469668048487473174,negative,0.005647303446917059
1469668050169438213,positive,0.920138061897414
1469668054850318348,positive,0.7871050181701997
1469668054896369665,negative,2.0265342084345242e-16
1469668055638806535,negative,2.1870837067746893e-12
1469668057559838720,negative,0.3040931683569463
1469668061007519748,neutral,0.5394316823918713
1469668061292728330,neutral,0.4922415229393677
1469668063394082817,negative,1.0943757796359145e-07
1469668067324010498,negative,0.1746429589822056
1469668067458363393,negative,1.553732599503033e-05
1469668067512827908,negative,0.000273046410154122
1469668068905439232,neutral,0.5021101096368231
1469668075649781771,negative,0.0027774093096840768
1469668082272636929,negative,0.00843932808076403
1469668083967082498,negative,0.0006054695133981335
1469668091030347776,negative,0.09793052245831327
1469668094272413701,negative,0.006049172120589156
1469668102313062404,negative,0.0674349105915447
1469668103122526210,negative,3.914280698711738e-06
1469668105106427910,negative,1.2053102750347014e-07
1469668108478648320,negative,0.00682626175518094
1469668109908914186,negative,0.001117827891804213
1469668115340578824,negative,0.006049172120589156
1469668115390869510,negative,0.00010206327133108365
1469668119631257603,negative,8.88690742047845e-06
1469668122269519872,negative,0.0006213075340676291
1469668124039524353,negative,0.0027716704005454848
1469668125066948611,negative,9.401141517564754e-06
1469668128456167426,negative,0.13605048711491027
1469668130905546759,negative,0.006118061403405386
1469668137675235331,negative,9.801730550865737e-05
1469668140158181376,neutral,0.4922415229393677
1469668141080920068,negative,0.006800005312881146
1469668141261365249,neutral,0.5181446683455665
1469668141890478091,neutral,0.3389657056707564
1469668152179101710,negative,0.0005258463613450361
1469668153181364227,negative,1.2064617115883958e-06
1469668155521966086,positive,0.9997534332827445
1469668156989976576,negative,0.006049172120589156
1469668157350727681,negative,0.001029053378529251
1469668159053570050,negative,0.00010206327133108365
1469668166917840905,negative,0.004421475816943052
1469668169069613070,negative,0.003916022329258506
1469668174660608007,negative,0.19558992728971195
1469668177512644616,negative,0.00010206327133108365
1469668180771618820,negative,1.2744641209232806e-06
1469668182260654083,negative,3.1897510777607583e-16
1469668184001187842,negative,0.0005128970192890985
1469668185268015114,negative,0.1885417718146349
1469668186660474880,positive,0.9467000434463775
1469668192205299714,negative,3.0625585261370627e-07
1469668194277330945,negative,0.12753683721128892
1469668205065117703,negative,0.0017959686121326692
1469668208013713415,negative,0.00010206327133108365
1469668208978259968,negative,0.0056183789433709224
1469668213193691136,negative,0.00010118561142035838
1469668213424328707,negative,0.13790610695580122
1469668218357043200,negative,6.805028659432621e-06
1469668220760211456,negative,0.000739478613749031
1469668222580502537,negative,0.0056183789433709224
1469668223389868037,negative,0.006118061403405386
1469668224635707398,negative,0.006049172120589156
1469668229983485958,neutral,0.4922415229393677
1469668230994317324,negative,0.09707814212647112
1469668231086579719,negative,0.12146426141732296
1469668231434616836,negative,1.650394368583203e-06
1469668232231587848,negative,0.006049172120589156
1469668238254608390,negative,0.06738315662300377
1469668242239148033,negative,0.0004033571424785362
1469668242495057923,negative,0.003908944706213048
1469668244210569221,negative,0.07350140977068434
1469668244516651009,negative,3.603031685822866e-05
1469668247838629888,negative,0.00010206327133108365
1469668260757057539,positive,0.7195487567089036
1469668267312791553,negative,0.25050913950563336
1469668267912577026,negative,0.00682626175518094
1469668268680036355,negative,1.260214862838076e-05
1469668270210957317,neutral,0.3441877553689745
1469668272656297990,negative,4.610168701455936e-05
1469668274053042178,negative,0.017117873723249074
1469668274287824907,negative,0.0006486233311116552
1469668274417848331,negative,1.2765207876262518e-06
1469668278457016329,neutral,0.4788407443101165
1469668279312691203,negative,7.397183324115294e-05
1469668279539187713,negative,0.05970821081991704
1469668279560060940,negative,1.553732599503033e-05
1469668280008851461,negative,0.006049172120589156
1469653197715382280,negative,0.10480008275338544
1469653255139512331,neutral,0.4147342023902695
1469653925389377539,negative,0.02949406654534962
1469653946314723328,negative,0.0009308866237169774
1469654053567225864,positive,0.88477323494225
1469654092825960450,negative,0.06649393729640553
1469654402717949952,negative,0.006255727542438882
1469654452747579397,negative,4.3997474459042154e-12
1469654656766861314,negative,1.4250967235565263e-05
1469654682885046275,neutral,0.49789225920557484
1469654756117331969,negative,0.0003817654156476988
1469654808315445253,negative,0.3153617554559025
1469654850661195780,negative,0.06862118046585819
1469654865349599233,negative,0.000264961701186181
1469654875877384200,neutral,0.49789225920557484
1469655142827921409,positive,0.9067426264812332
1469655203192492037,negative,0.011468768394643525
1469655238751801355,negative,0.0016437265351353046
1469655505513627649,negative,0.14198278957431454
1469655523947646977,negative,0.06862118046585819
1469655550912876555,negative,0.3153617554559025
1469655645469261829,negative,0.0003817654156476988
1469655666377826306,negative,0.02613389938985308
1469655675684929536,negative,0.001297526168664213
1469655749668356100,negative,0.12981999866728686
1469655884498362371,negative,0.0003817654156476988
1469655904484311043,neutral,0.44728339635288217
1469655961258315781,neutral,0.3611261860358039
1469656044158783489,negative,0.034217931469738824
1469656145916841994,negative,0.3153617554559025
1469656264003268609,negative,0.0003817654156476988
1469656398812246017,negative,0.0003817654156476988
1469656488868261889,negative,0.004801577732463987
1469656588948549638,neutral,0.47653212008413864
1469657154667831301,neutral,0.3596292972313468
1469657212754747400,negative,3.386652364024889e-10
1469657267536551950,negative,3.409406829833771e-06
1469657307084689412,negative,0.004801577732463987
1469657409815781383,negative,0.021855976280561594
1469657444951506944,negative,0.06575210019906173
1469657489419423744,negative,0.001472893681979555
1469657575658606594,negative,0.001323339895281807
1469657727538540545,neutral,0.5075953827051554
1469657740704464899,negative,0.001472893681979555
1469657852365000710,neutral,0.47653212008413864
1469658063032434691,neutral,0.5075953827051554
1469658574297214980,negative,5.994598506403319e-07
1469658586297126918,negative,0.0003817654156476988
1469658601128140805,negative,0.001472893681979555
1469658953286103045,negative,5.132873803169208e-06
1469659090066411521,negative,2.523278230404927e-05
1469659116004126722,negative,0.171309202923452
1469659179862446088,negative,0.0401552850293821
1469659270153183233,negative,1.1446006135388642e-06
1469659447891042312,positive,0.7223418709291067
1469659580233887745,negative,0.002284236410754851
1469659607954034688,neutral,0.5075953827051554
1469659708738920448,negative,0.28961185020107
1469660008413646855,positive,0.6709932660478881
1469660025698361347,neutral,0.4491127567175419
1469660104702271493,negative,0.004801577732463987
1469660107487260690,negative,0.007233573375320064
1469660235916795912,negative,0.004801577732463987
1469660276526039050,positive,0.8535425902220907
1469660279676063754,negative,0.0016437265351353046
1469660345539219460,neutral,0.44728339635288217
1469660381064925194,negative,0.0048461067287648785
1469660590339727368,negative,0.06649393729640553
1469660644022439937,negative,0.25789965821723837
1469660684564803585,negative,1.1821442918336958e-05
1469660791834034187,negative,0.0016437265351353046
1469660921551327237,negative,0.0016437265351353046
1469661014753001474,negative,0.0262969470718858
1469661424389529600,neutral,0.49789225920557484
1469661628526432259,negative,0.00027069865097329734
1469661685493469184,negative,0.0007127033919567175
1469661726048202756,negative,0.000661475821085857
1469661770780454912,negative,0.07612830688624474
1469662314102247427,negative,0.07526392422709435
1469662487440207874,negative,0.0003817654156476988
1469662611360911368,negative,0.12981999866728686
1469662642377797642,negative,0.0003817654156476988
1469662693271429121,negative,0.001323339895281807
1469662939460378624,negative,1.2389780250059752e-05
1469663106049581058,negative,0.23401417578262143
1469663175935250438,negative,0.036179989010723695
1469663267572359174,neutral,0.46127768308170247
1469663316004024327,negative,0.004801577732463987
1469663474502586368,negative,2.9848196398840155e-11
1469663493561454599,negative,0.001472893681979555
1469663538063069186,negative,4.182136870111449e-05
1469663639888093184,negative,0.001472893681979555
1469664035645833216,negative,0.15247863235219286
1469664106227638280,neutral,0.5075953827051554
1469664169544888321,neutral,0.5075953827051554
1469664346976526344,negative,0.01988511396189947
1469664367113392133,negative,0.0016437265351353046
1469664374335983619,positive,0.7899583107101021
1469664418397102083,negative,0.16362808379392021
1469664422465519616,negative,0.01988511396189947
1469664468435148807,negative,0.0022512876240393612
1469664526903750661,negative,0.004801577732463987
1469664529772691459,negative,0.06649393729640553
1469664558960762882,positive,0.7676360936938998
1469664764523859969,neutral,0.49789225920557484
1469664926834827265,negative,4.4123373678937036e-08
1469664990495973376,negative,4.182136870111449e-05
1469665179164200962,negative,0.004801577732463987
1469665231685267459,neutral,0.41793104656582186
1469665403966308360,negative,0.02028642150105052
1469665460207685641,negative,0.0015676541708073916
1469665521398267906,negative,0.0016437265351353046
1469665526527971328,neutral,0.5075953827051554
1469665539366785028,negative,2.264696427040199e-07
1469665555951067138,negative,0.004801577732463987
1469665577866301445,negative,0.11701973760235532
1469665850869309445,negative,0.01988511396189947
1469665862244343810,negative,5.8866919890544445e-09
1469665928497537035,negative,0.1076749808829252
1469666056759349253,positive,0.8403438871019834
1469666075449171975,negative,0.0003817654156476988
1469666209352372229,negative,0.06649393729640553
1469666246291595270,negative,0.0028286087511425226
1469666328575369218,negative,0.004342864150000923
1469666335642824709,negative,0.0003817654156476988
1469666433374298113,negative,4.184376631397355e-06
1469666439493730307,neutral,0.4759196137522607
1469666629126692866,negative,0.014344659035045969
1469666660034490368,negative,0.06862118046585819
1469666674538389506,negative,9.202292223461462e-06
1469666795904811014,negative,0.06649393729640553
1469666815508942855,negative,0.05182402545459429
1469666861239480321,negative,0.0016437265351353046
1469666940654432265,negative,0.00018447354049342255
1469667000779694080,negative,0.004342864150000923
1469667167952068610,negative,0.0020350990211787236
1469667264668618752,neutral,0.49789225920557484
1469667312005484559,negative,0.02613389938985308
1469667379831582721,negative,0.00010952655299624216
1469667391420485640,negative,0.001323339895281807
1469667525331931144,negative,0.011468768394643525
1469667538728632324,neutral,0.5998029747362148
1469667568302661635,negative,0.18001177605730695
1469667674091405315,negative,0.18001177605730695
1469667674460659718,negative,0.011468768394643525
1469667990383775746,negative,0.00024315443823211307
1469668258265669632,negative,0.06649393729640553
1469668269279760386,negative,0.0009218997793091347
1469655459577888768,neutral,0.37679209754895876
1469664915870793729,neutral,0.49789225920557484
1469654287454195720,neutral,0.5990224736571826
1469656977978626054,negative,0.17672755989941588
1469657418393174021,negative,0.1140630928330056
1469660931080822792,negative,0.1140630928330056
1469663724030025729,negative,0.0001267972385633979
1469665487395115022,negative,0.02131668234840988
1469665956666433539,negative,0.000594599570055561
1469667510417084418,negative,0.06951476674324833
1469653854317060096,neutral,0.49789225920557484
1469656753679880197,neutral,0.49789225920557484
1469659964239237120,positive,0.9741093971383729
1469660068866052098,negative,0.16421902135301109
1469661073678954498,neutral,0.3952023627048191
1469664596663455749,negative,0.020314794985681648
1469665315378323460,neutral,0.41675546469264907
1469656546477064192,negative,0.0006645102467420312
1469659685515141122,neutral,0.4572218810029122
1469661017747730438,neutral,0.49789225920557484
1469666956345323532,neutral,0.49789225920557484
1469667920120848389,negative,2.9619289983669408e-09
1469653380289150983,negative,7.513104861093461e-05
1469653758288224261,negative,0.31820487300311295
1469656649162010628,negative,7.513104861093461e-05
1469657287799316484,negative,7.513104861093461e-05
1469657577831215108,negative,6.358622192267704e-05
1469660661911281664,negative,7.085659913298155e-05
1469660854836772864,negative,7.085659913298155e-05
1469660892249874447,negative,7.513104861093461e-05
1469661236497371137,negative,7.513104861093461e-05
1469661330495967233,negative,0.08445649147655683
1469654274393190400,negative,5.5811466368642264e-05
1469657525435830278,negative,0.033112118904460586
1469658410656407557,negative,0.003631200275523104
1469658741918375942,negative,0.0736401149528525
1469660003950804993,negative,8.878016476586011e-09
1469662503189762051,negative,0.003631200275523104
1469662888818364421,negative,0.2575963766895307
1469663856842747907,neutral,0.4898631585877994
1469667638150373390,negative,0.02832690958623595
1469653190568259588,negative,2.1060565263453722e-13
1469653191105073155,negative,0.014868151295466281
1469653191838953477,negative,0.0001852107953921412
1469653197228843017,negative,0.003222049134242939
1469653252178427909,negative,0.1310284069867318
1469653289457405952,negative,5.718477025018822e-06
1469653302187077646,negative,3.872889851719216e-07
1469653361804951556,negative,3.751714719400433e-05
1469653386974969856,negative,0.00964116403717009
1469653389747400711,negative,3.833316705344107e-06
1469653427370274822,positive,0.8667035497013996
1469653427970088960,negative,0.02830132297100181
1469653459066630150,negative,2.7979443749806716e-06
1469653459410599946,negative,0.03230764945533287
1469653464770912266,negative,0.11505755486504021
1469653469275594755,negative,0.24739209699298287
1469653479732002817,negative,0.0005094064583995099
1469653489966063619,negative,0.0009588289535278118
1469653508345499650,negative,0.0001443522865508155
1469653508370702339,negative,0.0009409951464017585
1469653541727965189,negative,2.7979443749806716e-06
1469653557204897792,neutral,0.605286231898208
1469653594819473415,negative,0.007603737208917189
1469653633100914699,negative,0.007603737208917189
1469653663669006336,negative,2.7979443749806716e-06
1469653669767483402,negative,0.03230764945533287
1469653677837361163,negative,0.006494004946693783
1469653691808501766,negative,1.0916011353155341e-08
1469653725199351808,negative,2.7979443749806716e-06
1469653756203708416,negative,0.01175388951917836
1469653764881670147,positive,0.9944364023304004
1469653794858455043,negative,0.011601339430827418
1469653801535778822,neutral,0.4840251759512737
1469653805591633924,negative,0.0009409951464017585
1469653817688002573,negative,0.0005453949507133268
1469653840848990209,negative,0.010709955706048768
1469653884650110990,negative,1.5460641029791098e-09
1469653886889828355,negative,0.0006584059095216353
1469653913217474560,positive,0.9371780765479817
1469653940815990789,negative,0.001360218360684184
1469653974533951495,negative,0.006494004946693783
1469654072248651783,negative,0.019277795077931488
1469654089470521352,negative,1.3402635647877043e-06
1469654160907935748,negative,2.2055968076620976e-09
1469654187621376000,negative,0.0007223228884463964
1469654197935263751,negative,2.7979443749806716e-06
1469654220446048257,negative,1.3854469496471284e-08
1469654226192244743,negative,0.001360218360684184
1469654261638311938,negative,5.084998013751911e-05
1469654278885330947,negative,2.4116872577850244e-10
1469654290440544256,negative,0.00682626175518094
1469654292541890570,negative,0.011855978701353413
1469655777564631044,negative,5.5094281878858394e-05
1469655800926949390,negative,0.0004968209035082098
1469655818954027019,negative,0.04697785144406171
1469655819310481416,negative,0.022455432956626935
1469655844111405067,negative,0.002288034557958833
1469655853280157697,negative,6.584332731472318e-05
1469655855796826116,negative,1.3420611571771785e-14
1469655867985481732,negative,0.0011419766430112578
1469655873979101189,negative,1.5853283152131109e-09
1469655874528555012,negative,0.001360218360684184
1469655886985457664,negative,0.0009409951464017585
1469655908577910791,negative,0.001360218360684184
1469655939145945094,neutral,0.45516320844390745
1469655963191947268,neutral,0.45516320844390745
1469655981772705798,negative,1.6169526082965812e-10
1469655982997442564,negative,1.337097206692228e-17
1469655984553574404,negative,1.5202269692421875e-08
1469656034478379009,negative,0.030761919687574434
1469656044221644801,negative,0.00682626175518094
1469656105366310915,negative,1.2258395618855621e-05
1469656108973236232,negative,1.837681439112807e-08
1469656151100899330,negative,0.0005111024596867874
1469656151205810182,negative,0.00682626175518094
1469656152661278723,negative,2.7979443749806716e-06
1469656158474489864,negative,0.021284221297938468
1469656167496433671,negative,7.146147348614612e-12
1469656204100075525,negative,0.022455432956626935
1469656207204003845,negative,0.00045475492069457904
1469656251567153152,negative,0.03779927088177454
1469656273511755793,negative,0.00066299524290532
1469656328293560322,negative,1.820857255697328e-07
1469656337399390216,negative,0.019856171275974208
1469656341878874114,negative,0.00019924017223511587
1469656371759128577,negative,1.3550901083982023e-07
1469656380306952193,positive,0.7492229086231086
1469656427128135693,negative,0.0007262363793587596
1469656456412553218,negative,0.022455432956626935
1469656511987261443,negative,9.222807612734893e-05
1469656547554996227,negative,3.833316705344107e-06
1469656564252430339,negative,0.21851695812251756
1469656587690205188,negative,0.001360218360684184
1469656589477023747,neutral,0.45516320844390745
1469656601019748357,negative,7.734430684875898e-06
1469656645097639945,positive,0.9857271483396793
1469656648071405569,negative,3.7223587417192105e-06
1469656703717322757,positive,0.7013863768624289
1469656759446999042,negative,2.7979443749806716e-06
1469656780959531010,negative,3.4715121237535645e-05
1469656789801222145,positive,0.9857271483396793
1469656862983430146,negative,0.0005094064583995099
1469656866728906755,negative,9.93096401028121e-06
1469656887050313734,negative,0.0064651052502361405
1469656930478141447,negative,0.03230764945533287
1469656956411461639,negative,0.00014568188279869172
1469656959779586050,negative,1.0291220455721393e-06
1469656974451171334,negative,2.124776067215571e-06
1469656979475877891,negative,0.0076193954174306345
1469657003496599552,negative,1.9397163539985585e-09
1469657004411166727,negative,8.39556249242079e-07
1469657031535693831,positive,0.9996067229914676
1469657044470878216,negative,0.11505755486504021
1469657107859390470,negative,3.1923114907316716e-08
1469657109008683009,negative,2.7979443749806716e-06
1469657126008152065,neutral,0.35370257988090953
1469657136300888065,negative,0.0012786057610010672
1469657148598722563,negative,2.7979443749806716e-06
1469657150280642574,negative,0.0009409951464017585
1469657190676013056,negative,0.016627717460916666
1469657213430083585,positive,0.9944364023304004
1469657216215097353,negative,0.019023810455559734
1469657242471473155,neutral,0.3739267390239049
1469657297664327692,negative,4.979450885130944e-06
1469657299224518658,negative,0.00017513894811528607
1469657307919400969,negative,6.3655073808877015e-09
1469657330514026498,negative,0.02586492652068985
1469657344397262849,positive,0.9944364023304004
1469657385350451203,negative,1.3621318607897554e-08
1469657408410722306,positive,0.8667035497013996
1469657414588936197,negative,0.0003260081688024399
1469657467839815686,negative,1.7521857135779683e-08
1469657484361187328,negative,0.0011140944777589918
1469657526564233223,negative,0.00011596812236848775
1469657585968201733,negative,2.7983656802788654e-07
1469657653752352770,negative,8.5080371402151e-06
1469657658596761603,negative,9.93096401028121e-06
1469657677244645377,negative,4.004982361980188e-06
1469657678070833156,negative,0.00021127867553697764
1469657752372920330,negative,0.009346666405383298
1469657760581177345,negative,1.952600590481067e-06
1469657809805578246,negative,0.00724895687203191
1469657834950471684,negative,0.00018617268445342985
1469657835684380673,negative,2.7012692023729824e-14
1469657874884349953,negative,1.0968231407215973e-05
1469657883767984132,negative,0.001360218360684184
1469657896447356930,negative,9.218818454379463e-05
1469657911274188806,negative,6.832971376072715e-12
1469657919318806535,negative,2.5147689707527095e-08
1469657944820224000,negative,4.235360206597303e-09
1469657998066958337,negative,6.122284486821057e-08
1469658009102168071,negative,6.819360927559738e-08
1469658021370368001,negative,2.56615331561913e-12
1469659684965650436,negative,0.0670975128770527
1469659685800353795,negative,0.001360218360684184
1469659693392052225,negative,0.1580683756416
1469659718297825282,positive,0.7013863768624289
1469659759058067461,negative,0.1441589580092027
1469659765320163332,negative,0.00010646392211816958
1469659765953359874,negative,2.2543280325363975e-08
1469659792436350981,negative,0.20440837043744534
1469659800304865283,negative,1.9693741060814553e-09
1469659804838899717,negative,0.00682626175518094
1469659811008634880,negative,9.074826541041978e-06
1469659822308089858,negative,0.0012088711802282685
1469659822824083460,negative,3.833316705344107e-06
1469659834467377155,negative,0.10073965306253876
1469659850007265289,neutral,0.49789225920557484
1469659850703613954,neutral,0.45516320844390745
1469659872669179912,negative,1.4824636829455498e-16
1469659880659238922,negative,1.0684688798636149e-08
1469659887017807872,negative,0.00682626175518094
1469659898401198080,negative,0.0008659241078285544
1469659941522784259,negative,0.007603737208917189
1469659942323986434,negative,0.0960999181612948
1469659970874613764,negative,0.0773954536730353
1469660003879505926,negative,3.000089565417772e-10
1469660009067913225,negative,2.4686606829850933e-05
1469660028214853635,negative,0.00682626175518094
1469660040000950278,negative,0.05662796368540901
1469660053246554120,negative,0.0015272992953635945
1469660066840252416,positive,0.9996067229914676
1469660070367608834,negative,1.3621318607897554e-08
1469660070392778752,negative,0.00017172401116594582
1469660116278513666,negative,1.7266187481678116e-11
1469660159261749251,negative,0.1455806703693038
1469660185555869697,negative,2.8396269111456242e-06
1469660228253798409,negative,9.092861276503323e-06
1469660241558220800,negative,0.11322699094393618
1469660244712296460,negative,1.1627771449551785e-13
1469660279470534662,negative,0.00012714487990684318
1469660288299511809,negative,0.00682626175518094
1469660294146191364,negative,1.5853283152131109e-09
1469660302597840899,negative,0.0008659241078285544
1469660319081447424,negative,5.980004064709561e-05
1469660323242258441,negative,0.01145737121489959
1469660339923005445,negative,1.4286490989076489e-05
1469660380582629376,negative,0.000814693160237877
1469660402921316358,negative,1.2050952654026691e-08
1469660409707782144,negative,0.00682626175518094
1469660412195057667,negative,0.00682626175518094
1469660418364919811,negative,0.0002967946350247328
1469660485524074498,negative,0.001535941397367843
1469660485930917895,negative,1.5853283152131109e-09
1469660490515243009,negative,0.00512197575076078
1469660496471027713,negative,0.11505755486504021
1469660500699262981,negative,1.430757725799821e-05
1469660503207202822,neutral,0.42135061911218635
1469660511629316096,negative,0.014266169041796251
1469660523503534082,negative,0.00724895687203191
1469660533385269252,negative,0.003974577964396294
1469660565014470656,negative,4.781981996395493e-09
1469660572677455880,negative,0.00017172401116594582
1469660582823538688,negative,7.378270318259152e-09
1469660603140784132,negative,0.0013356658121926504
1469660611881619471,negative,0.0008659241078285544
1469660613433511939,negative,7.891118353716641e-06
1469660621088120835,negative,3.305691381720972e-14
1469660624720441348,negative,0.0008659241078285544
1469660626024898575,negative,0.021175947307394156
1469660649886294019,negative,8.693161671514911e-05
1469660662389526529,negative,0.11505755486504021
1469660680617922565,negative,0.0008231749166299802
1469660817683582987,negative,0.00011044339551892218
1469660868703051788,negative,7.795240855025901e-08
1469660882091261958,negative,1.083925617792191e-08
1469660892279324678,negative,4.004982361980188e-06
1469660915041722375,negative,0.00733483053586581
1469660923765870600,negative,2.695678060818574e-11
1469660934813671430,negative,0.007603737208917189
1469660957299417091,negative,0.0012497955782871627
1469660979667603456,negative,0.006915003195784769
1469661017143746564,negative,0.012541350707996762
1469661028581576705,negative,0.0025478878797583317
1469661048173207564,negative,0.011855978701353413
1469661066871377922,negative,1.3621318607897554e-08
1469661089331912710,neutral,0.49056348971267033
1469661139520868356,negative,0.008683415620232325
1469661143622844421,negative,0.0009409951464017585
1469661163143286791,negative,0.006494004946693783
1469661163344572417,negative,0.03230764945533287
1469661164665720834,positive,0.9944364023304004
1469661166070808576,negative,2.9409368817430885e-15
1469661166477746182,negative,1.5000898812808396e-09
1469661217920856065,negative,0.001360218360684184
1469661219959283712,neutral,0.45516320844390745
1469661224925335561,negative,1.7098621623330018e-06
1469661231116075014,negative,0.007603737208917189
1469661234215763974,negative,0.0006324499695555194
1469661246656069644,negative,0.00032797355975045704
1469661253475971077,negative,3.842113318677877e-06
1469661257729032198,negative,0.0002775807731812335
1469661265702305798,negative,1.0154344256569492e-05
1469661270475431944,neutral,0.45516320844390745
1469661284971036677,neutral,0.397005097700838
1469661306651295749,negative,0.0009409951464017585
1469661343582236679,positive,0.8667035497013996
1469661358660759553,negative,0.1023127571474223
1469661366759964676,neutral,0.45516320844390745
1469661370048253963,negative,0.007603737208917189
1469661387630784515,negative,0.003974577964396294
1469661408094793729,negative,2.7979443749806716e-06
1469661448246894600,negative,3.2516072974713407e-07
1469661458137075712,negative,0.0008659241078285544
1469661482673930242,negative,0.014868151295466281
1469661492043608070,neutral,0.45516320844390745
1469661506140786697,negative,3.833316705344107e-06
1469661512222584845,negative,0.003974577964396294
1469661514466566157,positive,0.8973016088634016
1469661526663569415,negative,3.1918475579626864e-07
1469661533504512005,negative,4.425898908805855e-06
1469661536968916998,positive,0.9996300362435454
1469661538583781381,negative,1.7674899633667336e-07
1469661556090757121,positive,0.9996067229914676
1469661590995841024,positive,0.9857271483396793
1469661601276088322,negative,0.021342715617620907
1469661608242601984,negative,2.913412216346401e-09
1469661626429231116,negative,2.7979443749806716e-06
1469661633249222657,negative,0.0017923978551327327
1469661633689669640,negative,0.0008659241078285544
1469661643772768258,negative,0.0001934375006294302
1469661662240247808,negative,0.041130336038127706
1469661710617305095,negative,0.014868151295466281
1469661718301270017,negative,1.256745612277796e-05
1469661739121786880,negative,0.0670975128770527
1469661740610859011,negative,2.7979443749806716e-06
1469661747548200962,negative,0.0670975128770527
1469661782860087304,negative,3.755276856102018e-06
1469661808885645318,negative,8.812962165185007e-09
1469661812740300800,negative,8.112144015120204e-13
1469661812979339265,negative,5.712143647900446e-14
1469661849218170897,positive,0.8667035497013996
1469661852741292032,negative,0.0595668033377513
1469663444747972608,negative,4.7529603777530855e-08
1469663460363538437,negative,2.2131673715645552e-08
1469663465832947725,negative,2.8344793323143064e-05
1469663471176458248,negative,1.6984490859558263e-06
1469663553556783110,negative,4.818922474084675e-06
1469663560779415552,negative,0.00682626175518094
1469663564038299655,positive,0.8973016088634016
1469663594145013764,negative,9.390256670891682e-05
1469663603749961728,negative,5.991610886782524e-10
1469663613917048917,negative,0.002107844771599052
1469663616920174595,negative,0.09004159017057597
1469663682686853120,negative,0.00045475492069457904
1469663692807671820,negative,0.007603737208917189
1469663727779786764,negative,1.060433208401536e-07
1469663727955894273,negative,3.833316705344107e-06
1469663732058009607,negative,3.965030842256322e-11
1469663747983790082,negative,0.03230764945533287
1469663760801579019,negative,4.339781191971883e-07
1469663783421366278,negative,0.003974577964396294
1469663793345187841,negative,0.00011985740383992996
1469663798269259777,negative,0.0002326379147126592
1469663813825875976,negative,3.3705276559208344e-11
1469663832536715268,negative,0.011621749461527869
1469663841843924997,negative,1.3662511373243667e-06
1469663842871517188,negative,0.000398443140624738
1469663847673909257,negative,0.11505755486504021
1469663855047491589,negative,9.390256670891682e-05
1469663899129630721,negative,0.04697785144406171
1469663909586116611,neutral,0.42289462879891776
1469663972240592902,negative,0.00682626175518094
1469663991924346885,negative,2.097510655400627e-10
1469663999725912064,negative,9.401141517564754e-06
1469664010815614976,negative,3.572481467342134e-07
1469664025948606470,negative,5.980004064709561e-05
1469664037981937666,negative,1.7566234500260234e-06
1469664047490605062,negative,0.07831834264356298
1469664065815523328,negative,2.525631641268119e-10
1469664075168849923,neutral,0.45516320844390745
1469664115538939906,negative,0.006494004946693783
1469664123235545096,negative,0.00682626175518094
1469664139995856899,negative,0.1023127571474223
1469664140583047170,neutral,0.45516320844390745
1469664142831218690,negative,0.00682626175518094
1469664152746479618,negative,0.00682626175518094
1469664158421561344,negative,0.00041128698957030387
1469664158903783426,negative,0.031140325643623422
1469664193418776578,neutral,0.49396462037191874
1469664301636018182,negative,2.940221032507962e-11
1469664305125724164,negative,0.11322699094393618
1469664325400936453,negative,1.067760905005745e-14
1469664344346607625,negative,0.006961791807215674
1469664392048480258,negative,1.2212260807884822e-06
1469664486822981632,negative,0.006961791807215674
1469664497661100032,negative,7.695992878978101e-08
1469664524479479809,neutral,0.605286231898208
1469664549695590401,negative,0.3243433491263904
1469664558688223238,negative,0.007603737208917189
1469664579580014593,negative,2.8344793323143064e-05
1469664616858800131,negative,0.04246962146948239
1469664617827901447,negative,1.1391224387358576e-05
1469664634680532995,negative,0.0005094064583995099
1469664640422400006,negative,0.0003552873633867383
1469664650849669122,negative,2.7979443749806716e-06
1469664676594130951,negative,0.03230764945533287
1469664765442080770,negative,2.2095172044191577e-08
1469664775827345408,negative,0.00293643326242504
1469664825554919433,negative,5.308034989728552e-12
1469664853837111298,negative,0.0009404688438170926
1469664900872085508,negative,3.6197898744963237e-05
1469664930332876806,negative,5.79039007364148e-06
1469664941707825153,negative,0.27273963362319464
1469664953359638538,negative,0.0007894043808814998
1469665014822879246,negative,0.022455432956626935
1469665058095521799,negative,2.7979443749806716e-06
1469665062608687112,negative,0.0011140944777589918
1469665109861617669,negative,3.936917422452699e-05
1469665229713911817,negative,2.7979443749806716e-06
1469665247690727424,negative,0.002676862912878867
1469665253558571018,negative,0.00011775686343411791
1469665268670636037,negative,0.003921781313610549
1469665280574033921,negative,3.580443049973926e-08
1469665315227410441,negative,5.558689707327056e-05
1469665348370632708,negative,0.0028174372059246704
1469665350287564802,negative,0.005155424065039087
1469665374908125190,negative,0.008162615723868661
1469665434408562692,negative,1.3532823690488084e-08
1469665444445442055,negative,0.0003191764141082631
1469665478016749568,negative,0.0005486431111434786
1469665527811526659,negative,0.24007054999619037
1469665605821378566,negative,0.01253863038222365
1469665611454242817,negative,0.01952753437098986
1469665620312707079,negative,7.651912532262155e-08
1469665646300565506,negative,0.013901307987341145
1469665649135919106,negative,4.536624979426554e-09
1469665666445758470,negative,0.04240670205746163
1469665672120700935,negative,0.00682626175518094
1469665687161421826,negative,0.0003260081688024399
1469665706585337860,negative,0.1879925557749095
1469667331290849293,negative,0.00682626175518094
1469667335048998912,negative,0.0009588289535278118
1469667339616636928,negative,7.3914278359608794e-09
1469667361108156420,negative,0.00682626175518094
1469667372571189253,negative,1.5853283152131109e-09
1469667410655469577,negative,9.453244448742212e-05
1469667416481353731,negative,7.801797010583264e-12
1469667431278956550,negative,0.03230764945533287
1469667488606609413,negative,0.0002336775969744794
1469667499465715722,negative,1.4289462402677e-13
1469667512837152775,negative,0.1613484570339575
1469667518893674496,negative,2.388838041299304e-06
1469667525973655555,negative,0.0009409951464017585
1469667541769465857,negative,6.877655702633565e-06
1469667553916207107,negative,0.007729692915880197
1469667567077896192,negative,0.0670975128770527
1469667590062714880,negative,6.877655702633565e-06
1469667654059401220,negative,0.11668878079371726
1469667660145340417,positive,0.8326978044965819
1469667667057549316,negative,6.877655702633565e-06
1469667689375350787,negative,0.004439418003578926
1469667699039080453,negative,3.833316705344107e-06
1469667712330780672,negative,1.785718697833509e-05
1469667720530735111,neutral,0.45516320844390745
1469667728348917762,negative,6.877655702633565e-06
1469667733386190849,negative,0.0055791241837022335
1469667784661639172,negative,0.0009409951464017585
1469667793331232776,negative,6.877655702633565e-06
1469667805326946306,negative,0.11505755486504021
1469667827422535682,negative,0.011553779291216546
1469667841561485319,negative,0.0011410980411903872
1469667842157072385,negative,0.005520880032584547
1469667852810600448,negative,6.877655702633565e-06
1469667855582957569,neutral,0.605286231898208
1469667872406491142,negative,0.003974577964396294
1469667886021160968,negative,0.0003852987730250424
1469667917218390018,negative,0.0006147893339142217
1469667947279003649,negative,0.014868151295466281
1469667955051012101,negative,1.162065532804897e-12
1469667985631682565,negative,6.877655702633565e-06
1469668003121881089,negative,0.16162955086206265
1469668024282198020,negative,0.27011410361632177
1469668041566961664,negative,0.006961791807215674
1469668048483373059,negative,3.0226176615093974e-07
1469668052908314625,negative,6.877655702633565e-06
1469668092313669634,negative,0.006494004946693783
1469668146726514694,negative,6.877655702633565e-06
1469668164355215361,neutral,0.5755436691302463
1469668180322889729,negative,0.018249063571313322
1469668284341518336,negative,0.11505755486504021
